  8.6303875e-001
  8.1469182e-001
  7.6415572e-001
  7.1147255e-001
  6.5668615e-001
  5.9984202e-001
  5.4098729e-001
  4.8017066e-001
  4.1744234e-001
  3.5285402e-001
  2.8645880e-001
  2.1831114e-001
  1.4846679e-001
  7.6982741e-002
  3.9171743e-003
 -7.0670619e-002
 -1.4672029e-001
 -2.2417049e-001
 -3.0295896e-001
 -3.8302257e-001
 -4.6429738e-001
 -5.4671873e-001
 -6.3022132e-001
 -7.1473923e-001
 -8.0020603e-001
 -8.8655482e-001
 -9.7371835e-001
 -1.0616290e+000
 -1.1502190e+000
 -1.2394203e+000
 -1.3291648e+000
 -1.4193844e+000
 -1.5100109e+000
 -1.6009764e+000
 -1.6922131e+000
 -1.7836535e+000
 -1.8752301e+000
 -1.9668763e+000
 -2.0585256e+000
 -2.1501121e+000
 -2.2415705e+000
 -2.3328362e+000
 -2.4238453e+000
 -2.5145346e+000
 -2.6048418e+000
 -2.6947056e+000
 -2.7840655e+000
 -2.8728621e+000
 -2.9610371e+000
 -3.0485334e+000
 -3.1352950e+000
 -3.2212672e+000
 -3.3063965e+000
 -3.3906308e+000
 -3.4739196e+000
 -3.5562136e+000
 -3.6374650e+000
 -3.7176277e+000
 -3.7966570e+000
 -3.8745099e+000
 -3.9511450e+000
 -4.0265228e+000
 -4.1006051e+000
 -4.1733559e+000
 -4.2447406e+000
 -4.3147266e+000
 -4.3832832e+000
 -4.4503813e+000
 -4.5159938e+000
 -4.5800956e+000
 -4.6426632e+000
 -4.7036754e+000
 -4.7631126e+000
 -4.8209572e+000
 -4.8771936e+000
 -4.9318082e+000
 -4.9847890e+000
 -5.0361263e+000
 -5.0858123e+000
 -5.1338408e+000
 -5.1802078e+000
 -5.2249112e+000
 -5.2679506e+000
 -5.3093276e+000
 -5.3490457e+000
 -5.3871100e+000
 -5.4235277e+000
 -5.4583076e+000
 -5.4914602e+000
 -5.5229980e+000
 -5.5529349e+000
 -5.5812866e+000
 -5.6080705e+000
 -5.6333053e+000
 -5.6570116e+000
 -5.6792113e+000
 -5.6999278e+000
 -5.7191859e+000
 -5.7370120e+000
 -5.7534334e+000
 -5.7684790e+000
 -5.7821790e+000
 -5.7945645e+000
 -5.8056678e+000
 -5.8155224e+000
 -5.8241627e+000
 -5.8316242e+000
 -5.8379431e+000
 -5.8431565e+000
 -5.8473024e+000
 -5.8504195e+000
 -5.8525470e+000
 -5.8537248e+000
 -5.8539934e+000
 -5.8533937e+000
 -5.8519671e+000
 -5.8497553e+000
 -5.8468001e+000
 -5.8431439e+000
 -5.8388290e+000
 -5.8338979e+000
 -5.8283930e+000
 -5.8223568e+000
 -5.8158317e+000
 -5.8088599e+000
 -5.8014835e+000
 -5.7937442e+000
 -5.7856833e+000
 -5.7773419e+000
 -5.7687605e+000
 -5.7599791e+000
 -5.7510372e+000
 -5.7419736e+000
 -5.7328264e+000
 -5.7236331e+000
 -5.7144302e+000
 -5.7052535e+000
 -5.6961379e+000
 -5.6871173e+000
 -5.6782245e+000
 -5.6694915e+000
 -5.6609490e+000
 -5.6526268e+000
 -5.6445533e+000
 -5.6367557e+000
 -5.6292602e+000
 -5.6220914e+000
 -5.6152728e+000
 -5.6088265e+000
 -5.6027730e+000
 -5.5971318e+000
 -5.5919206e+000
 -5.5871557e+000
 -5.5828521e+000
 -5.5790231e+000
 -5.5756805e+000
 -5.5728347e+000
 -5.5704944e+000
 -5.5686667e+000
 -5.5673572e+000
