  1.7247823e+001
  1.7379267e+001
  1.7727915e+001
  1.7374528e+001
  1.7844412e+001
  1.7302486e+001
  1.7575135e+001
  1.7271118e+001
  1.7140726e+001
  1.7367139e+001
  1.6940489e+001
  1.7503882e+001
  1.7254484e+001
  1.7716297e+001
  1.7694781e+001
  1.7296209e+001
  1.7483429e+001
  1.6907297e+001
  1.7385104e+001
  1.7276416e+001
  1.7430812e+001
  1.7753990e+001
  1.7247232e+001
  1.7542796e+001
  1.7019149e+001
  1.7176965e+001
  1.7562274e+001
  1.7376189e+001
  1.7812550e+001
  1.7159100e+001
  1.7122166e+001
  1.7391940e+001
  1.7260286e+001
  1.7817334e+001
  1.7261048e+001
  1.7111041e+001
  1.7476822e+001
  1.7275794e+001
  1.7732038e+001
  1.7307393e+001
  1.6955144e+001
  1.7539606e+001
  1.7412058e+001
  1.7588198e+001
  1.7371226e+001
  1.6894080e+001
  1.7683366e+001
  1.7646102e+001
  1.7083593e+001
  1.7334578e+001
  1.7289387e+001
  1.7529350e+001
  1.7582944e+001
  1.6952911e+001
  1.7432405e+001
  1.7768671e+001
  1.6991388e+001
  1.7196249e+001
  1.7667168e+001
  1.7271509e+001
  1.7250279e+001
  1.7413813e+001
  1.7342930e+001
  1.7432387e+001
  1.7270578e+001
  1.7246129e+001
  1.7601036e+001
  1.7317197e+001
  1.7079718e+001
  1.7608727e+001
  1.7497340e+001
  1.7034439e+001
  1.7465457e+001
  1.7593538e+001
  1.7102779e+001
  1.7322292e+001
  1.7581343e+001
  1.7258943e+001
  1.7307808e+001
  1.7460980e+001
  1.7371647e+001
  1.7437058e+001
  1.7253659e+001
  1.7286563e+001
  1.7703494e+001
  1.7215865e+001
  1.7005246e+001
  1.7802411e+001
  1.7451321e+001
  1.6936222e+001
  1.7554319e+001
  1.7503304e+001
  1.7274969e+001
  1.7344917e+001
  1.7077815e+001
  1.7579517e+001
  1.7628254e+001
  1.6902660e+001
  1.7363435e+001
  1.7530892e+001
  1.7354664e+001
  1.7499585e+001
  1.6950625e+001
  1.7371505e+001
  1.7815547e+001
  1.7282021e+001
  1.7413614e+001
  1.7055571e+001
  1.7241626e+001
  1.7817083e+001
  1.7267998e+001
  1.7400800e+001
  1.7123039e+001
  1.7142456e+001
  1.7784331e+001
  1.7356093e+001
  1.7554582e+001
  1.7157255e+001
  1.6958779e+001
  1.7476664e+001
  1.7243737e+001
  1.7804191e+001
  1.7454469e+001
  1.7230453e+001
  1.7307782e+001
  1.6860226e+001
  1.7475493e+001
  1.7284009e+001
  1.7656312e+001
  1.7700643e+001
  1.7300281e+001
  1.7548614e+001
  1.6910822e+001
  1.7291903e+001
  1.7102987e+001
  1.7300072e+001
  1.7627832e+001
  1.7338261e+001
  1.7849600e+001
  1.7328953e+001
  1.7647446e+001
  1.7320867e+001
  1.7211220e+001
  1.7338391e+001
  1.6895527e+001
  1.7371223e+001
  1.6898278e+001
  1.7345816e+001
  1.7167901e+001
  1.7253967e+001
  1.7529737e+001
  1.7213320e+001
  1.7792835e+001
  1.7246965e+001
  1.7757598e+001
  1.7579674e+001
  1.7623459e+001
  1.7478192e+001
  1.6437127e+001
  1.8635997e+001
