  1.7309784e+001
  1.7375262e+001
  1.7205122e+001
  1.6998521e+001
  1.7298854e+001
  1.6852931e+001
  1.7442392e+001
  1.7189617e+001
  1.7658081e+001
  1.7659138e+001
  1.7467359e+001
  1.7637711e+001
  1.6963416e+001
  1.7329526e+001
  1.6961963e+001
  1.7291893e+001
  1.7495745e+001
  1.7415649e+001
  1.7839286e+001
  1.7128886e+001
  1.7295679e+001
  1.7009939e+001
  1.7191857e+001
  1.7721307e+001
  1.7351877e+001
  1.7660689e+001
  1.7048971e+001
  1.7094336e+001
  1.7419114e+001
  1.7292261e+001
  1.7836636e+001
  1.7202207e+001
  1.7089092e+001
  1.7265177e+001
  1.7186056e+001
  1.7851268e+001
  1.7313870e+001
  1.7070021e+001
  1.7302182e+001
  1.7193562e+001
  1.7804929e+001
  1.7353579e+001
  1.6980744e+001
  1.7571252e+001
  1.7381826e+001
  1.7466719e+001
  1.7270152e+001
  1.6924096e+001
  1.7667601e+001
  1.7468251e+001
  1.6964483e+001
  1.7426694e+001
  1.7415644e+001
  1.7418893e+001
  1.7363184e+001
  1.6994101e+001
  1.7569880e+001
  1.7631367e+001
  1.6872145e+001
  1.7420217e+001
  1.7782517e+001
  1.7005977e+001
  1.7198760e+001
  1.7668437e+001
  1.7202179e+001
  1.7173104e+001
  1.7535698e+001
  1.7305835e+001
  1.7174712e+001
  1.7428399e+001
  1.7389866e+001
  1.7221271e+001
  1.7358953e+001
  1.7419674e+001
  1.7208847e+001
  1.7315277e+001
  1.7503026e+001
  1.7152661e+001
  1.7204613e+001
  1.7675368e+001
  1.7204371e+001
  1.6996982e+001
  1.7748886e+001
  1.7385003e+001
  1.6845925e+001
  1.7598252e+001
  1.7547400e+001
  1.6996099e+001
  1.7353830e+001
  1.7388497e+001
  1.7385078e+001
  1.7401550e+001
  1.6964539e+001
  1.7515633e+001
  1.7714086e+001
  1.6925951e+001
  1.7286015e+001
  1.7506108e+001
  1.7368521e+001
  1.7517418e+001
  1.6937934e+001
  1.7310558e+001
  1.7776048e+001
  1.7226681e+001
  1.7363402e+001
  1.7079715e+001
  1.7261026e+001
  1.7781723e+001
  1.7148728e+001
  1.7277243e+001
  1.7130066e+001
  1.7238166e+001
  1.7855743e+001
  1.7287114e+001
  1.7389689e+001
  1.7071125e+001
  1.7065281e+001
  1.7695267e+001
  1.7346118e+001
  1.7683588e+001
  1.7182575e+001
  1.7031002e+001
  1.7293758e+001
  1.7065633e+001
  1.7738429e+001
  1.7353061e+001
  1.7490247e+001
  1.7294148e+001
  1.6952361e+001
  1.7327734e+001
  1.6954810e+001
  1.7586517e+001
  1.7392149e+001
  1.7596925e+001
  1.7633161e+001
  1.7218601e+001
  1.7497186e+001
  1.6880323e+001
  1.7285403e+001
  1.6987215e+001
  1.7240627e+001
  1.7410304e+001
  1.7256015e+001
  1.7751325e+001
  1.7308385e+001
  1.7830977e+001
  1.7385082e+001
  1.7587310e+001
  1.7448643e+001
  1.7210002e+001
  1.7484991e+001
  1.6964097e+001
  1.7460276e+001
  1.6891739e+001
  1.7268480e+001
  1.7154665e+001
  1.7101318e+001
  1.7038279e+001
  1.5955481e+001
  1.8056083e+001
