  1.6985397e+001
  1.7477288e+001
  1.7290529e+001
  1.7580104e+001
  1.7688317e+001
  1.7305103e+001
  1.7554896e+001
  1.6958774e+001
  1.7366492e+001
  1.6962589e+001
  1.7264165e+001
  1.7372919e+001
  1.7277479e+001
  1.7724476e+001
  1.7255304e+001
  1.7607491e+001
  1.7020838e+001
  1.7123053e+001
  1.7248224e+001
  1.7174005e+001
  1.7757679e+001
  1.7275954e+001
  1.7537275e+001
  1.7083624e+001
  1.7013100e+001
  1.7417327e+001
  1.7231090e+001
  1.7786703e+001
  1.7203889e+001
  1.7109461e+001
  1.7213771e+001
  1.7078842e+001
  1.7742167e+001
  1.7259328e+001
  1.7226804e+001
  1.7236199e+001
  1.7092016e+001
  1.7780239e+001
  1.7273419e+001
  1.7124499e+001
  1.7339859e+001
  1.7218768e+001
  1.7778755e+001
  1.7243706e+001
  1.6911929e+001
  1.7494585e+001
  1.7306829e+001
  1.7399309e+001
  1.7182932e+001
  1.6993695e+001
  1.7760830e+001
  1.7358508e+001
  1.6901651e+001
  1.7540499e+001
  1.7426055e+001
  1.7230106e+001
  1.7317336e+001
  1.7208209e+001
  1.7570259e+001
  1.7378810e+001
  1.6926165e+001
  1.7579875e+001
  1.7516119e+001
  1.6802648e+001
  1.7452178e+001
  1.7687521e+001
  1.6872056e+001
  1.7244987e+001
  1.7699890e+001
  1.6989036e+001
  1.7137752e+001
  1.7748280e+001
  1.7117589e+001
  1.7002150e+001
  1.7764257e+001
  1.7286644e+001
  1.6863701e+001
  1.7676244e+001
  1.7462963e+001
  1.6824439e+001
  1.7529090e+001
  1.7573599e+001
  1.6892983e+001
  1.7320708e+001
  1.7509591e+001
  1.7164201e+001
  1.7292732e+001
  1.7214896e+001
  1.7400616e+001
  1.7518220e+001
  1.6894862e+001
  1.7343635e+001
  1.7745866e+001
  1.7006564e+001
  1.7201471e+001
  1.7410721e+001
  1.7353213e+001
  1.7556918e+001
  1.6930863e+001
  1.7241023e+001
  1.7781633e+001
  1.7202646e+001
  1.7309251e+001
  1.7113685e+001
  1.7277333e+001
  1.7772401e+001
  1.7059762e+001
  1.7181290e+001
  1.7188897e+001
  1.7283276e+001
  1.7805052e+001
  1.7126997e+001
  1.7244679e+001
  1.7123896e+001
  1.7184952e+001
  1.7756109e+001
  1.7233497e+001
  1.7441855e+001
  1.7019516e+001
  1.7086664e+001
  1.7556861e+001
  1.7288377e+001
  1.7744590e+001
  1.7129340e+001
  1.7183096e+001
  1.7079508e+001
  1.7005517e+001
  1.7599001e+001
  1.7266706e+001
  1.7761161e+001
  1.7283584e+001
  1.7313396e+001
  1.7190053e+001
  1.6916971e+001
  1.7353495e+001
  1.6988307e+001
  1.7607409e+001
  1.7316995e+001
  1.7644956e+001
  1.7563571e+001
  1.7358012e+001
  1.7549560e+001
  1.6974683e+001
  1.7364109e+001
  1.6835129e+001
  1.7227956e+001
  1.7005863e+001
  1.7127111e+001
  1.7319732e+001
  1.7076730e+001
  1.7591637e+001
  1.7119289e+001
  1.7696373e+001
  1.7266894e+001
  1.7626258e+001
  1.7649993e+001
  1.7539668e+001
  1.7571917e+001
  1.6400710e+001
  1.8523018e+001
