  1.6981994e+001
  1.7584786e+001
  1.7199284e+001
  1.7755325e+001
  1.7322300e+001
  1.7598265e+001
  1.7251880e+001
  1.7051471e+001
  1.7130385e+001
  1.6850497e+001
  1.7410480e+001
  1.7035850e+001
  1.7605796e+001
  1.7325099e+001
  1.7535990e+001
  1.7330810e+001
  1.6888527e+001
  1.7166111e+001
  1.6875389e+001
  1.7603516e+001
  1.7331011e+001
  1.7529021e+001
  1.7254412e+001
  1.6880661e+001
  1.7302656e+001
  1.7090412e+001
  1.7761375e+001
  1.7339883e+001
  1.7168585e+001
  1.7116091e+001
  1.6906089e+001
  1.7666716e+001
  1.7305222e+001
  1.7392306e+001
  1.7125386e+001
  1.6941200e+001
  1.7631851e+001
  1.7219693e+001
  1.7296941e+001
  1.7068007e+001
  1.7055588e+001
  1.7743560e+001
  1.7144103e+001
  1.7107184e+001
  1.7219165e+001
  1.7218477e+001
  1.7660860e+001
  1.6945011e+001
  1.7014775e+001
  1.7660256e+001
  1.7176982e+001
  1.7179991e+001
  1.7194609e+001
  1.7267909e+001
  1.7593533e+001
  1.6933926e+001
  1.7075107e+001
  1.7703152e+001
  1.6987785e+001
  1.7010166e+001
  1.7616161e+001
  1.7139852e+001
  1.7055024e+001
  1.7424169e+001
  1.7253084e+001
  1.7213421e+001
  1.7298781e+001
  1.7261018e+001
  1.7313370e+001
  1.7244589e+001
  1.7228741e+001
  1.7309863e+001
  1.7200357e+001
  1.7215764e+001
  1.7300738e+001
  1.7241286e+001
  1.7257689e+001
  1.7177610e+001
  1.7265076e+001
  1.7461415e+001
  1.7060268e+001
  1.7128896e+001
  1.7611456e+001
  1.7007634e+001
  1.7019624e+001
  1.7779231e+001
  1.7132103e+001
  1.6936435e+001
  1.7565123e+001
  1.7253380e+001
  1.7197407e+001
  1.7164018e+001
  1.7145832e+001
  1.7648644e+001
  1.7033966e+001
  1.6966535e+001
  1.7669829e+001
  1.7214331e+001
  1.7200205e+001
  1.7091249e+001
  1.7145586e+001
  1.7746209e+001
  1.7044327e+001
  1.7059287e+001
  1.7307249e+001
  1.7254737e+001
  1.7675875e+001
  1.6948857e+001
  1.7086610e+001
  1.7342633e+001
  1.7266115e+001
  1.7645009e+001
  1.6911225e+001
  1.7123669e+001
  1.7152430e+001
  1.7302266e+001
  1.7715166e+001
  1.7049094e+001
  1.7278945e+001
  1.6866494e+001
  1.7211601e+001
  1.7472910e+001
  1.7312755e+001
  1.7617345e+001
  1.6909777e+001
  1.7225180e+001
  1.6914351e+001
  1.7270878e+001
  1.7474297e+001
  1.7363186e+001
  1.7685974e+001
  1.7046017e+001
  1.7351037e+001
  1.6810608e+001
  1.7158437e+001
  1.7090108e+001
  1.7238057e+001
  1.7556849e+001
  1.7301297e+001
  1.7745957e+001
  1.7169783e+001
  1.7546372e+001
  1.6990144e+001
  1.7198953e+001
  1.6965324e+001
  1.6942803e+001
  1.7121958e+001
  1.6875660e+001
  1.7372013e+001
  1.6924543e+001
  1.7505661e+001
  1.7082789e+001
  1.7548560e+001
  1.7302093e+001
  1.7412386e+001
  1.7626241e+001
  1.7368063e+001
  1.7552017e+001
  1.6287677e+001
  1.8300937e+001
