  1.7359548e+001
  1.6978391e+001
  1.7044527e+001
  1.6965120e+001
  1.6828500e+001
  1.7136653e+001
  1.6992822e+001
  1.7625186e+001
  1.7180365e+001
  1.7611182e+001
  1.7017037e+001
  1.7225059e+001
  1.6821803e+001
  1.6950244e+001
  1.7126617e+001
  1.7114326e+001
  1.7555393e+001
  1.7081420e+001
  1.7395161e+001
  1.6732876e+001
  1.7095800e+001
  1.6994107e+001
  1.7302779e+001
  1.7453693e+001
  1.7018447e+001
  1.7207407e+001
  1.6698045e+001
  1.7366531e+001
  1.7222854e+001
  1.7346923e+001
  1.7114306e+001
  1.6706205e+001
  1.7292962e+001
  1.7089985e+001
  1.7503466e+001
  1.6948591e+001
  1.6868674e+001
  1.7364675e+001
  1.7157475e+001
  1.7438387e+001
  1.6760602e+001
  1.7011654e+001
  1.7438758e+001
  1.7046259e+001
  1.7170262e+001
  1.6799465e+001
  1.7367004e+001
  1.7508917e+001
  1.6724362e+001
  1.7227279e+001
  1.7282715e+001
  1.7167793e+001
  1.7124716e+001
  1.6847794e+001
  1.7468545e+001
  1.7143084e+001
  1.6699833e+001
  1.7539859e+001
  1.7249073e+001
  1.6815955e+001
  1.7296222e+001
  1.7165331e+001
  1.7040241e+001
  1.7142376e+001
  1.7131528e+001
  1.7272232e+001
  1.7043160e+001
  1.7031514e+001
  1.7348997e+001
  1.7017319e+001
  1.7041898e+001
  1.7434992e+001
  1.7052814e+001
  1.7013744e+001
  1.7326612e+001
  1.7019700e+001
  1.7029817e+001
  1.7249599e+001
  1.7135910e+001
  1.7152497e+001
  1.7032391e+001
  1.7186563e+001
  1.7335227e+001
  1.6814927e+001
  1.7203787e+001
  1.7483605e+001
  1.6680476e+001
  1.7182091e+001
  1.7505466e+001
  1.6836907e+001
  1.7140229e+001
  1.7204058e+001
  1.7270517e+001
  1.7226762e+001
  1.6744167e+001
  1.7465705e+001
  1.7301214e+001
  1.6782122e+001
  1.7185974e+001
  1.7087789e+001
  1.7497832e+001
  1.7029791e+001
  1.6744199e+001
  1.7430418e+001
  1.7126393e+001
  1.7306882e+001
  1.6838821e+001
  1.6944849e+001
  1.7501587e+001
  1.7088121e+001
  1.7291901e+001
  1.6713363e+001
  1.7122856e+001
  1.7340150e+001
  1.7199938e+001
  1.7332559e+001
  1.6655286e+001
  1.7163811e+001
  1.7000993e+001
  1.7470363e+001
  1.7327365e+001
  1.7005454e+001
  1.7087431e+001
  1.6707171e+001
  1.7370477e+001
  1.7088869e+001
  1.7590187e+001
  1.7129180e+001
  1.7109542e+001
  1.6929284e+001
  1.6791632e+001
  1.7183374e+001
  1.6998896e+001
  1.7615881e+001
  1.7144381e+001
  1.7542917e+001
  1.6959181e+001
  1.7169046e+001
  1.6845625e+001
  1.6940279e+001
  1.7005005e+001
  1.6924955e+001
  1.7300337e+001
  1.7046619e+001
  1.7581845e+001
  1.7118071e+001
  1.7622995e+001
  1.7062810e+001
  1.7439843e+001
  1.7013111e+001
  1.7255599e+001
  1.7026312e+001
  1.6987230e+001
  1.7020767e+001
  1.6732473e+001
  1.7166029e+001
  1.6745090e+001
  1.7085585e+001
  1.5773240e+001
  1.7544171e+001
