  1.7355355e+001
  1.7025321e+001
  1.7516192e+001
  1.7279586e+001
  1.7445489e+001
  1.7254757e+001
  1.7037015e+001
  1.7071784e+001
  1.6678454e+001
  1.7085350e+001
  1.6812203e+001
  1.7509215e+001
  1.7120239e+001
  1.7518435e+001
  1.6977819e+001
  1.6995449e+001
  1.6820010e+001
  1.6880309e+001
  1.7324038e+001
  1.7137292e+001
  1.7552221e+001
  1.6836981e+001
  1.7082006e+001
  1.6719816e+001
  1.7217039e+001
  1.7370663e+001
  1.7219826e+001
  1.7250664e+001
  1.6617926e+001
  1.7198817e+001
  1.7039868e+001
  1.7458053e+001
  1.7066012e+001
  1.6738861e+001
  1.7158296e+001
  1.7036709e+001
  1.7555242e+001
  1.6868430e+001
  1.6913604e+001
  1.7208932e+001
  1.7148305e+001
  1.7386396e+001
  1.6645676e+001
  1.7137694e+001
  1.7381251e+001
  1.7038778e+001
  1.7167991e+001
  1.6843629e+001
  1.7403594e+001
  1.7181675e+001
  1.6652254e+001
  1.7332264e+001
  1.7154949e+001
  1.7019415e+001
  1.7043718e+001
  1.7012123e+001
  1.7456464e+001
  1.6890038e+001
  1.6889880e+001
  1.7567978e+001
  1.6819807e+001
  1.6875153e+001
  1.7538005e+001
  1.6880258e+001
  1.6933390e+001
  1.7440254e+001
  1.6939956e+001
  1.6939307e+001
  1.7308901e+001
  1.7029585e+001
  1.7051550e+001
  1.7312291e+001
  1.7008911e+001
  1.6970133e+001
  1.7278443e+001
  1.6965374e+001
  1.6966923e+001
  1.7434786e+001
  1.6943728e+001
  1.6885367e+001
  1.7509218e+001
  1.6857718e+001
  1.6819430e+001
  1.7560649e+001
  1.6873726e+001
  1.6850419e+001
  1.7413932e+001
  1.7016601e+001
  1.7053884e+001
  1.7008456e+001
  1.7199591e+001
  1.7398631e+001
  1.6677151e+001
  1.7237950e+001
  1.7473285e+001
  1.6828022e+001
  1.7094520e+001
  1.6986648e+001
  1.7370383e+001
  1.7152261e+001
  1.6652983e+001
  1.7354919e+001
  1.7119802e+001
  1.7213368e+001
  1.6914331e+001
  1.6863222e+001
  1.7566632e+001
  1.7055589e+001
  1.7191822e+001
  1.6781356e+001
  1.7079964e+001
  1.7448019e+001
  1.7027882e+001
  1.7190404e+001
  1.6605287e+001
  1.7223863e+001
  1.7182219e+001
  1.7324188e+001
  1.7179670e+001
  1.6719418e+001
  1.7103710e+001
  1.6840682e+001
  1.7528677e+001
  1.7103072e+001
  1.7287231e+001
  1.6866268e+001
  1.6852810e+001
  1.7045611e+001
  1.7013901e+001
  1.7536675e+001
  1.7101564e+001
  1.7472710e+001
  1.6814729e+001
  1.7121468e+001
  1.6673665e+001
  1.7004423e+001
  1.6975501e+001
  1.7225395e+001
  1.7423677e+001
  1.7263821e+001
  1.7496951e+001
  1.6975812e+001
  1.7286208e+001
  1.6699250e+001
  1.7129745e+001
  1.6612626e+001
  1.7075646e+001
  1.6712628e+001
  1.7097595e+001
  1.6940435e+001
  1.7142784e+001
  1.7177933e+001
  1.7105264e+001
  1.7356067e+001
  1.7044333e+001
  1.7598402e+001
  1.7139070e+001
  1.7530034e+001
  1.6177909e+001
  1.7926553e+001
