  1.0865878e+001
  9.7996791e+000
  8.9227413e+000
  8.2679667e+000
  7.8639176e+000
  7.7333971e+000
  7.8922248e+000
  8.3482931e+000
  9.1009767e+000
  1.0140940e+001
  1.1450371e+001
  1.3003623e+001
  1.4768245e+001
  1.6706330e+001
  1.8776098e+001
  2.0933619e+001
  2.3134567e+001
  2.5335908e+001
  2.7497406e+001
  2.9582887e+001
  3.1561180e+001
  3.3406712e+001
  3.5099746e+001
  3.6626277e+001
  3.7977625e+001
  3.9149794e+001
  4.0142664e+001
  4.0959099e+001
  4.1604054e+001
  4.2083757e+001
  4.2405025e+001
  4.2574765e+001
  4.2599693e+001
  4.2486263e+001
  4.2240820e+001
  4.1869912e+001
  4.1380749e+001
  4.0781722e+001
  4.0082925e+001
  3.9296628e+001
  3.8437613e+001
  3.7523340e+001
  3.6573906e+001
  3.5611768e+001
  3.4661251e+001
  3.3747847e+001
  3.2897377e+001
  3.2135040e+001
  3.1484454e+001
  3.0966733e+001
  3.0599690e+001
  3.0397197e+001
  3.0368766e+001
  3.0519356e+001
  3.0849407e+001
  3.1355084e+001
  3.2028694e+001
  3.2859236e+001
  3.3833020e+001
  3.4934333e+001
  3.6146085e+001
  3.7450423e+001
  3.8829284e+001
  4.0264874e+001
  4.1740079e+001
  4.3238795e+001
  4.4746195e+001
  4.6248919e+001
  4.7735207e+001
  4.9194963e+001
  5.0619758e+001
  5.2002778e+001
  5.3338732e+001
  5.4623729e+001
  5.5855152e+001
  5.7031556e+001
  5.8152594e+001
  5.9219010e+001
  6.0232684e+001
  6.1196721e+001
  6.2115560e+001
  6.2995054e+001
  6.3842480e+001
  6.4666413e+001
  6.5476435e+001
  6.6282641e+001
  6.7094947e+001
  6.7922220e+001
  6.8771305e+001
  6.9646018e+001
  7.0546219e+001
  7.1467081e+001
  7.2398657e+001
  7.3325838e+001
  7.4228758e+001
  7.5083659e+001
  7.5864205e+001
  7.6543153e+001
  7.7094291e+001
  7.7494490e+001
  7.7725720e+001
  7.7776859e+001
  7.7645154e+001
  7.7337177e+001
  7.6869197e+001
  7.6266879e+001
  7.5564316e+001
  7.4802398e+001
  7.4026611e+001
  7.3284380e+001
  7.2622119e+001
  7.2082173e+001
  7.1699885e+001
  7.1500982e+001
  7.1499517e+001
  7.1696548e+001
  7.2079695e+001
  7.2623683e+001
  7.3291873e+001
  7.4038745e+001
  7.4813177e+001
  7.5562318e+001
  7.6235782e+001
  7.6789828e+001
  7.7191199e+001
  7.7420284e+001
  7.7473305e+001
  7.7363315e+001
  7.7119867e+001
  7.6787317e+001
  7.6421876e+001
  7.6087583e+001
  7.5851507e+001
  7.5778557e+001
  7.5926304e+001
  7.6340247e+001
  7.7049914e+001
  7.8066124e+001
  7.9379654e+001
  8.0961421e+001
  8.2764165e+001
  8.4725509e+001
  8.6772136e+001
  8.8824738e+001
  9.0803352e+001
  9.2632644e+001
  9.4246754e+001
  9.5593331e+001
  9.6636507e+001
  9.7358623e+001
  9.7760649e+001
  9.7861354e+001
  9.7695340e+001
  9.7310181e+001
  9.6762891e+001
  9.6116018e+001
  9.5433619e+001
  9.4777369e+001
  9.4202993e+001
  9.3757181e+001
