  1.7212576e+001
  1.6881267e+001
  1.7411006e+001
  1.6986235e+001
  1.7483678e+001
  1.6855972e+001
  1.7133776e+001
  1.6595291e+001
  1.6912937e+001
  1.6720881e+001
  1.7088069e+001
  1.7191886e+001
  1.7196438e+001
  1.7283046e+001
  1.6860429e+001
  1.7039263e+001
  1.6557672e+001
  1.7186026e+001
  1.6923494e+001
  1.7495398e+001
  1.6999362e+001
  1.7046646e+001
  1.6736130e+001
  1.6849296e+001
  1.7282005e+001
  1.7095666e+001
  1.7338768e+001
  1.6574876e+001
  1.6963412e+001
  1.6796128e+001
  1.7336294e+001
  1.7150213e+001
  1.6778464e+001
  1.6947985e+001
  1.6797605e+001
  1.7498104e+001
  1.6889170e+001
  1.6954821e+001
  1.6921822e+001
  1.7124662e+001
  1.7416544e+001
  1.6611988e+001
  1.7030055e+001
  1.7029709e+001
  1.7208523e+001
  1.7019878e+001
  1.6609871e+001
  1.7398338e+001
  1.6995006e+001
  1.6858325e+001
  1.7051618e+001
  1.6991179e+001
  1.7255025e+001
  1.6635701e+001
  1.7021932e+001
  1.7423580e+001
  1.6604513e+001
  1.6996862e+001
  1.7200254e+001
  1.6820346e+001
  1.7041525e+001
  1.7016370e+001
  1.7061751e+001
  1.6934476e+001
  1.6835810e+001
  1.7267115e+001
  1.6878173e+001
  1.6783707e+001
  1.7408323e+001
  1.6883106e+001
  1.6799167e+001
  1.7361186e+001
  1.6771768e+001
  1.6841521e+001
  1.7389679e+001
  1.6814772e+001
  1.6904008e+001
  1.7263545e+001
  1.6858810e+001
  1.6972732e+001
  1.7076056e+001
  1.7009200e+001
  1.7032638e+001
  1.6846359e+001
  1.7273479e+001
  1.7042807e+001
  1.6610436e+001
  1.7443716e+001
  1.7023919e+001
  1.6619718e+001
  1.7266429e+001
  1.6982589e+001
  1.6999125e+001
  1.6830012e+001
  1.7022026e+001
  1.7423586e+001
  1.6586513e+001
  1.6987768e+001
  1.7201401e+001
  1.7041276e+001
  1.7042357e+001
  1.6609681e+001
  1.7407883e+001
  1.7113019e+001
  1.6890976e+001
  1.6909277e+001
  1.6858776e+001
  1.7492572e+001
  1.6822044e+001
  1.6967753e+001
  1.6754246e+001
  1.7111076e+001
  1.7311062e+001
  1.6801078e+001
  1.6988398e+001
  1.6589243e+001
  1.7330828e+001
  1.7061273e+001
  1.7230728e+001
  1.6818880e+001
  1.6719475e+001
  1.7023127e+001
  1.6989601e+001
  1.7494706e+001
  1.6904156e+001
  1.7160349e+001
  1.6539514e+001
  1.6999040e+001
  1.6808971e+001
  1.7250075e+001
  1.7178254e+001
  1.7182970e+001
  1.7088534e+001
  1.6729096e+001
  1.6917539e+001
  1.6614473e+001
  1.7170559e+001
  1.6856790e+001
  1.7452652e+001
  1.6983779e+001
  1.7438573e+001
  1.6897526e+001
  1.7205221e+001
  1.6733659e+001
  1.6948319e+001
  1.6685319e+001
  1.6821543e+001
  1.6798146e+001
  1.6844522e+001
  1.7010280e+001
  1.6862063e+001
  1.7197716e+001
  1.6939450e+001
  1.7414180e+001
  1.6920597e+001
  1.7535247e+001
  1.7030584e+001
  1.7475478e+001
  1.6163529e+001
  1.7788833e+001
