  1.7001377e+001
  1.6698658e+001
  1.6895709e+001
  1.6528829e+001
  1.6984697e+001
  1.6673600e+001
  1.7285086e+001
  1.6933637e+001
  1.7492175e+001
  1.6916144e+001
  1.7185187e+001
  1.6608341e+001
  1.6850130e+001
  1.6719099e+001
  1.7112529e+001
  1.7241495e+001
  1.7121240e+001
  1.7127967e+001
  1.6624005e+001
  1.6932795e+001
  1.6645416e+001
  1.7375862e+001
  1.6970683e+001
  1.7245682e+001
  1.6659924e+001
  1.6812102e+001
  1.6901871e+001
  1.7043407e+001
  1.7265268e+001
  1.6668937e+001
  1.6960141e+001
  1.6654637e+001
  1.7395983e+001
  1.7044697e+001
  1.6906036e+001
  1.6802188e+001
  1.6854518e+001
  1.7483367e+001
  1.6797129e+001
  1.6953699e+001
  1.6742879e+001
  1.7171015e+001
  1.7153993e+001
  1.6538637e+001
  1.7094407e+001
  1.6986626e+001
  1.7208563e+001
  1.6760829e+001
  1.6755885e+001
  1.7462307e+001
  1.6715153e+001
  1.6798757e+001
  1.7016877e+001
  1.6972478e+001
  1.7019805e+001
  1.6643424e+001
  1.7267300e+001
  1.7036805e+001
  1.6487952e+001
  1.7354796e+001
  1.7008061e+001
  1.6613305e+001
  1.7226439e+001
  1.6915195e+001
  1.6792539e+001
  1.7115861e+001
  1.6922916e+001
  1.6913320e+001
  1.7024003e+001
  1.6956080e+001
  1.6925291e+001
  1.6924085e+001
  1.6959328e+001
  1.6975501e+001
  1.7014489e+001
  1.6911229e+001
  1.6912201e+001
  1.7085527e+001
  1.6778210e+001
  1.6922176e+001
  1.7230639e+001
  1.6600631e+001
  1.6992237e+001
  1.7367428e+001
  1.6526826e+001
  1.7035137e+001
  1.7232736e+001
  1.6626491e+001
  1.6995258e+001
  1.6954537e+001
  1.7046179e+001
  1.6835092e+001
  1.6708874e+001
  1.7432490e+001
  1.6743782e+001
  1.6733983e+001
  1.7147017e+001
  1.6945248e+001
  1.7081674e+001
  1.6540412e+001
  1.7172701e+001
  1.7191980e+001
  1.6748854e+001
  1.6938549e+001
  1.6751729e+001
  1.7422437e+001
  1.6820977e+001
  1.6781789e+001
  1.6872759e+001
  1.6987286e+001
  1.7328782e+001
  1.6609923e+001
  1.6928892e+001
  1.6664587e+001
  1.7296684e+001
  1.7071073e+001
  1.6897198e+001
  1.6785271e+001
  1.6641992e+001
  1.7244890e+001
  1.6952162e+001
  1.7339822e+001
  1.6626748e+001
  1.6923945e+001
  1.6613886e+001
  1.7127073e+001
  1.7101939e+001
  1.7164587e+001
  1.7030090e+001
  1.6690841e+001
  1.6857220e+001
  1.6609420e+001
  1.7169476e+001
  1.6888397e+001
  1.7465929e+001
  1.6950077e+001
  1.7325095e+001
  1.6676252e+001
  1.6960746e+001
  1.6513946e+001
  1.6885993e+001
  1.6691407e+001
  1.7006739e+001
  1.6980785e+001
  1.7175372e+001
  1.7222462e+001
  1.7144185e+001
  1.7244696e+001
  1.6984218e+001
  1.7173802e+001
  1.6753102e+001
  1.7074825e+001
  1.6609691e+001
  1.7049374e+001
  1.6460690e+001
  1.7041943e+001
  1.6538436e+001
  1.6970318e+001
  1.5682635e+001
  1.7153923e+001
