  1.6692330e+001
  1.6863503e+001
  1.6544839e+001
  1.6709739e+001
  1.6641489e+001
  1.6913242e+001
  1.7038473e+001
  1.7063457e+001
  1.7115900e+001
  1.6833745e+001
  1.6895253e+001
  1.6540018e+001
  1.6857450e+001
  1.6569858e+001
  1.7197756e+001
  1.6835298e+001
  1.7237511e+001
  1.6569140e+001
  1.6874607e+001
  1.6441891e+001
  1.7024290e+001
  1.6944676e+001
  1.7146837e+001
  1.6824261e+001
  1.6591518e+001
  1.6787314e+001
  1.6776067e+001
  1.7313448e+001
  1.6721572e+001
  1.6928545e+001
  1.6435489e+001
  1.7106724e+001
  1.6984094e+001
  1.6989736e+001
  1.6699159e+001
  1.6560423e+001
  1.7189173e+001
  1.6798272e+001
  1.6970619e+001
  1.6430149e+001
  1.7033336e+001
  1.7035350e+001
  1.6683384e+001
  1.6844970e+001
  1.6729088e+001
  1.7316247e+001
  1.6587767e+001
  1.6719444e+001
  1.7098942e+001
  1.6786710e+001
  1.6860425e+001
  1.6584757e+001
  1.7235428e+001
  1.6891142e+001
  1.6490049e+001
  1.7308494e+001
  1.6794848e+001
  1.6668842e+001
  1.6980265e+001
  1.6826959e+001
  1.6888649e+001
  1.6696477e+001
  1.7027837e+001
  1.6940780e+001
  1.6537668e+001
  1.7188172e+001
  1.6822756e+001
  1.6514544e+001
  1.7320745e+001
  1.6718374e+001
  1.6594840e+001
  1.7355776e+001
  1.6615261e+001
  1.6704591e+001
  1.7272334e+001
  1.6500146e+001
  1.6839034e+001
  1.7200588e+001
  1.6545279e+001
  1.6965380e+001
  1.7048703e+001
  1.6684307e+001
  1.6872951e+001
  1.6851286e+001
  1.7029376e+001
  1.6670855e+001
  1.6750373e+001
  1.7268911e+001
  1.6475339e+001
  1.6878889e+001
  1.7230112e+001
  1.6609813e+001
  1.6906428e+001
  1.6825207e+001
  1.7119750e+001
  1.6713485e+001
  1.6573004e+001
  1.7320875e+001
  1.6728468e+001
  1.6820804e+001
  1.6664226e+001
  1.7048125e+001
  1.7055700e+001
  1.6427748e+001
  1.6953083e+001
  1.6827101e+001
  1.7271997e+001
  1.6608553e+001
  1.6698261e+001
  1.6990974e+001
  1.7008867e+001
  1.7122597e+001
  1.6422131e+001
  1.6920661e+001
  1.6726581e+001
  1.7316390e+001
  1.6766830e+001
  1.6772762e+001
  1.6589053e+001
  1.6818651e+001
  1.7131724e+001
  1.6938477e+001
  1.7022962e+001
  1.6429706e+001
  1.6865582e+001
  1.6594466e+001
  1.7281891e+001
  1.6850541e+001
  1.7203468e+001
  1.6578590e+001
  1.6821819e+001
  1.6494814e+001
  1.6909391e+001
  1.6869856e+001
  1.7130303e+001
  1.7036716e+001
  1.6958117e+001
  1.6840160e+001
  1.6610588e+001
  1.6688476e+001
  1.6519112e+001
  1.6841829e+001
  1.6678144e+001
  1.7120574e+001
  1.6836238e+001
  1.7267493e+001
  1.6851432e+001
  1.7262889e+001
  1.6731945e+001
  1.7151669e+001
  1.6609626e+001
  1.7070840e+001
  1.6465005e+001
  1.6927676e+001
  1.6332274e+001
  1.6909568e+001
  1.6449715e+001
  1.6870690e+001
  1.5629516e+001
  1.6920629e+001
