  1.6584225e+001
  1.7101426e+001
  1.6679134e+001
  1.7045352e+001
  1.6626335e+001
  1.6950672e+001
  1.6321640e+001
  1.6655301e+001
  1.6299064e+001
  1.6931927e+001
  1.6625549e+001
  1.7182542e+001
  1.6640272e+001
  1.6930130e+001
  1.6269924e+001
  1.6739731e+001
  1.6409504e+001
  1.7044128e+001
  1.6704700e+001
  1.7010895e+001
  1.6430004e+001
  1.6646835e+001
  1.6516717e+001
  1.6920137e+001
  1.6890970e+001
  1.6701306e+001
  1.6537969e+001
  1.6425106e+001
  1.6981308e+001
  1.6728869e+001
  1.6936476e+001
  1.6273347e+001
  1.6832409e+001
  1.6633884e+001
  1.7056908e+001
  1.6443356e+001
  1.6533755e+001
  1.6787611e+001
  1.6857690e+001
  1.6831996e+001
  1.6214003e+001
  1.6950352e+001
  1.6711015e+001
  1.6816917e+001
  1.6344708e+001
  1.6766330e+001
  1.7039082e+001
  1.6374363e+001
  1.6766062e+001
  1.6653170e+001
  1.6912852e+001
  1.6425396e+001
  1.6660985e+001
  1.7114050e+001
  1.6283707e+001
  1.6776950e+001
  1.6819919e+001
  1.6562376e+001
  1.6667833e+001
  1.6649779e+001
  1.6893643e+001
  1.6415176e+001
  1.6769238e+001
  1.6969578e+001
  1.6258556e+001
  1.6961391e+001
  1.6787900e+001
  1.6274573e+001
  1.7161061e+001
  1.6601495e+001
  1.6376969e+001
  1.7156752e+001
  1.6391034e+001
  1.6595323e+001
  1.7134415e+001
  1.6269098e+001
  1.6806640e+001
  1.6974691e+001
  1.6259887e+001
  1.6982222e+001
  1.6774108e+001
  1.6403793e+001
  1.6895305e+001
  1.6667405e+001
  1.6689834e+001
  1.6577766e+001
  1.6831812e+001
  1.6801841e+001
  1.6298956e+001
  1.7074393e+001
  1.6595760e+001
  1.6397520e+001
  1.6937523e+001
  1.6674222e+001
  1.6760967e+001
  1.6345723e+001
  1.6985849e+001
  1.6736822e+001
  1.6361238e+001
  1.6838913e+001
  1.6720367e+001
  1.6962750e+001
  1.6229084e+001
  1.6830045e+001
  1.6845142e+001
  1.6778103e+001
  1.6524513e+001
  1.6465685e+001
  1.7107775e+001
  1.6643849e+001
  1.6782763e+001
  1.6233897e+001
  1.6963019e+001
  1.6737307e+001
  1.6928415e+001
  1.6399490e+001
  1.6554586e+001
  1.6714905e+001
  1.6881325e+001
  1.6897963e+001
  1.6477834e+001
  1.6603451e+001
  1.6420777e+001
  1.7028667e+001
  1.6721312e+001
  1.7038646e+001
  1.6359324e+001
  1.6691127e+001
  1.6275726e+001
  1.6944994e+001
  1.6638209e+001
  1.7176119e+001
  1.6585661e+001
  1.6859736e+001
  1.6263774e+001
  1.6673748e+001
  1.6317394e+001
  1.6881945e+001
  1.6602784e+001
  1.7115808e+001
  1.6735782e+001
  1.7094002e+001
  1.6557414e+001
  1.6803722e+001
  1.6326768e+001
  1.6656578e+001
  1.6254736e+001
  1.6673910e+001
  1.6339310e+001
  1.6788200e+001
  1.6448467e+001
  1.6906299e+001
  1.6565940e+001
  1.7042055e+001
  1.6639020e+001
  1.7111960e+001
  1.6785375e+001
  1.7139367e+001
  1.6031505e+001
  1.7112543e+001
