  1.6693194e+001
  1.6289207e+001
  1.6725869e+001
  1.6276833e+001
  1.6785791e+001
  1.6374254e+001
  1.6824829e+001
  1.6093715e+001
  1.6526030e+001
  1.6218156e+001
  1.6839658e+001
  1.6697705e+001
  1.7191725e+001
  1.6093774e+001
  1.6158474e+001
  1.5892302e+001
  1.6628933e+001
  1.6523529e+001
  1.6974026e+001
  1.5977064e+001
  1.6157129e+001
  1.6086409e+001
  1.6870074e+001
  1.6437340e+001
  1.6806193e+001
  1.6130317e+001
  1.6548841e+001
  1.6265124e+001
  1.6905391e+001
  1.6311779e+001
  1.6381701e+001
  1.6126361e+001
  1.6729398e+001
  1.6561038e+001
  1.6449736e+001
  1.6257483e+001
  1.6421894e+001
  1.6761544e+001
  1.6253358e+001
  1.6386813e+001
  1.6248693e+001
  1.6926927e+001
  1.6156326e+001
  1.6391634e+001
  1.6378344e+001
  1.6706940e+001
  1.6263205e+001
  1.6218663e+001
  1.6817871e+001
  1.6198935e+001
  1.6420473e+001
  1.6348539e+001
  1.6743857e+001
  1.6187470e+001
  1.6396078e+001
  1.6866191e+001
  1.6043514e+001
  1.6607935e+001
  1.6505307e+001
  1.6282516e+001
  1.6461609e+001
  1.6467308e+001
  1.6528864e+001
  1.6228334e+001
  1.6667805e+001
  1.6359816e+001
  1.6212203e+001
  1.6820007e+001
  1.6111895e+001
  1.6467787e+001
  1.6749200e+001
  1.6018557e+001
  1.6735010e+001
  1.6470742e+001
  1.6150828e+001
  1.6870138e+001
  1.6233636e+001
  1.6366539e+001
  1.6671555e+001
  1.6205537e+001
  1.6479914e+001
  1.6440420e+001
  1.6471101e+001
  1.6295822e+001
  1.6526854e+001
  1.6625877e+001
  1.6033041e+001
  1.6842092e+001
  1.6385490e+001
  1.6156398e+001
  1.6684363e+001
  1.6334221e+001
  1.6442978e+001
  1.6226877e+001
  1.6838724e+001
  1.6217360e+001
  1.6237989e+001
  1.6685530e+001
  1.6389987e+001
  1.6395733e+001
  1.6123453e+001
  1.6898093e+001
  1.6249265e+001
  1.6372152e+001
  1.6230962e+001
  1.6789400e+001
  1.6444986e+001
  1.6220600e+001
  1.6410628e+001
  1.6558389e+001
  1.6693022e+001
  1.6099408e+001
  1.6436345e+001
  1.6340606e+001
  1.6896575e+001
  1.6223235e+001
  1.6436863e+001
  1.6041932e+001
  1.6788454e+001
  1.6410580e+001
  1.6697241e+001
  1.6000204e+001
  1.6439481e+001
  1.6192614e+001
  1.6853699e+001
  1.6414339e+001
  1.6677000e+001
  1.6026119e+001
  1.6411987e+001
  1.6103349e+001
  1.6766404e+001
  1.6437146e+001
  1.6869413e+001
  1.6241245e+001
  1.6527832e+001
  1.5967542e+001
  1.6467314e+001
  1.6104906e+001
  1.6725262e+001
  1.6368377e+001
  1.6897342e+001
  1.6404559e+001
  1.6757191e+001
  1.6184172e+001
  1.6472341e+001
  1.6042252e+001
  1.6355234e+001
  1.6061254e+001
  1.6375025e+001
  1.6231080e+001
  1.6481797e+001
  1.6426430e+001
  1.6542811e+001
  1.6542076e+001
  1.6521089e+001
  1.6648416e+001
  1.6638689e+001
  1.6813191e+001
  1.5948781e+001
  1.6622205e+001
