  1.6499794e+001
  1.6019613e+001
  1.6449750e+001
  1.6110647e+001
  1.6743362e+001
  1.6690361e+001
  1.7250367e+001
  1.6470699e+001
  1.6480688e+001
  1.6248086e+001
  1.6412674e+001
  1.6221525e+001
  1.6626641e+001
  1.6217380e+001
  1.6216563e+001
  1.6228164e+001
  1.6393767e+001
  1.6363231e+001
  1.6446595e+001
  1.6072429e+001
  1.6363632e+001
  1.6847738e+001
  1.6770478e+001
  1.5979324e+001
  1.6293932e+001
  1.6551874e+001
  1.6754370e+001
  1.6006094e+001
  1.6181329e+001
  1.6199685e+001
  1.6805231e+001
  1.6429160e+001
  1.6602769e+001
  1.6008860e+001
  1.6754138e+001
  1.6315614e+001
  1.6421225e+001
  1.5955012e+001
  1.6669968e+001
  1.6448481e+001
  1.6321682e+001
  1.6211566e+001
  1.6532540e+001
  1.6658933e+001
  1.6010243e+001
  1.6539346e+001
  1.6398593e+001
  1.6583779e+001
  1.5934870e+001
  1.6615196e+001
  1.6464415e+001
  1.6049087e+001
  1.6511166e+001
  1.6362952e+001
  1.6428851e+001
  1.6088734e+001
  1.6753503e+001
  1.6271876e+001
  1.6110682e+001
  1.6794639e+001
  1.6039609e+001
  1.6435974e+001
  1.6561802e+001
  1.6181161e+001
  1.6465725e+001
  1.6383957e+001
  1.6390668e+001
  1.6344583e+001
  1.6402178e+001
  1.6368851e+001
  1.6306902e+001
  1.6467142e+001
  1.6297146e+001
  1.6380422e+001
  1.6444326e+001
  1.6373206e+001
  1.6361468e+001
  1.6356542e+001
  1.6486363e+001
  1.6202640e+001
  1.6535280e+001
  1.6406715e+001
  1.6038628e+001
  1.6792413e+001
  1.6106648e+001
  1.6265099e+001
  1.6728982e+001
  1.6065843e+001
  1.6438772e+001
  1.6348669e+001
  1.6487543e+001
  1.6100398e+001
  1.6521763e+001
  1.6648163e+001
  1.5946833e+001
  1.6557132e+001
  1.6345769e+001
  1.6505756e+001
  1.6015240e+001
  1.6650303e+001
  1.6479796e+001
  1.6178602e+001
  1.6332242e+001
  1.6414751e+001
  1.6600726e+001
  1.5946014e+001
  1.6451677e+001
  1.6307131e+001
  1.6737389e+001
  1.5970848e+001
  1.6424420e+001
  1.6304602e+001
  1.6812979e+001
  1.6177813e+001
  1.6290872e+001
  1.6148022e+001
  1.6679787e+001
  1.6454090e+001
  1.6402137e+001
  1.6051206e+001
  1.6326830e+001
  1.6459205e+001
  1.6685712e+001
  1.6386868e+001
  1.6254517e+001
  1.6075812e+001
  1.6344468e+001
  1.6430357e+001
  1.6666573e+001
  1.6407122e+001
  1.6389624e+001
  1.6046630e+001
  1.6276772e+001
  1.6164527e+001
  1.6619244e+001
  1.6418491e+001
  1.6757424e+001
  1.6263665e+001
  1.6508557e+001
  1.5970329e+001
  1.6361752e+001
  1.5942749e+001
  1.6512227e+001
  1.6150524e+001
  1.6738810e+001
  1.6319269e+001
  1.6794595e+001
  1.6364480e+001
  1.6734639e+001
  1.6317533e+001
  1.6552583e+001
  1.6223693e+001
  1.6346623e+001
  1.6144004e+001
  1.6167155e+001
  1.6145256e+001
  1.6179235e+001
  1.6266090e+001
  1.5477329e+001
  1.6023587e+001
