  1.6553863e+001
  1.6530487e+001
  1.7062424e+001
  1.6856691e+001
  1.6922772e+001
  1.6431868e+001
  1.6244392e+001
  1.5765623e+001
  1.5909493e+001
  1.6610818e+001
  1.6627812e+001
  1.6424721e+001
  1.6143348e+001
  1.6217045e+001
  1.5773956e+001
  1.6206795e+001
  1.6347606e+001
  1.7073358e+001
  1.6563936e+001
  1.6251901e+001
  1.5794970e+001
  1.6764217e+001
  1.6570108e+001
  1.6322509e+001
  1.5860769e+001
  1.6307109e+001
  1.6040153e+001
  1.6337092e+001
  1.6348844e+001
  1.6712501e+001
  1.6168206e+001
  1.6407699e+001
  1.6659729e+001
  1.6385531e+001
  1.6049428e+001
  1.6030829e+001
  1.6529690e+001
  1.6345180e+001
  1.6348471e+001
  1.5931613e+001
  1.6729057e+001
  1.6312815e+001
  1.6460937e+001
  1.6048789e+001
  1.6706668e+001
  1.6239484e+001
  1.6218446e+001
  1.6459052e+001
  1.6298793e+001
  1.6239623e+001
  1.6024885e+001
  1.6700116e+001
  1.5971299e+001
  1.6315034e+001
  1.6443845e+001
  1.6239638e+001
  1.6272214e+001
  1.6287369e+001
  1.6535945e+001
  1.5915981e+001
  1.6592084e+001
  1.6339215e+001
  1.5969978e+001
  1.6766417e+001
  1.6001009e+001
  1.6309129e+001
  1.6616986e+001
  1.5924651e+001
  1.6508071e+001
  1.6308729e+001
  1.6088584e+001
  1.6596552e+001
  1.6084668e+001
  1.6322041e+001
  1.6539762e+001
  1.5929321e+001
  1.6559815e+001
  1.6270639e+001
  1.6035158e+001
  1.6819224e+001
  1.5978932e+001
  1.6334899e+001
  1.6600351e+001
  1.5911323e+001
  1.6524335e+001
  1.6297892e+001
  1.6257781e+001
  1.6200623e+001
  1.6445575e+001
  1.6279548e+001
  1.5965351e+001
  1.6798755e+001
  1.6071297e+001
  1.6258094e+001
  1.6320615e+001
  1.6412277e+001
  1.6101940e+001
  1.6179353e+001
  1.6746221e+001
  1.6050154e+001
  1.6312083e+001
  1.6195704e+001
  1.6752266e+001
  1.5942949e+001
  1.6273688e+001
  1.6296302e+001
  1.6549097e+001
  1.6054932e+001
  1.6130597e+001
  1.6424462e+001
  1.6508313e+001
  1.6322650e+001
  1.5991613e+001
  1.6363380e+001
  1.6391656e+001
  1.6565129e+001
  1.5996075e+001
  1.6207171e+001
  1.6138525e+001
  1.6691910e+001
  1.6291183e+001
  1.6372162e+001
  1.5897664e+001
  1.6343385e+001
  1.6266680e+001
  1.6692738e+001
  1.6240866e+001
  1.6297110e+001
  1.5930963e+001
  1.6261936e+001
  1.6249549e+001
  1.6585795e+001
  1.6450457e+001
  1.6414280e+001
  1.6183397e+001
  1.6069434e+001
  1.6110051e+001
  1.6118795e+001
  1.6466955e+001
  1.6381620e+001
  1.6701152e+001
  1.6340966e+001
  1.6629686e+001
  1.6090628e+001
  1.6410096e+001
  1.5845685e+001
  1.6278818e+001
  1.5826829e+001
  1.6341340e+001
  1.5952949e+001
  1.6426486e+001
  1.6147630e+001
  1.6532855e+001
  1.6352028e+001
  1.6558184e+001
  1.6468886e+001
  1.6609276e+001
  1.6652411e+001
  1.5908809e+001
  1.6359743e+001
