  1.5750935e+001
  1.5876594e+001
  1.6295352e+001
  1.6656988e+001
  1.6659422e+001
  1.6562056e+001
  1.6141088e+001
  1.6010709e+001
  1.5775553e+001
  1.6494166e+001
  1.5864684e+001
  1.5934781e+001
  1.5882260e+001
  1.6858337e+001
  1.6332676e+001
  1.6501821e+001
  1.5780064e+001
  1.6299135e+001
  1.6090762e+001
  1.6655742e+001
  1.6147118e+001
  1.6464981e+001
  1.5663421e+001
  1.5827134e+001
  1.5875604e+001
  1.6828068e+001
  1.6212008e+001
  1.6248508e+001
  1.5964992e+001
  1.7006729e+001
  1.6260576e+001
  1.6170021e+001
  1.5779381e+001
  1.6442034e+001
  1.6168075e+001
  1.6471906e+001
  1.5720346e+001
  1.6270592e+001
  1.6277232e+001
  1.6277809e+001
  1.5919529e+001
  1.6405592e+001
  1.6639379e+001
  1.5947893e+001
  1.6057434e+001
  1.6297184e+001
  1.6783618e+001
  1.5787117e+001
  1.6308748e+001
  1.6304803e+001
  1.6371614e+001
  1.6013914e+001
  1.6446313e+001
  1.6415113e+001
  1.5750949e+001
  1.6610828e+001
  1.5971975e+001
  1.6025797e+001
  1.6305758e+001
  1.6241302e+001
  1.6174757e+001
  1.6198628e+001
  1.6500626e+001
  1.5892182e+001
  1.6432116e+001
  1.6293578e+001
  1.5876055e+001
  1.6638791e+001
  1.5927206e+001
  1.6241113e+001
  1.6587920e+001
  1.5763036e+001
  1.6579554e+001
  1.6215640e+001
  1.5912220e+001
  1.6643085e+001
  1.5857607e+001
  1.6291504e+001
  1.6462528e+001
  1.5912069e+001
  1.6486186e+001
  1.6170698e+001
  1.6163522e+001
  1.6234514e+001
  1.6337064e+001
  1.6188634e+001
  1.6092394e+001
  1.6628744e+001
  1.5796100e+001
  1.6343677e+001
  1.6381091e+001
  1.6021101e+001
  1.6262680e+001
  1.6243741e+001
  1.6362819e+001
  1.5770512e+001
  1.6595841e+001
  1.6171072e+001
  1.6179036e+001
  1.6090959e+001
  1.6495382e+001
  1.6224997e+001
  1.5939821e+001
  1.6372755e+001
  1.6301760e+001
  1.6322214e+001
  1.5795331e+001
  1.6492257e+001
  1.6225791e+001
  1.6426416e+001
  1.5775906e+001
  1.6449350e+001
  1.6207313e+001
  1.6531973e+001
  1.5802181e+001
  1.6277978e+001
  1.6084806e+001
  1.6636902e+001
  1.6012753e+001
  1.6236651e+001
  1.5822481e+001
  1.6504906e+001
  1.6199216e+001
  1.6556926e+001
  1.5884299e+001
  1.6238376e+001
  1.5868104e+001
  1.6544511e+001
  1.6212571e+001
  1.6628057e+001
  1.5974936e+001
  1.6239647e+001
  1.5788385e+001
  1.6292059e+001
  1.6139778e+001
  1.6595414e+001
  1.6329279e+001
  1.6439557e+001
  1.6173310e+001
  1.6089988e+001
  1.6013994e+001
  1.5935377e+001
  1.6195605e+001
  1.6061290e+001
  1.6472543e+001
  1.6182476e+001
  1.6669640e+001
  1.6204013e+001
  1.6646098e+001
  1.6075574e+001
  1.6469395e+001
  1.5975813e+001
  1.6325038e+001
  1.5943739e+001
  1.6157776e+001
  1.5926916e+001
  1.6113817e+001
  1.6089754e+001
  1.5435752e+001
  1.5774556e+001
