  1.5734734e+001
  1.6143617e+001
  1.6390776e+001
  1.7006959e+001
  1.6374262e+001
  1.6192390e+001
  1.5681867e+001
  1.6052097e+001
  1.5648055e+001
  1.6520729e+001
  1.6065313e+001
  1.6270547e+001
  1.6033838e+001
  1.6504154e+001
  1.5901118e+001
  1.6156875e+001
  1.5937574e+001
  1.6280731e+001
  1.6289226e+001
  1.6349687e+001
  1.5996891e+001
  1.6028554e+001
  1.5976273e+001
  1.6125298e+001
  1.6182543e+001
  1.6171371e+001
  1.6210932e+001
  1.6442862e+001
  1.6388985e+001
  1.6263866e+001
  1.5834082e+001
  1.6004191e+001
  1.6486040e+001
  1.6515207e+001
  1.5874919e+001
  1.6217484e+001
  1.5964665e+001
  1.6014259e+001
  1.5518204e+001
  1.6243072e+001
  1.6185953e+001
  1.6464750e+001
  1.5719962e+001
  1.6252618e+001
  1.6023651e+001
  1.6294364e+001
  1.6101524e+001
  1.6311584e+001
  1.6008844e+001
  1.5934991e+001
  1.6633442e+001
  1.5902787e+001
  1.6035736e+001
  1.5926280e+001
  1.6213356e+001
  1.5710603e+001
  1.6055961e+001
  1.6201462e+001
  1.5758466e+001
  1.6532576e+001
  1.6135626e+001
  1.6155876e+001
  1.6318311e+001
  1.6166108e+001
  1.6143740e+001
  1.6145385e+001
  1.6314173e+001
  1.5953197e+001
  1.6348463e+001
  1.6227344e+001
  1.5929748e+001
  1.6394051e+001
  1.5988378e+001
  1.6199900e+001
  1.6275256e+001
  1.5949070e+001
  1.6310290e+001
  1.6127441e+001
  1.6116976e+001
  1.6125483e+001
  1.6257625e+001
  1.6041019e+001
  1.6043347e+001
  1.6473678e+001
  1.5764733e+001
  1.6453077e+001
  1.6258704e+001
  1.5816533e+001
  1.6446755e+001
  1.6037764e+001
  1.6142630e+001
  1.5998621e+001
  1.6495455e+001
  1.5837315e+001
  1.6113612e+001
  1.6429203e+001
  1.5996838e+001
  1.6118502e+001
  1.6131545e+001
  1.6510251e+001
  1.5722705e+001
  1.6324495e+001
  1.6146060e+001
  1.6380658e+001
  1.5742988e+001
  1.6327845e+001
  1.6224529e+001
  1.6280116e+001
  1.5813374e+001
  1.6216666e+001
  1.6311916e+001
  1.6287304e+001
  1.5908642e+001
  1.6036037e+001
  1.6278969e+001
  1.6388690e+001
  1.6073299e+001
  1.5903105e+001
  1.6015233e+001
  1.6344205e+001
  1.6312940e+001
  1.6155769e+001
  1.5841635e+001
  1.6047894e+001
  1.6144743e+001
  1.6517779e+001
  1.6194696e+001
  1.6224983e+001
  1.5749851e+001
  1.6126839e+001
  1.5931858e+001
  1.6545042e+001
  1.6141294e+001
  1.6495603e+001
  1.5856230e+001
  1.6169469e+001
  1.5701337e+001
  1.6216723e+001
  1.5975971e+001
  1.6411868e+001
  1.6230486e+001
  1.6395592e+001
  1.6260323e+001
  1.6123542e+001
  1.6096056e+001
  1.5805968e+001
  1.6070258e+001
  1.5710307e+001
  1.6167571e+001
  1.5768215e+001
  1.6334528e+001
  1.5938422e+001
  1.6464512e+001
  1.6074271e+001
  1.6440253e+001
  1.6179019e+001
  1.6487087e+001
  1.6433439e+001
  1.5855399e+001
  1.6117597e+001
