  1.5430307e+001
  1.5265207e+001
  1.5483440e+001
  1.6298245e+001
  1.5497811e+001
  1.5414122e+001
  1.6036144e+001
  1.6206956e+001
  1.6120169e+001
  1.5516034e+001
  1.6018434e+001
  1.5878772e+001
  1.6471765e+001
  1.6057250e+001
  1.6538543e+001
  1.6007062e+001
  1.6144659e+001
  1.5336612e+001
  1.5529030e+001
  1.6050404e+001
  1.6512795e+001
  1.5939856e+001
  1.5528037e+001
  1.6166558e+001
  1.6508377e+001
  1.5786539e+001
  1.5325169e+001
  1.5627706e+001
  1.5524968e+001
  1.6263050e+001
  1.6073969e+001
  1.5978681e+001
  1.5622906e+001
  1.6037095e+001
  1.5808446e+001
  1.5858719e+001
  1.5584312e+001
  1.6146511e+001
  1.5879082e+001
  1.5944789e+001
  1.6186586e+001
  1.5824334e+001
  1.5538302e+001
  1.5886671e+001
  1.6314784e+001
  1.5593651e+001
  1.5442024e+001
  1.5626764e+001
  1.6429135e+001
  1.5569383e+001
  1.5807382e+001
  1.5931378e+001
  1.6396870e+001
  1.5834328e+001
  1.6368059e+001
  1.6136457e+001
  1.5625462e+001
  1.6170401e+001
  1.5528454e+001
  1.6027367e+001
  1.6174281e+001
  1.6146703e+001
  1.5853787e+001
  1.5681347e+001
  1.5667585e+001
  1.5822145e+001
  1.6307594e+001
  1.5623111e+001
  1.6236443e+001
  1.6126314e+001
  1.5767308e+001
  1.6755529e+001
  1.5873970e+001
  1.5767934e+001
  1.5806544e+001
  1.5624354e+001
  1.6239540e+001
  1.5711965e+001
  1.5937554e+001
  1.6198138e+001
  1.6014373e+001
  1.5879893e+001
  1.6045560e+001
  1.6116819e+001
  1.5568690e+001
  1.6205399e+001
  1.5644930e+001
  1.6169443e+001
  1.6433911e+001
  1.5674001e+001
  1.5991085e+001
  1.5936091e+001
  1.5992789e+001
  1.5527667e+001
  1.6418090e+001
  1.5736348e+001
  1.5747188e+001
  1.5789080e+001
  1.6124459e+001
  1.5687907e+001
  1.5895044e+001
  1.6139185e+001
  1.5885356e+001
  1.5896272e+001
  1.5973652e+001
  1.6212217e+001
  1.5688706e+001
  1.5756855e+001
  1.5870510e+001
  1.6255064e+001
  1.5699264e+001
  1.5891897e+001
  1.5843011e+001
  1.6230524e+001
  1.5846135e+001
  1.5817824e+001
  1.5775002e+001
  1.6231678e+001
  1.6079230e+001
  1.5861795e+001
  1.5666691e+001
  1.5781850e+001
  1.6152630e+001
  1.6067043e+001
  1.6078620e+001
  1.5595997e+001
  1.5879059e+001
  1.5679919e+001
  1.6319705e+001
  1.5902907e+001
  1.6227909e+001
  1.5580803e+001
  1.5871606e+001
  1.5543874e+001
  1.6007700e+001
  1.6029048e+001
  1.6207442e+001
  1.6128402e+001
  1.5854982e+001
  1.5976094e+001
  1.5528591e+001
  1.5905061e+001
  1.5516060e+001
  1.6074711e+001
  1.5779899e+001
  1.6256339e+001
  1.6050028e+001
  1.6181240e+001
  1.6122787e+001
  1.5934049e+001
  1.6150353e+001
  1.5685614e+001
  1.6057796e+001
  1.5521877e+001
  1.5959424e+001
  1.5446920e+001
  1.5885382e+001
  1.5667715e+001
  1.5316932e+001
  1.5292416e+001
