  1.5351067e+001
  1.5095506e+001
  1.5767623e+001
  1.5983725e+001
  1.6367364e+001
  1.6208195e+001
  1.6783352e+001
  1.5930631e+001
  1.5973454e+001
  1.5452883e+001
  1.5731246e+001
  1.5999921e+001
  1.6282278e+001
  1.5679790e+001
  1.5478684e+001
  1.6255421e+001
  1.5779116e+001
  1.6046067e+001
  1.5732348e+001
  1.6271550e+001
  1.5768383e+001
  1.5933412e+001
  1.4947855e+001
  1.5345725e+001
  1.6208976e+001
  1.6486956e+001
  1.5623968e+001
  1.5876190e+001
  1.5679962e+001
  1.5616481e+001
  1.5766877e+001
  1.5833138e+001
  1.6192602e+001
  1.6231477e+001
  1.6103044e+001
  1.5744637e+001
  1.5794997e+001
  1.5845644e+001
  1.5895337e+001
  1.5655355e+001
  1.6300684e+001
  1.6299956e+001
  1.5938877e+001
  1.6172465e+001
  1.5851412e+001
  1.5534048e+001
  1.5725547e+001
  1.6581617e+001
  1.5724057e+001
  1.5762144e+001
  1.5581946e+001
  1.5924760e+001
  1.5577685e+001
  1.6166153e+001
  1.5616978e+001
  1.5506500e+001
  1.5917067e+001
  1.6284291e+001
  1.6008235e+001
  1.6147452e+001
  1.6600996e+001
  1.5450026e+001
  1.5766859e+001
  1.5299004e+001
  1.5872792e+001
  1.6495977e+001
  1.5496603e+001
  1.5967514e+001
  1.5631668e+001
  1.5764879e+001
  1.6081610e+001
  1.5446275e+001
  1.5980167e+001
  1.5571637e+001
  1.5883733e+001
  1.6551420e+001
  1.5511565e+001
  1.6222312e+001
  1.5748442e+001
  1.5660026e+001
  1.6289116e+001
  1.5284986e+001
  1.5860710e+001
  1.5612896e+001
  1.5583490e+001
  1.5836836e+001
  1.6019204e+001
  1.5838299e+001
  1.5607627e+001
  1.5814321e+001
  1.5466294e+001
  1.6408958e+001
  1.5780858e+001
  1.5701858e+001
  1.5642523e+001
  1.6120573e+001
  1.5517977e+001
  1.6031878e+001
  1.6252616e+001
  1.5863987e+001
  1.5563697e+001
  1.6035544e+001
  1.6159066e+001
  1.5570478e+001
  1.5549969e+001
  1.6009053e+001
  1.6049651e+001
  1.5564192e+001
  1.5902840e+001
  1.5918974e+001
  1.5834435e+001
  1.5612572e+001
  1.5770490e+001
  1.6129214e+001
  1.6024145e+001
  1.5786439e+001
  1.5638902e+001
  1.5921625e+001
  1.5764620e+001
  1.5924110e+001
  1.5422842e+001
  1.5860834e+001
  1.5611694e+001
  1.6136391e+001
  1.5643341e+001
  1.5890638e+001
  1.5462191e+001
  1.6027585e+001
  1.5842290e+001
  1.6060934e+001
  1.5976172e+001
  1.5729857e+001
  1.5725174e+001
  1.5498233e+001
  1.6061629e+001
  1.5713472e+001
  1.6148776e+001
  1.5724245e+001
  1.6042733e+001
  1.5645072e+001
  1.5693596e+001
  1.5639163e+001
  1.5591742e+001
  1.6077911e+001
  1.5715677e+001
  1.6087942e+001
  1.5639365e+001
  1.6097484e+001
  1.5855945e+001
  1.6011864e+001
  1.5931320e+001
  1.5699634e+001
  1.5915888e+001
  1.5454017e+001
  1.5919469e+001
  1.5366129e+001
  1.5873862e+001
  1.5543642e+001
  1.5351429e+001
  1.5206505e+001
