  2.3579231e+001
  2.5615956e+001
  2.7911416e+001
  3.0452245e+001
  3.3205871e+001
  3.6122312e+001
  3.9138133e+001
  4.2182247e+001
  4.5183034e+001
  4.8076011e+001
  5.0811226e+001
  5.3359511e+001
  5.5716832e+001
  5.7906152e+001
  5.9976474e+001
  6.1999066e+001
  6.4061137e+001
  6.6257585e+001
  6.8681612e+001
  7.1415208e+001
  7.4520491e+001
  7.8032859e+001
  8.1956732e+001
  8.6264378e+001
  9.0898021e+001
  9.5775077e+001
  1.0079602e+002
  1.0585410e+002
  1.1084590e+002
  1.1568161e+002
  1.2029391e+002
  1.2464445e+002
  1.2872718e+002
  1.3256799e+002
  1.3622075e+002
  1.3976005e+002
  1.4327135e+002
  1.4683981e+002
  1.5053893e+002
  1.5442047e+002
  1.5850693e+002
  1.6278752e+002
  1.6721831e+002
  1.7172653e+002
  1.7621873e+002
  1.8059176e+002
  1.8474554e+002
  1.8859585e+002
  1.9208602e+002
  1.9519593e+002
  1.9794755e+002
  2.0040630e+002
  2.0267824e+002
  2.0490326e+002
  2.0724501e+002
  2.0987845e+002
  2.1297597e+002
  2.1669327e+002
  2.2115594e+002
  2.2644775e+002
  2.3260159e+002
  2.3959362e+002
  2.4734155e+002
  2.5570707e+002
  2.6450291e+002
  2.7350405e+002
  2.8246275e+002
  2.9112617e+002
  2.9925541e+002
  3.0664421e+002
  3.1313573e+002
  3.1863563e+002
  3.2312035e+002
  3.2663945e+002
  3.2931203e+002
  3.3131735e+002
  3.3288075e+002
  3.3425593e+002
  3.3570542e+002
  3.3748067e+002
  3.3980335e+002
  3.4284919e+002
  3.4673543e+002
  3.5151263e+002
  3.5716134e+002
  3.6359402e+002
  3.7066202e+002
  3.7816758e+002
  3.8588003e+002
  3.9355533e+002
  4.0095741e+002
  4.0787959e+002
  4.1416398e+002
  4.1971667e+002
  4.2451696e+002
  4.2861899e+002
  4.3214524e+002
  4.3527221e+002
  4.3820935e+002
  4.4117373e+002
  4.4436301e+002
  4.4793025e+002
  4.5196346e+002
  4.5647270e+002
  4.6138659e+002
  4.6655876e+002
  4.7178401e+002
  4.7682232e+002
  4.8142814e+002
  4.8538170e+002
  4.8851860e+002
  4.9075420e+002
  4.9209972e+002
  4.9266788e+002
  4.9266678e+002
  4.9238231e+002
  4.9215024e+002
  4.9232070e+002
  4.9321857e+002
  4.9510402e+002
  4.9813772e+002
  5.0235510e+002
  5.0765316e+002
  5.1379236e+002
  5.2041444e+002
  5.2707534e+002
  5.3329039e+002
  5.3858757e+002
  5.4256317e+002
  5.4493359e+002
  5.4557713e+002
  5.4456024e+002
  5.4214449e+002
  5.3877212e+002
  5.3503089e+002
  5.3160097e+002
  5.2918904e+002
  5.2845637e+002
  5.2994855e+002
  5.3403447e+002
  5.4086172e+002
  5.5033318e+002
  5.6210804e+002
  5.7562720e+002
  5.9016060e+002
  6.0487155e+002
  6.1889137e+002
  6.3139644e+002
  6.4168005e+002
  6.4921194e+002
  6.5368022e+002
  6.5501239e+002
  6.5337457e+002
  6.4915033e+002
  6.4290229e+002
  6.3532108e+002
  6.2716684e+002
  6.1920844e+002
  6.1216517e+002
  6.0665465e+002
