  1.6154107e+001
  1.5906624e+001
  1.6577681e+001
  1.6084793e+001
  1.6183260e+001
  1.5864549e+001
  1.6408260e+001
  1.5749350e+001
  1.5961396e+001
  1.6149180e+001
  1.5890772e+001
  1.5695532e+001
  1.5505870e+001
  1.5811010e+001
  1.5542470e+001
  1.6677469e+001
  1.6274925e+001
  1.6315410e+001
  1.5710095e+001
  1.5779359e+001
  1.5734395e+001
  1.5981118e+001
  1.5567018e+001
  1.5441832e+001
  1.6556356e+001
  1.6348385e+001
  1.6094022e+001
  1.5673883e+001
  1.5890785e+001
  1.5504454e+001
  1.6429036e+001
  1.6127906e+001
  1.6356822e+001
  1.5795056e+001
  1.6535011e+001
  1.6088678e+001
  1.6038592e+001
  1.5612778e+001
  1.6645056e+001
  1.6049056e+001
  1.6204812e+001
  1.6033927e+001
  1.6643048e+001
  1.5647718e+001
  1.5661095e+001
  1.5863819e+001
  1.6680264e+001
  1.5776458e+001
  1.5972580e+001
  1.6005196e+001
  1.6045262e+001
  1.5856261e+001
  1.6543158e+001
  1.6100822e+001
  1.5673538e+001
  1.6064245e+001
  1.5659240e+001
  1.6725638e+001
  1.6155698e+001
  1.6091828e+001
  1.6155001e+001
  1.5764431e+001
  1.5397476e+001
  1.5986061e+001
  1.6334600e+001
  1.5956040e+001
  1.6391759e+001
  1.5456151e+001
  1.6023079e+001
  1.6140747e+001
  1.5520920e+001
  1.6216932e+001
  1.5496469e+001
  1.5987722e+001
  1.6142586e+001
  1.5721213e+001
  1.6149469e+001
  1.5552598e+001
  1.5776355e+001
  1.5760308e+001
  1.5737737e+001
  1.5871538e+001
  1.5734250e+001
  1.5769319e+001
  1.5780273e+001
  1.6183558e+001
  1.5678532e+001
  1.6474322e+001
  1.5867748e+001
  1.5932970e+001
  1.6537267e+001
  1.6169651e+001
  1.5895928e+001
  1.5939997e+001
  1.6273190e+001
  1.5706928e+001
  1.6372172e+001
  1.6090584e+001
  1.6100291e+001
  1.5578085e+001
  1.6260027e+001
  1.5721510e+001
  1.5991823e+001
  1.5590699e+001
  1.5954079e+001
  1.5536937e+001
  1.6074712e+001
  1.5978199e+001
  1.6493890e+001
  1.5661382e+001
  1.6164281e+001
  1.5956585e+001
  1.6232373e+001
  1.5542733e+001
  1.5964160e+001
  1.5977546e+001
  1.6540919e+001
  1.5857633e+001
  1.5965567e+001
  1.5922680e+001
  1.6274405e+001
  1.6200757e+001
  1.5835853e+001
  1.5788242e+001
  1.5641013e+001
  1.6131768e+001
  1.5992228e+001
  1.6478497e+001
  1.5692414e+001
  1.5954008e+001
  1.5676244e+001
  1.6162072e+001
  1.6133853e+001
  1.6228447e+001
  1.6182738e+001
  1.5710302e+001
  1.5932008e+001
  1.5599658e+001
  1.6200603e+001
  1.5917839e+001
  1.6386116e+001
  1.6093901e+001
  1.6175693e+001
  1.6277972e+001
  1.5850498e+001
  1.5961073e+001
  1.5517818e+001
  1.6043259e+001
  1.5549368e+001
  1.5835311e+001
  1.5839094e+001
  1.5904449e+001
  1.6117098e+001
  1.5906597e+001
  1.6528180e+001
  1.5977622e+001
  1.6512965e+001
  1.6099163e+001
  1.5995704e+001
  1.5816226e+001
