  1.7069520e+001
  1.6394374e+001
  1.6808501e+001
  1.6529879e+001
  1.7016512e+001
  1.6914042e+001
  1.7192193e+001
  1.6588262e+001
  1.6459412e+001
  1.7126471e+001
  1.6299835e+001
  1.6249589e+001
  1.6423115e+001
  1.7416750e+001
  1.6668142e+001
  1.6774342e+001
  1.6736565e+001
  1.6752363e+001
  1.6907198e+001
  1.6462934e+001
  1.6290150e+001
  1.6109329e+001
  1.6674951e+001
  1.6656612e+001
  1.7844304e+001
  1.6745891e+001
  1.6364787e+001
  1.6331677e+001
  1.7177209e+001
  1.7006699e+001
  1.6892048e+001
  1.6554652e+001
  1.6997754e+001
  1.6929026e+001
  1.6654408e+001
  1.6648726e+001
  1.6816791e+001
  1.6763308e+001
  1.6540430e+001
  1.6674604e+001
  1.6865675e+001
  1.6919979e+001
  1.6551621e+001
  1.6466899e+001
  1.6465129e+001
  1.6595822e+001
  1.7052189e+001
  1.6716856e+001
  1.6426030e+001
  1.6810383e+001
  1.7578254e+001
  1.6418152e+001
  1.7050209e+001
  1.6901742e+001
  1.6601530e+001
  1.6185987e+001
  1.7005161e+001
  1.6590996e+001
  1.6635581e+001
  1.6670534e+001
  1.6285939e+001
  1.6542317e+001
  1.6451140e+001
  1.6897221e+001
  1.6969056e+001
  1.6991000e+001
  1.6566328e+001
  1.6402344e+001
  1.6440071e+001
  1.6617740e+001
  1.6728376e+001
  1.6371600e+001
  1.6842524e+001
  1.6598665e+001
  1.6691225e+001
  1.6806993e+001
  1.6474481e+001
  1.6770389e+001
  1.6472680e+001
  1.6495429e+001
  1.6556001e+001
  1.6745660e+001
  1.6300269e+001
  1.6773444e+001
  1.6641806e+001
  1.6439356e+001
  1.7124674e+001
  1.6506456e+001
  1.6853184e+001
  1.6873782e+001
  1.7010385e+001
  1.6328200e+001
  1.6877711e+001
  1.6426984e+001
  1.6934367e+001
  1.7151543e+001
  1.6794947e+001
  1.6369252e+001
  1.6613777e+001
  1.6624458e+001
  1.6502798e+001
  1.6852092e+001
  1.6811982e+001
  1.6487592e+001
  1.6453893e+001
  1.7008856e+001
  1.6798815e+001
  1.6560309e+001
  1.6716520e+001
  1.6981642e+001
  1.7045093e+001
  1.6575232e+001
  1.6437723e+001
  1.6393617e+001
  1.6807556e+001
  1.6459388e+001
  1.6790502e+001
  1.6598705e+001
  1.7408468e+001
  1.6789485e+001
  1.6851747e+001
  1.6216820e+001
  1.6706901e+001
  1.6701315e+001
  1.6941129e+001
  1.6548276e+001
  1.6425179e+001
  1.6628313e+001
  1.6510302e+001
  1.7093661e+001
  1.6610820e+001
  1.6867170e+001
  1.6296065e+001
  1.6647921e+001
  1.6383555e+001
  1.6631574e+001
  1.6970685e+001
  1.6800749e+001
  1.7010511e+001
  1.6441701e+001
  1.6827385e+001
  1.6226016e+001
  1.6518758e+001
  1.6519934e+001
  1.6621940e+001
  1.6908241e+001
  1.6748197e+001
  1.7330334e+001
  1.6572293e+001
  1.6809194e+001
  1.6551989e+001
  1.6647888e+001
  1.6638884e+001
  1.6360464e+001
  1.6764803e+001
  1.6145044e+001
  1.6700957e+001
  1.6338354e+001
  1.6255291e+001
  1.5825789e+001
