  1.9729352e+001
  1.8788954e+001
  1.8871860e+001
  1.8886947e+001
  1.9223194e+001
  1.8706442e+001
  1.8511058e+001
  1.8776804e+001
  1.8761983e+001
  2.0002058e+001
  1.8925233e+001
  1.8586495e+001
  1.8420171e+001
  1.8935498e+001
  1.8941439e+001
  1.8836311e+001
  1.9528198e+001
  1.8809583e+001
  1.8822995e+001
  1.8128793e+001
  1.8549160e+001
  1.9014629e+001
  1.9635382e+001
  1.8727751e+001
  1.8934930e+001
  1.8895761e+001
  1.8652303e+001
  1.8905245e+001
  1.8600510e+001
  1.9169452e+001
  1.8827942e+001
  1.8812511e+001
  1.8305514e+001
  1.8975162e+001
  1.8711534e+001
  1.9089819e+001
  1.8316902e+001
  1.8788420e+001
  1.8621474e+001
  1.8946106e+001
  1.8346055e+001
  1.9177881e+001
  1.8605915e+001
  1.8502306e+001
  1.8353411e+001
  1.9348972e+001
  1.8639309e+001
  1.8714571e+001
  1.8637569e+001
  1.9373509e+001
  1.8683412e+001
  1.8705220e+001
  1.8560303e+001
  1.8906077e+001
  1.8706995e+001
  1.8673336e+001
  1.8617020e+001
  1.8947104e+001
  1.8857473e+001
  1.8424332e+001
  1.9122494e+001
  1.8267738e+001
  1.9055553e+001
  1.9038614e+001
  1.8886457e+001
  1.9236170e+001
  1.8605477e+001
  1.8523106e+001
  1.8686869e+001
  1.8925748e+001
  1.8808287e+001
  1.8700971e+001
  1.8910465e+001
  1.8785023e+001
  1.8830771e+001
  1.8970812e+001
  1.8664356e+001
  1.9151284e+001
  1.8520288e+001
  1.8730170e+001
  1.9132753e+001
  1.8461392e+001
  1.9219249e+001
  1.8541533e+001
  1.8898121e+001
  1.8909595e+001
  1.8689826e+001
  1.8820805e+001
  1.8818461e+001
  1.8797335e+001
  1.8539411e+001
  1.8751404e+001
  1.8208381e+001
  1.8887444e+001
  1.8886231e+001
  1.9052361e+001
  1.8336195e+001
  1.8864732e+001
  1.8300155e+001
  1.8930220e+001
  1.8935436e+001
  1.9220058e+001
  1.8288075e+001
  1.8915815e+001
  1.8845631e+001
  1.9115596e+001
  1.8323808e+001
  1.9067969e+001
  1.8711336e+001
  1.8940456e+001
  1.8484853e+001
  1.9179899e+001
  1.8504610e+001
  1.8545559e+001
  1.8299257e+001
  1.8907478e+001
  1.8799792e+001
  1.8796736e+001
  1.8773990e+001
  1.8606753e+001
  1.8871518e+001
  1.8522747e+001
  1.8846848e+001
  1.8398743e+001
  1.9004797e+001
  1.8618169e+001
  1.9076326e+001
  1.8523140e+001
  1.8531240e+001
  1.8615054e+001
  1.8533561e+001
  1.8848507e+001
  1.8522560e+001
  1.9054912e+001
  1.8362676e+001
  1.8705718e+001
  1.8444940e+001
  1.8555849e+001
  1.8602470e+001
  1.8487940e+001
  1.9098744e+001
  1.8488694e+001
  1.8901116e+001
  1.8429993e+001
  1.8607814e+001
  1.8557856e+001
  1.8402974e+001
  1.8794872e+001
  1.8243944e+001
  1.8805180e+001
  1.8367095e+001
  1.8705265e+001
  1.8715249e+001
  1.8500177e+001
  1.8750475e+001
  1.8159652e+001
  1.8906778e+001
  1.8602395e+001
  1.8553526e+001
  1.7814478e+001
