  2.4338478e+001
  2.3675017e+001
  2.3963837e+001
  2.4129421e+001
  2.4104565e+001
  2.3887172e+001
  2.3438563e+001
  2.4428977e+001
  2.3789125e+001
  2.4397959e+001
  2.3812370e+001
  2.3528868e+001
  2.3820717e+001
  2.3813931e+001
  2.4715200e+001
  2.3811259e+001
  2.4304566e+001
  2.3577544e+001
  2.3866949e+001
  2.3891477e+001
  2.4019825e+001
  2.4490919e+001
  2.4052768e+001
  2.3740324e+001
  2.3434261e+001
  2.4292311e+001
  2.3375801e+001
  2.3981261e+001
  2.3552971e+001
  2.4068966e+001
  2.3560740e+001
  2.3554870e+001
  2.3653870e+001
  2.4107934e+001
  2.3976034e+001
  2.3670757e+001
  2.3789962e+001
  2.3697727e+001
  2.3822002e+001
  2.3540290e+001
  2.3864388e+001
  2.3565290e+001
  2.3676349e+001
  2.3551405e+001
  2.4220741e+001
  2.3729088e+001
  2.3988735e+001
  2.3797021e+001
  2.3819518e+001
  2.3975341e+001
  2.4060338e+001
  2.3402867e+001
  2.3852731e+001
  2.4491252e+001
  2.3469541e+001
  2.3884327e+001
  2.3775223e+001
  2.4009632e+001
  2.3759704e+001
  2.4193950e+001
  2.3386174e+001
  2.3894061e+001
  2.3600328e+001
  2.3837951e+001
  2.4182006e+001
  2.3474800e+001
  2.4150264e+001
  2.3434618e+001
  2.4037527e+001
  2.4224493e+001
  2.3483782e+001
  2.4034934e+001
  2.3540434e+001
  2.3859028e+001
  2.3751849e+001
  2.3474342e+001
  2.4037946e+001
  2.3256336e+001
  2.3631755e+001
  2.3463124e+001
  2.3750949e+001
  2.4172173e+001
  2.3481402e+001
  2.4219867e+001
  2.3678715e+001
  2.3803254e+001
  2.3624953e+001
  2.3838615e+001
  2.3307794e+001
  2.4046550e+001
  2.3562800e+001
  2.3466057e+001
  2.3929639e+001
  2.3540959e+001
  2.3570046e+001
  2.3569697e+001
  2.3545072e+001
  2.3255585e+001
  2.4015666e+001
  2.3888783e+001
  2.3877434e+001
  2.3385269e+001
  2.3640817e+001
  2.3410951e+001
  2.3753237e+001
  2.3550141e+001
  2.3558135e+001
  2.3417964e+001
  2.3509004e+001
  2.3672889e+001
  2.3588997e+001
  2.3776841e+001
  2.3362558e+001
  2.3767187e+001
  2.3402337e+001
  2.3877605e+001
  2.3146390e+001
  2.3838551e+001
  2.3362392e+001
  2.3780154e+001
  2.3213399e+001
  2.3626218e+001
  2.3775636e+001
  2.3857724e+001
  2.3984712e+001
  2.3374441e+001
  2.3781164e+001
  2.3069451e+001
  2.3732983e+001
  2.3412358e+001
  2.3774916e+001
  2.3366543e+001
  2.3293403e+001
  2.3722606e+001
  2.3352542e+001
  2.4080788e+001
  2.3353492e+001
  2.3742976e+001
  2.3229681e+001
  2.3297100e+001
  2.3484810e+001
  2.3165769e+001
  2.4037230e+001
  2.3270478e+001
  2.3696105e+001
  2.3390549e+001
  2.3447958e+001
  2.3558183e+001
  2.3125687e+001
  2.3880164e+001
  2.3113732e+001
  2.3602039e+001
  2.3352133e+001
  2.3258641e+001
  2.3509459e+001
  2.2943966e+001
  2.3892416e+001
  2.3289375e+001
  2.3290052e+001
  2.2382156e+001
