  5.3874679e+001
  5.3376301e+001
  5.1972460e+001
  5.2333365e+001
  5.1143145e+001
  5.3204967e+001
  5.2822196e+001
  5.3707915e+001
  5.4114804e+001
  5.2052046e+001
  5.2431421e+001
  5.1248422e+001
  5.3320195e+001
  5.2757082e+001
  5.3400524e+001
  5.3454982e+001
  5.1458099e+001
  5.2375226e+001
  5.1804441e+001
  5.4256870e+001
  5.3015723e+001
  5.2898706e+001
  5.1368492e+001
  5.1872806e+001
  5.3988951e+001
  5.2731895e+001
  5.2479294e+001
  5.1380151e+001
  5.4628264e+001
  5.2784142e+001
  5.2677777e+001
  5.1448753e+001
  5.3619926e+001
  5.3466500e+001
  5.2549230e+001
  5.1819729e+001
  5.2836418e+001
  5.3660466e+001
  5.1711880e+001
  5.2939031e+001
  5.2889140e+001
  5.2841469e+001
  5.1575631e+001
  5.4160221e+001
  5.2307612e+001
  5.2385422e+001
  5.2440629e+001
  5.3810839e+001
  5.1242765e+001
  5.3758870e+001
  5.2598417e+001
  5.2043790e+001
  5.2343005e+001
  5.2943559e+001
  5.1142230e+001
  5.3416967e+001
  5.2840981e+001
  5.1773130e+001
  5.3802540e+001
  5.1523987e+001
  5.2999082e+001
  5.2446536e+001
  5.2566014e+001
  5.2446542e+001
  5.3101482e+001
  5.1410797e+001
  5.3469799e+001
  5.1785918e+001
  5.2255184e+001
  5.2970090e+001
  5.1028675e+001
  5.3940538e+001
  5.1319226e+001
  5.3185850e+001
  5.2326931e+001
  5.1651626e+001
  5.3181236e+001
  5.1325416e+001
  5.3093498e+001
  5.2495206e+001
  5.2585604e+001
  5.2352124e+001
  5.2922360e+001
  5.1456346e+001
  5.3452017e+001
  5.1408022e+001
  5.2385526e+001
  5.2921843e+001
  5.0928993e+001
  5.2898637e+001
  5.2026934e+001
  5.1819375e+001
  5.2283565e+001
  5.3178850e+001
  5.0716622e+001
  5.3297538e+001
  5.2158604e+001
  5.2075066e+001
  5.1645661e+001
  5.3306289e+001
  5.0791879e+001
  5.2342998e+001
  5.2724892e+001
  5.2800614e+001
  5.1015265e+001
  5.2645328e+001
  5.2548233e+001
  5.1552005e+001
  5.1718964e+001
  5.2755908e+001
  5.3124824e+001
  5.0968352e+001
  5.2294878e+001
  5.2315787e+001
  5.3803672e+001
  5.0841980e+001
  5.2147295e+001
  5.2042228e+001
  5.3325609e+001
  5.1729162e+001
  5.1098654e+001
  5.2332959e+001
  5.2397318e+001
  5.3414151e+001
  5.1078845e+001
  5.1908331e+001
  5.0978582e+001
  5.2846163e+001
  5.3214258e+001
  5.2402770e+001
  5.2081616e+001
  5.0280021e+001
  5.2089849e+001
  5.1550968e+001
  5.3192615e+001
  5.2914421e+001
  5.2219774e+001
  5.2579600e+001
  5.0603784e+001
  5.1809900e+001
  5.0809554e+001
  5.2118604e+001
  5.2755086e+001
  5.2129652e+001
  5.3439429e+001
  5.1990667e+001
  5.2997828e+001
  5.1624710e+001
  5.1173744e+001
  5.1775997e+001
  5.0376406e+001
  5.1904945e+001
  5.0732028e+001
  5.1547719e+001
  5.1826389e+001
  5.1090082e+001
  5.2891000e+001
  5.1341476e+001
  5.1874019e+001
  4.9960791e+001
