  1.7127685e+002
  1.7497586e+002
  1.7345531e+002
  1.7623107e+002
  1.8225371e+002
  1.7931866e+002
  1.8335786e+002
  1.7644731e+002
  1.7446413e+002
  1.7516225e+002
  1.7295071e+002
  1.8109112e+002
  1.7944024e+002
  1.8166175e+002
  1.7631905e+002
  1.7190408e+002
  1.7807463e+002
  1.7711297e+002
  1.8365971e+002
  1.7650342e+002
  1.7408596e+002
  1.7564434e+002
  1.7817554e+002
  1.8465074e+002
  1.7438358e+002
  1.7625900e+002
  1.7541732e+002
  1.8256775e+002
  1.7898486e+002
  1.7335075e+002
  1.7780890e+002
  1.7892480e+002
  1.8161775e+002
  1.7116497e+002
  1.8075167e+002
  1.7923348e+002
  1.7837467e+002
  1.7298677e+002
  1.8167666e+002
  1.7940701e+002
  1.7399629e+002
  1.7842871e+002
  1.8004669e+002
  1.7686785e+002
  1.7480166e+002
  1.8383347e+002
  1.7388470e+002
  1.7869207e+002
  1.7970152e+002
  1.7845078e+002
  1.7366163e+002
  1.8484588e+002
  1.7345599e+002
  1.8016730e+002
  1.7930890e+002
  1.7675452e+002
  1.7755439e+002
  1.8112982e+002
  1.7397222e+002
  1.8233484e+002
  1.7682139e+002
  1.7680033e+002
  1.8249454e+002
  1.7277563e+002
  1.8384911e+002
  1.7402973e+002
  1.8113399e+002
  1.7790925e+002
  1.7758809e+002
  1.8023840e+002
  1.7603342e+002
  1.8093660e+002
  1.7604800e+002
  1.8020129e+002
  1.7768816e+002
  1.7793085e+002
  1.8105943e+002
  1.7439584e+002
  1.8440887e+002
  1.7302542e+002
  1.8307117e+002
  1.7730559e+002
  1.7715493e+002
  1.8269243e+002
  1.7415494e+002
  1.8161377e+002
  1.7816454e+002
  1.7737033e+002
  1.7995700e+002
  1.8093193e+002
  1.7401370e+002
  1.8528933e+002
  1.7453050e+002
  1.7935598e+002
  1.8011232e+002
  1.7914870e+002
  1.7479907e+002
  1.8480568e+002
  1.7575171e+002
  1.7779834e+002
  1.8143189e+002
  1.7979477e+002
  1.7519220e+002
  1.8096574e+002
  1.8293497e+002
  1.7436951e+002
  1.7994146e+002
  1.8054000e+002
  1.8195525e+002
  1.7222464e+002
  1.8268757e+002
  1.8074917e+002
  1.7981089e+002
  1.7444981e+002
  1.8023080e+002
  1.8478300e+002
  1.7712613e+002
  1.7743729e+002
  1.7574810e+002
  1.8608975e+002
  1.7991424e+002
  1.7738980e+002
  1.7567284e+002
  1.7838402e+002
  1.8625696e+002
  1.7898940e+002
  1.7928947e+002
  1.7350583e+002
  1.7825813e+002
  1.8357209e+002
  1.8175480e+002
  1.8393783e+002
  1.7470905e+002
  1.7654235e+002
  1.7657144e+002
  1.7897832e+002
  1.8591781e+002
  1.8141156e+002
  1.8424877e+002
  1.7806871e+002
  1.7519747e+002
  1.7710695e+002
  1.7341944e+002
  1.8051039e+002
  1.8009488e+002
  1.8254068e+002
  1.8644495e+002
  1.8125731e+002
  1.8516248e+002
  1.8058718e+002
  1.7919270e+002
  1.8026577e+002
  1.7402687e+002
  1.7815167e+002
  1.7445348e+002
  1.7421002e+002
  1.7713881e+002
  1.7307893e+002
  1.7615715e+002
  1.6617533e+002
