  3.7170288e+001
  4.2033520e+001
  4.7755435e+001
  5.4224643e+001
  6.1279084e+001
  6.8719132e+001
  7.6325931e+001
  8.3883055e+001
  9.1199025e+001
  9.8127906e+001
  1.0458530e+002
  1.1055746e+002
  1.1610203e+002
  1.2134002e+002
  1.2643962e+002
  1.3159380e+002
  1.3699433e+002
  1.4280572e+002
  1.4914246e+002
  1.5605275e+002
  1.6351117e+002
  1.7142136e+002
  1.7962864e+002
  1.8794103e+002
  1.9615592e+002
  2.0408887e+002
  2.1160072e+002
  2.1861932e+002
  2.2515291e+002
  2.3129348e+002
  2.3720941e+002
  2.4312835e+002
  2.4931250e+002
  2.5602920e+002
  2.6352031e+002
  2.7197402e+002
  2.8150219e+002
  2.9212569e+002
  3.0376944e+002
  3.1626742e+002
  3.2937747e+002
  3.4280398e+002
  3.5622660e+002
  3.6933169e+002
  3.8184352e+002
  3.9355172e+002
  4.0433204e+002
  4.1415802e+002
  4.2310198e+002
  4.3132539e+002
  4.3905932e+002
  4.4657775e+002
  4.5416683e+002
  4.6209409e+002
  4.7058155e+002
  4.7978592e+002
  4.8978802e+002
  5.0059205e+002
  5.1213387e+002
  5.2429620e+002
  5.3692772e+002
  5.4986299e+002
  5.6294035e+002
  5.7601584e+002
  5.8897205e+002
  6.0172210e+002
  6.1420926e+002
  6.2640365e+002
  6.3829699e+002
  6.4989666e+002
  6.6121971e+002
  6.7228737e+002
  6.8312049e+002
  6.9373641e+002
  7.0414778e+002
  7.1436397e+002
  7.2439528e+002
  7.3425994e+002
  7.4399285e+002
  7.5365433e+002
  7.6333654e+002
  7.7316484e+002
  7.8329193e+002
  7.9388359e+002
  8.0509643e+002
  8.1704992e+002
  8.2979666e+002
  8.4329592e+002
  8.5739580e+002
  8.7182862e+002
  8.8622227e+002
  9.0012833e+002
  9.1306468e+002
  9.2456847e+002
  9.3425305e+002
  9.4186207e+002
  9.4731360e+002
  9.5072834e+002
  9.5243771e+002
  9.5296938e+002
  9.5301063e+002
  9.5335186e+002
  9.5481484e+002
  9.5817215e+002
  9.6406554e+002
  9.7293194e+002
  9.8494574e+002
  9.9998524e+002
  1.0176293e+003
  1.0371876e+003
  1.0577633e+003
  1.0783445e+003
  1.0979141e+003
  1.1155670e+003
  1.1306186e+003
  1.1426912e+003
  1.1517634e+003
  1.1581749e+003
  1.1625828e+003
  1.1658723e+003
  1.1690321e+003
  1.1730107e+003
  1.1785716e+003
  1.1861703e+003
  1.1958687e+003
  1.2073041e+003
  1.2197175e+003
  1.2320410e+003
  1.2430349e+003
  1.2514576e+003
  1.2562462e+003
  1.2566839e+003
  1.2525305e+003
  1.2440976e+003
  1.2322560e+003
  1.2183712e+003
  1.2041737e+003
  1.1915774e+003
  1.1824671e+003
  1.1784818e+003
  1.1808183e+003
  1.1900812e+003
  1.2061965e+003
  1.2284009e+003
  1.2553074e+003
  1.2850413e+003
  1.3154276e+003
  1.3442116e+003
  1.3692833e+003
  1.3888833e+003
  1.4017666e+003
  1.4073087e+003
  1.4055464e+003
  1.3971520e+003
  1.3833479e+003
  1.3657759e+003
  1.3463353e+003
  1.3270082e+003
  1.3096876e+003
  1.2960218e+003
