  1.1321546e+002
  1.1277523e+002
  1.1704030e+002
  1.1564047e+002
  1.1656617e+002
  1.1519157e+002
  1.1077347e+002
  1.1309467e+002
  1.1170825e+002
  1.1450832e+002
  1.1756515e+002
  1.1438924e+002
  1.1552764e+002
  1.1101129e+002
  1.1162704e+002
  1.1557236e+002
  1.1457605e+002
  1.1676840e+002
  1.1124874e+002
  1.1159197e+002
  1.1471015e+002
  1.1477545e+002
  1.1668644e+002
  1.1038037e+002
  1.1337043e+002
  1.1505353e+002
  1.1492331e+002
  1.1394498e+002
  1.1009516e+002
  1.1696730e+002
  1.1466417e+002
  1.1362204e+002
  1.1160046e+002
  1.1509999e+002
  1.1608144e+002
  1.1020323e+002
  1.1512127e+002
  1.1435157e+002
  1.1479272e+002
  1.1051629e+002
  1.1691969e+002
  1.1322922e+002
  1.1188870e+002
  1.1498247e+002
  1.1418133e+002
  1.1192445e+002
  1.1380515e+002
  1.1589860e+002
  1.1006603e+002
  1.1644171e+002
  1.1238211e+002
  1.1320000e+002
  1.1382044e+002
  1.1478136e+002
  1.1066030e+002
  1.1747242e+002
  1.0990775e+002
  1.1565184e+002
  1.1275016e+002
  1.1296744e+002
  1.1408124e+002
  1.1336304e+002
  1.1252640e+002
  1.1522853e+002
  1.1121090e+002
  1.1530541e+002
  1.1228815e+002
  1.1320201e+002
  1.1495664e+002
  1.1060584e+002
  1.1697318e+002
  1.0958501e+002
  1.1698944e+002
  1.1063641e+002
  1.1490913e+002
  1.1307534e+002
  1.1215147e+002
  1.1524365e+002
  1.1116744e+002
  1.1502877e+002
  1.1237680e+002
  1.1316620e+002
  1.1380272e+002
  1.1268184e+002
  1.1255611e+002
  1.1546109e+002
  1.0965406e+002
  1.1713674e+002
  1.1022627e+002
  1.1435122e+002
  1.1335894e+002
  1.1269246e+002
  1.1203914e+002
  1.1611165e+002
  1.0955189e+002
  1.1528779e+002
  1.1350644e+002
  1.1155004e+002
  1.1373594e+002
  1.1448266e+002
  1.1124640e+002
  1.1259066e+002
  1.1635663e+002
  1.0969951e+002
  1.1373887e+002
  1.1348488e+002
  1.1438565e+002
  1.0940439e+002
  1.1511228e+002
  1.1445157e+002
  1.1088781e+002
  1.1247210e+002
  1.1344618e+002
  1.1599822e+002
  1.0918551e+002
  1.1282843e+002
  1.1424806e+002
  1.1436182e+002
  1.1222907e+002
  1.0926736e+002
  1.1554366e+002
  1.1388596e+002
  1.1389749e+002
  1.1069697e+002
  1.1027168e+002
  1.1577733e+002
  1.1364917e+002
  1.1463235e+002
  1.1062209e+002
  1.0972491e+002
  1.1398642e+002
  1.1312496e+002
  1.1643052e+002
  1.1321256e+002
  1.1042773e+002
  1.1172319e+002
  1.0948326e+002
  1.1403122e+002
  1.1492744e+002
  1.1421278e+002
  1.1618686e+002
  1.1146790e+002
  1.1175907e+002
  1.1094696e+002
  1.0873379e+002
  1.1251788e+002
  1.1124881e+002
  1.1318683e+002
  1.1585468e+002
  1.1345487e+002
  1.1664288e+002
  1.1509282e+002
  1.1369593e+002
  1.1595568e+002
  1.1208175e+002
  1.1355889e+002
  1.1312521e+002
  1.1112662e+002
  1.1309427e+002
  1.0518829e+002
