  5.2349127e+001
  5.1506449e+001
  5.2765831e+001
  5.2638806e+001
  5.1068348e+001
  5.1654638e+001
  5.0259189e+001
  5.0879103e+001
  5.2222239e+001
  5.1524876e+001
  5.2907849e+001
  5.1481324e+001
  5.0455072e+001
  5.1354576e+001
  5.0706420e+001
  5.2732828e+001
  5.2137391e+001
  5.0737670e+001
  5.1196427e+001
  5.0472602e+001
  5.2738219e+001
  5.1886557e+001
  5.0547236e+001
  5.1168022e+001
  5.0887310e+001
  5.2975942e+001
  5.0849467e+001
  5.0488344e+001
  5.1737433e+001
  5.1549320e+001
  5.1978102e+001
  4.9784640e+001
  5.2124753e+001
  5.1768194e+001
  5.0756255e+001
  5.0984480e+001
  5.1440229e+001
  5.2097627e+001
  4.9640246e+001
  5.2319622e+001
  5.1175244e+001
  5.0888561e+001
  5.0918367e+001
  5.2067434e+001
  5.0552778e+001
  5.0856770e+001
  5.2268407e+001
  4.9942463e+001
  5.1766371e+001
  5.1111013e+001
  5.0974722e+001
  5.0692296e+001
  5.2144242e+001
  4.9541017e+001
  5.2578201e+001
  5.0071562e+001
  5.1516167e+001
  5.0993910e+001
  5.0973442e+001
  5.0722908e+001
  5.1757490e+001
  4.9815455e+001
  5.2417855e+001
  4.9549050e+001
  5.2135528e+001
  5.0250038e+001
  5.1208927e+001
  5.1236923e+001
  5.0183800e+001
  5.1965217e+001
  4.9696492e+001
  5.2235947e+001
  4.9665197e+001
  5.1923367e+001
  5.0157474e+001
  5.1150732e+001
  5.1088471e+001
  5.0155139e+001
  5.2031996e+001
  4.9421780e+001
  5.2260087e+001
  4.9640936e+001
  5.1509092e+001
  5.0496476e+001
  5.0773612e+001
  5.0730218e+001
  5.1203107e+001
  4.9786947e+001
  5.2252083e+001
  4.9250700e+001
  5.1827115e+001
  5.0364137e+001
  5.0631537e+001
  5.0719305e+001
  5.1334917e+001
  4.9517342e+001
  5.1802307e+001
  5.0394174e+001
  5.0074662e+001
  5.1541420e+001
  5.0405639e+001
  5.0351556e+001
  5.0576291e+001
  5.1717873e+001
  4.9106648e+001
  5.1489887e+001
  5.0858768e+001
  5.0409651e+001
  5.0116627e+001
  5.1084189e+001
  5.1430856e+001
  4.9113480e+001
  5.1266250e+001
  5.0837271e+001
  5.0972404e+001
  4.9759301e+001
  5.0130194e+001
  5.2062824e+001
  5.0063019e+001
  5.0410339e+001
  4.9813773e+001
  5.1084212e+001
  5.1774445e+001
  4.9601904e+001
  5.0390867e+001
  4.9853574e+001
  5.1160653e+001
  5.1770309e+001
  4.9801165e+001
  5.0418981e+001
  4.9501691e+001
  5.0502117e+001
  5.1915184e+001
  5.0546956e+001
  5.1178369e+001
  4.9781311e+001
  4.9285019e+001
  5.0736759e+001
  5.0016547e+001
  5.1499235e+001
  5.1673564e+001
  5.0458301e+001
  5.1289433e+001
  4.9680458e+001
  4.9514227e+001
  5.0251728e+001
  4.9112895e+001
  5.0578693e+001
  5.0713581e+001
  5.0262452e+001
  5.1919371e+001
  5.0906468e+001
  5.1221421e+001
  5.1990098e+001
  5.0424871e+001
  5.1542257e+001
  5.0987430e+001
  5.0459299e+001
  5.1393574e+001
  4.7580688e+001
