  3.3380813e+001
  3.2445249e+001
  3.2533515e+001
  3.3185250e+001
  3.2591229e+001
  3.3590048e+001
  3.3441862e+001
  3.2866637e+001
  3.3367624e+001
  3.2294516e+001
  3.2727968e+001
  3.3336145e+001
  3.2908294e+001
  3.3726453e+001
  3.2713549e+001
  3.2459192e+001
  3.3113452e+001
  3.2739618e+001
  3.3699174e+001
  3.2849158e+001
  3.2442816e+001
  3.3107474e+001
  3.2750112e+001
  3.3608624e+001
  3.2559512e+001
  3.2553742e+001
  3.3306704e+001
  3.2799674e+001
  3.3213848e+001
  3.2190269e+001
  3.3232244e+001
  3.3206198e+001
  3.2371315e+001
  3.3019545e+001
  3.2748710e+001
  3.3354971e+001
  3.2115704e+001
  3.3143421e+001
  3.3060157e+001
  3.2414867e+001
  3.2987175e+001
  3.2850371e+001
  3.2989060e+001
  3.2174627e+001
  3.3620203e+001
  3.2222205e+001
  3.2912642e+001
  3.2863015e+001
  3.2745020e+001
  3.2519686e+001
  3.3194579e+001
  3.2366614e+001
  3.2808935e+001
  3.3016611e+001
  3.2279796e+001
  3.3203687e+001
  3.2502645e+001
  3.2662888e+001
  3.2941164e+001
  3.2457502e+001
  3.2900556e+001
  3.2696205e+001
  3.2520828e+001
  3.2956987e+001
  3.2382769e+001
  3.2908841e+001
  3.2667664e+001
  3.2463535e+001
  3.3032901e+001
  3.2082365e+001
  3.3388671e+001
  3.1906768e+001
  3.3357303e+001
  3.2058614e+001
  3.3043155e+001
  3.2441338e+001
  3.2602452e+001
  3.2839776e+001
  3.2314941e+001
  3.2882173e+001
  3.2422519e+001
  3.2587785e+001
  3.2761591e+001
  3.2339406e+001
  3.2830203e+001
  3.2543340e+001
  3.2360169e+001
  3.3026737e+001
  3.2075159e+001
  3.2810568e+001
  3.2613021e+001
  3.2169047e+001
  3.2980981e+001
  3.2298956e+001
  3.2515946e+001
  3.2632075e+001
  3.2693153e+001
  3.2009661e+001
  3.3328216e+001
  3.1884166e+001
  3.2702744e+001
  3.2529546e+001
  3.2633110e+001
  3.2127844e+001
  3.2786279e+001
  3.2810511e+001
  3.1819455e+001
  3.3036513e+001
  3.2391342e+001
  3.2651030e+001
  3.2026432e+001
  3.2842938e+001
  3.2851444e+001
  3.1816499e+001
  3.2772587e+001
  3.2398091e+001
  3.2911949e+001
  3.2090300e+001
  3.2107076e+001
  3.3131950e+001
  3.2303482e+001
  3.2648810e+001
  3.1919612e+001
  3.2317255e+001
  3.3173287e+001
  3.2205449e+001
  3.2613081e+001
  3.1986361e+001
  3.2210272e+001
  3.3156278e+001
  3.2337849e+001
  3.2766476e+001
  3.2184177e+001
  3.1749380e+001
  3.2758036e+001
  3.2271777e+001
  3.2871546e+001
  3.3005686e+001
  3.2002938e+001
  3.2591393e+001
  3.1978728e+001
  3.1888075e+001
  3.2765917e+001
  3.2147404e+001
  3.2826270e+001
  3.3046849e+001
  3.2271374e+001
  3.3009283e+001
  3.2394453e+001
  3.2013634e+001
  3.2647401e+001
  3.1719974e+001
  3.2078350e+001
  3.2395284e+001
  3.1582644e+001
  3.2473659e+001
  3.2073252e+001
  3.1998136e+001
  3.2705472e+001
  3.0249677e+001
