  2.2652912e+001
  2.2486743e+001
  2.2272825e+001
  2.2833191e+001
  2.2237895e+001
  2.2319601e+001
  2.2549762e+001
  2.2062529e+001
  2.2681390e+001
  2.2497335e+001
  2.2260483e+001
  2.2716249e+001
  2.2078867e+001
  2.2351916e+001
  2.2567160e+001
  2.2188867e+001
  2.2712423e+001
  2.2218747e+001
  2.2251046e+001
  2.2625193e+001
  2.2199591e+001
  2.2692996e+001
  2.2196796e+001
  2.2206792e+001
  2.2661999e+001
  2.2209540e+001
  2.2566250e+001
  2.2092052e+001
  2.2427124e+001
  2.2612371e+001
  2.2055954e+001
  2.2529402e+001
  2.2183195e+001
  2.2626842e+001
  2.2201282e+001
  2.2205447e+001
  2.2662171e+001
  2.2072184e+001
  2.2489022e+001
  2.2212913e+001
  2.2615389e+001
  2.2035404e+001
  2.2438943e+001
  2.2439560e+001
  2.2055382e+001
  2.2558477e+001
  2.2165604e+001
  2.2399601e+001
  2.2187904e+001
  2.2602268e+001
  2.1906296e+001
  2.2675858e+001
  2.2037640e+001
  2.2447057e+001
  2.2300733e+001
  2.2306822e+001
  2.2204747e+001
  2.2430494e+001
  2.2032600e+001
  2.2630761e+001
  2.1974381e+001
  2.2542415e+001
  2.2138715e+001
  2.2363421e+001
  2.2268089e+001
  2.2309560e+001
  2.2265857e+001
  2.2336685e+001
  2.2124308e+001
  2.2484035e+001
  2.2054333e+001
  2.2504087e+001
  2.2030677e+001
  2.2465413e+001
  2.2133009e+001
  2.2324266e+001
  2.2224765e+001
  2.2251254e+001
  2.2212485e+001
  2.2310682e+001
  2.2061856e+001
  2.2485422e+001
  2.1931853e+001
  2.2581617e+001
  2.1964226e+001
  2.2377947e+001
  2.2161351e+001
  2.2211535e+001
  2.2179522e+001
  2.2345032e+001
  2.1947780e+001
  2.2572483e+001
  2.1818820e+001
  2.2493277e+001
  2.2063609e+001
  2.2300532e+001
  2.2098109e+001
  2.2471186e+001
  2.1915861e+001
  2.2295988e+001
  2.2311052e+001
  2.1920850e+001
  2.2448364e+001
  2.2064922e+001
  2.2329405e+001
  2.1906598e+001
  2.2532725e+001
  2.2060344e+001
  2.2034420e+001
  2.2458725e+001
  2.2020018e+001
  2.2337852e+001
  2.1877829e+001
  2.2442985e+001
  2.2218656e+001
  2.1912548e+001
  2.2389295e+001
  2.2010828e+001
  2.2458483e+001
  2.1997991e+001
  2.1992428e+001
  2.2470008e+001
  2.1952632e+001
  2.2349172e+001
  2.1968859e+001
  2.1961296e+001
  2.2525139e+001
  2.1984347e+001
  2.2333498e+001
  2.2114093e+001
  2.1851712e+001
  2.2473904e+001
  2.2017083e+001
  2.2236505e+001
  2.2362248e+001
  2.1780514e+001
  2.2313949e+001
  2.2069638e+001
  2.1982022e+001
  2.2574646e+001
  2.2018933e+001
  2.2212085e+001
  2.2346240e+001
  2.1755953e+001
  2.2263537e+001
  2.2080106e+001
  2.1801532e+001
  2.2403420e+001
  2.2009101e+001
  2.2130348e+001
  2.2535559e+001
  2.1932933e+001
  2.2343771e+001
  2.2398374e+001
  2.1879402e+001
  2.2487275e+001
  2.2072454e+001
  2.2051596e+001
  2.2466882e+001
  2.0733499e+001
