  1.4609716e+001
  1.4965343e+001
  1.4687705e+001
  1.5021641e+001
  1.5221244e+001
  1.4845337e+001
  1.5065671e+001
  1.4770445e+001
  1.4555981e+001
  1.5005956e+001
  1.4868463e+001
  1.5029268e+001
  1.5160271e+001
  1.4566174e+001
  1.4823911e+001
  1.4951771e+001
  1.4886588e+001
  1.5190320e+001
  1.4659385e+001
  1.4726792e+001
  1.5018544e+001
  1.4855636e+001
  1.5152147e+001
  1.4666222e+001
  1.4742040e+001
  1.5249652e+001
  1.4793660e+001
  1.4889997e+001
  1.4733043e+001
  1.4985532e+001
  1.5130547e+001
  1.4526748e+001
  1.5046085e+001
  1.4942003e+001
  1.4837037e+001
  1.4815595e+001
  1.4876859e+001
  1.5152771e+001
  1.4546772e+001
  1.5124706e+001
  1.4898023e+001
  1.4718118e+001
  1.5027531e+001
  1.4890239e+001
  1.4875462e+001
  1.4757752e+001
  1.5140622e+001
  1.4558193e+001
  1.5204476e+001
  1.4759234e+001
  1.4797890e+001
  1.5035891e+001
  1.4791203e+001
  1.4870299e+001
  1.4931406e+001
  1.4792933e+001
  1.4904731e+001
  1.4965449e+001
  1.4721040e+001
  1.5141636e+001
  1.4569831e+001
  1.5189681e+001
  1.4634546e+001
  1.5012233e+001
  1.4813628e+001
  1.4877169e+001
  1.4947504e+001
  1.4728587e+001
  1.4996986e+001
  1.4721941e+001
  1.5046644e+001
  1.4675651e+001
  1.5025282e+001
  1.4717412e+001
  1.5024270e+001
  1.4739171e+001
  1.4933949e+001
  1.4847704e+001
  1.4822480e+001
  1.5050426e+001
  1.4635551e+001
  1.5189225e+001
  1.4573022e+001
  1.5158521e+001
  1.4685672e+001
  1.4924769e+001
  1.4911860e+001
  1.4781352e+001
  1.4935480e+001
  1.4894379e+001
  1.4755562e+001
  1.4988499e+001
  1.4815588e+001
  1.4761396e+001
  1.5125968e+001
  1.4513880e+001
  1.5152292e+001
  1.4735942e+001
  1.4839870e+001
  1.4853627e+001
  1.5008802e+001
  1.4722843e+001
  1.4885674e+001
  1.5110018e+001
  1.4495676e+001
  1.5104872e+001
  1.4869533e+001
  1.4797803e+001
  1.4787720e+001
  1.4904461e+001
  1.5040571e+001
  1.4498752e+001
  1.5075156e+001
  1.4956143e+001
  1.4710115e+001
  1.4858073e+001
  1.4748116e+001
  1.5207847e+001
  1.4715960e+001
  1.4615105e+001
  1.5072439e+001
  1.4835079e+001
  1.5024427e+001
  1.4685487e+001
  1.4627015e+001
  1.5196299e+001
  1.4848500e+001
  1.4879389e+001
  1.4785240e+001
  1.4520219e+001
  1.5090334e+001
  1.4992279e+001
  1.4864497e+001
  1.5016006e+001
  1.4520956e+001
  1.4710752e+001
  1.4951722e+001
  1.4742081e+001
  1.5162178e+001
  1.4986304e+001
  1.4648418e+001
  1.4916207e+001
  1.4577582e+001
  1.4583866e+001
  1.4984345e+001
  1.4699626e+001
  1.4951120e+001
  1.5205699e+001
  1.4810953e+001
  1.5079736e+001
  1.5051634e+001
  1.4674980e+001
  1.5005946e+001
  1.4769830e+001
  1.4532688e+001
  1.4918723e+001
  1.4555144e+001
  1.4649152e+001
  1.4873979e+001
  1.3715456e+001
