  1.3979463e+001
  1.4309178e+001
  1.3891301e+001
  1.3739753e+001
  1.3981515e+001
  1.3729441e+001
  1.4045606e+001
  1.4261520e+001
  1.3936468e+001
  1.4141156e+001
  1.3908352e+001
  1.3645824e+001
  1.4168835e+001
  1.4059764e+001
  1.4063597e+001
  1.4153622e+001
  1.3600451e+001
  1.3933593e+001
  1.4168767e+001
  1.3978866e+001
  1.4127828e+001
  1.3693007e+001
  1.3992663e+001
  1.4346318e+001
  1.3811428e+001
  1.3959255e+001
  1.3898160e+001
  1.4090565e+001
  1.4177019e+001
  1.3603408e+001
  1.4168467e+001
  1.4094944e+001
  1.3853805e+001
  1.3989374e+001
  1.3928193e+001
  1.4243787e+001
  1.3684643e+001
  1.4096224e+001
  1.4203899e+001
  1.3691615e+001
  1.4122790e+001
  1.3948449e+001
  1.4006936e+001
  1.3809745e+001
  1.4228997e+001
  1.3818154e+001
  1.3897578e+001
  1.4249713e+001
  1.3655893e+001
  1.4197840e+001
  1.3848816e+001
  1.4021410e+001
  1.3971450e+001
  1.4042468e+001
  1.3803101e+001
  1.4290820e+001
  1.3679858e+001
  1.4233361e+001
  1.3833779e+001
  1.3979681e+001
  1.4056986e+001
  1.3846701e+001
  1.4077119e+001
  1.3850731e+001
  1.4032322e+001
  1.4061329e+001
  1.3823659e+001
  1.4191240e+001
  1.3683627e+001
  1.4331143e+001
  1.3604705e+001
  1.4317339e+001
  1.3606667e+001
  1.4333987e+001
  1.3692900e+001
  1.4191473e+001
  1.3819367e+001
  1.4025766e+001
  1.4004867e+001
  1.3864939e+001
  1.4084029e+001
  1.3826014e+001
  1.4024477e+001
  1.3986517e+001
  1.3812351e+001
  1.4200145e+001
  1.3673241e+001
  1.4256036e+001
  1.3788627e+001
  1.4064568e+001
  1.3956434e+001
  1.3983886e+001
  1.3865347e+001
  1.4229661e+001
  1.3621133e+001
  1.4212291e+001
  1.3895054e+001
  1.3787324e+001
  1.4212657e+001
  1.3800575e+001
  1.4025981e+001
  1.3968602e+001
  1.4128482e+001
  1.3686860e+001
  1.4165027e+001
  1.4065096e+001
  1.3661656e+001
  1.4207897e+001
  1.3887594e+001
  1.3947243e+001
  1.3863808e+001
  1.4107504e+001
  1.4132860e+001
  1.3573889e+001
  1.4145957e+001
  1.4055120e+001
  1.3858493e+001
  1.3941007e+001
  1.3788909e+001
  1.4286434e+001
  1.3932627e+001
  1.3666912e+001
  1.4069131e+001
  1.3922550e+001
  1.4159442e+001
  1.3970719e+001
  1.3599994e+001
  1.4108593e+001
  1.4036192e+001
  1.4022988e+001
  1.4114004e+001
  1.3603995e+001
  1.3863589e+001
  1.4115571e+001
  1.3921406e+001
  1.4235742e+001
  1.3952532e+001
  1.3662380e+001
  1.3972731e+001
  1.3742057e+001
  1.3884860e+001
  1.4284596e+001
  1.3971118e+001
  1.4116833e+001
  1.4193747e+001
  1.3718447e+001
  1.3901980e+001
  1.3881978e+001
  1.3563806e+001
  1.3930145e+001
  1.3866294e+001
  1.3723244e+001
  1.4178925e+001
  1.3985386e+001
  1.3919657e+001
  1.4317457e+001
  1.3950868e+001
  1.4129696e+001
  1.4360971e+001
  1.3212056e+001
