  1.2978587e+001
  1.3152678e+001
  1.3600440e+001
  1.3328539e+001
  1.3524503e+001
  1.3549161e+001
  1.3063604e+001
  1.3180278e+001
  1.3260476e+001
  1.3146411e+001
  1.3626784e+001
  1.3544185e+001
  1.3063740e+001
  1.3276859e+001
  1.3200552e+001
  1.3270475e+001
  1.3697003e+001
  1.3196887e+001
  1.3069862e+001
  1.3382720e+001
  1.3290722e+001
  1.3534796e+001
  1.3215491e+001
  1.2974633e+001
  1.3597351e+001
  1.3348958e+001
  1.3174405e+001
  1.3313549e+001
  1.3201359e+001
  1.3560815e+001
  1.3165665e+001
  1.3139473e+001
  1.3653606e+001
  1.3128867e+001
  1.3211763e+001
  1.3365120e+001
  1.3344435e+001
  1.3298487e+001
  1.3112074e+001
  1.3604451e+001
  1.3060511e+001
  1.3315994e+001
  1.3552670e+001
  1.2960601e+001
  1.3491416e+001
  1.3226376e+001
  1.3234865e+001
  1.3289866e+001
  1.3355332e+001
  1.3151664e+001
  1.3375199e+001
  1.3306670e+001
  1.3056108e+001
  1.3616000e+001
  1.2922422e+001
  1.3643779e+001
  1.3030074e+001
  1.3420732e+001
  1.3281837e+001
  1.3228956e+001
  1.3379165e+001
  1.3216445e+001
  1.3282070e+001
  1.3317656e+001
  1.3146568e+001
  1.3438258e+001
  1.3054112e+001
  1.3558204e+001
  1.3001668e+001
  1.3616981e+001
  1.2981552e+001
  1.3617838e+001
  1.2973504e+001
  1.3578205e+001
  1.2997306e+001
  1.3580817e+001
  1.3059199e+001
  1.3468894e+001
  1.3163990e+001
  1.3341895e+001
  1.3309688e+001
  1.3214985e+001
  1.3374464e+001
  1.3232277e+001
  1.3287311e+001
  1.3425068e+001
  1.3046708e+001
  1.3637477e+001
  1.2908367e+001
  1.3588173e+001
  1.3070261e+001
  1.3327846e+001
  1.3345136e+001
  1.3133116e+001
  1.3374686e+001
  1.3304372e+001
  1.3235839e+001
  1.3226366e+001
  1.3504761e+001
  1.2955315e+001
  1.3522045e+001
  1.3252616e+001
  1.3018686e+001
  1.3566496e+001
  1.3090205e+001
  1.3273656e+001
  1.3289597e+001
  1.3335702e+001
  1.3212251e+001
  1.3104371e+001
  1.3631992e+001
  1.3064103e+001
  1.3112356e+001
  1.3563144e+001
  1.3201657e+001
  1.3274698e+001
  1.3150324e+001
  1.3345711e+001
  1.3555433e+001
  1.2939164e+001
  1.3218581e+001
  1.3495758e+001
  1.3230910e+001
  1.3357799e+001
  1.3059006e+001
  1.3163538e+001
  1.3628706e+001
  1.3224206e+001
  1.3155604e+001
  1.3240224e+001
  1.3039329e+001
  1.3500144e+001
  1.3553594e+001
  1.3102039e+001
  1.3255139e+001
  1.3122112e+001
  1.3037311e+001
  1.3554684e+001
  1.3421226e+001
  1.3266993e+001
  1.3490972e+001
  1.3093493e+001
  1.2969605e+001
  1.3286988e+001
  1.3068047e+001
  1.3189735e+001
  1.3606295e+001
  1.3336313e+001
  1.3384393e+001
  1.3621133e+001
  1.3265720e+001
  1.3280604e+001
  1.3428856e+001
  1.3029936e+001
  1.3121818e+001
  1.3319088e+001
  1.2880333e+001
  1.3145694e+001
  1.3287623e+001
  1.2214274e+001
