  1.3208039e+001
  1.3201943e+001
  1.3732417e+001
  1.2761018e+001
  1.2706124e+001
  1.3368733e+001
  1.3222010e+001
  1.3284398e+001
  1.3470519e+001
  1.3045124e+001
  1.3051584e+001
  1.3325439e+001
  1.3098658e+001
  1.3377061e+001
  1.3461726e+001
  1.2871652e+001
  1.3110703e+001
  1.3322780e+001
  1.3163518e+001
  1.3382824e+001
  1.3013646e+001
  1.2968240e+001
  1.3449425e+001
  1.3174441e+001
  1.3117190e+001
  1.3117404e+001
  1.3114537e+001
  1.3530969e+001
  1.2993452e+001
  1.2977098e+001
  1.3562865e+001
  1.3053690e+001
  1.3084150e+001
  1.3269086e+001
  1.3226883e+001
  1.3205843e+001
  1.2969462e+001
  1.3509818e+001
  1.3056558e+001
  1.2961860e+001
  1.3560879e+001
  1.2937707e+001
  1.3224086e+001
  1.3238597e+001
  1.3061320e+001
  1.3170717e+001
  1.3201737e+001
  1.3169551e+001
  1.2998950e+001
  1.3408016e+001
  1.2831917e+001
  1.3403196e+001
  1.3050060e+001
  1.3095547e+001
  1.3390013e+001
  1.2876465e+001
  1.3422314e+001
  1.2918943e+001
  1.3317253e+001
  1.3101352e+001
  1.3209974e+001
  1.3174551e+001
  1.3175066e+001
  1.3095236e+001
  1.3252740e+001
  1.3016404e+001
  1.3407756e+001
  1.2901867e+001
  1.3467916e+001
  1.2844236e+001
  1.3522148e+001
  1.2818938e+001
  1.3517262e+001
  1.2830757e+001
  1.3488483e+001
  1.2919004e+001
  1.3358417e+001
  1.2991483e+001
  1.3244712e+001
  1.3110013e+001
  1.3184798e+001
  1.3159894e+001
  1.3172944e+001
  1.3069082e+001
  1.3312616e+001
  1.2921228e+001
  1.3445942e+001
  1.2879903e+001
  1.3392209e+001
  1.3078809e+001
  1.3072169e+001
  1.3431487e+001
  1.2835343e+001
  1.3422196e+001
  1.3016677e+001
  1.3148502e+001
  1.3178809e+001
  1.3176346e+001
  1.3086633e+001
  1.3254087e+001
  1.3198957e+001
  1.2888860e+001
  1.3519900e+001
  1.2939372e+001
  1.3071530e+001
  1.3491731e+001
  1.2928363e+001
  1.3194958e+001
  1.3201433e+001
  1.3222546e+001
  1.3058086e+001
  1.3014165e+001
  1.3535607e+001
  1.2980289e+001
  1.2984048e+001
  1.3458261e+001
  1.3079517e+001
  1.3111391e+001
  1.3056317e+001
  1.3132759e+001
  1.3469218e+001
  1.2920838e+001
  1.2947345e+001
  1.3410597e+001
  1.3179715e+001
  1.3243899e+001
  1.3061008e+001
  1.2851033e+001
  1.3417911e+001
  1.3346243e+001
  1.3037488e+001
  1.3199633e+001
  1.2929976e+001
  1.3003553e+001
  1.3504383e+001
  1.3241976e+001
  1.3160369e+001
  1.3274361e+001
  1.2834636e+001
  1.2934307e+001
  1.3282066e+001
  1.3087785e+001
  1.3297885e+001
  1.3491449e+001
  1.3074906e+001
  1.3131787e+001
  1.3237111e+001
  1.2839013e+001
  1.2974933e+001
  1.3144114e+001
  1.2860239e+001
  1.3098580e+001
  1.3343665e+001
  1.3055301e+001
  1.3296041e+001
  1.3499918e+001
  1.3093850e+001
  1.3421529e+001
  1.3550632e+001
  1.2459417e+001
