  1.3098992e+001
  1.2984469e+001
  1.3554666e+001
  1.2804664e+001
  1.2757918e+001
  1.3521652e+001
  1.3109548e+001
  1.2794469e+001
  1.3162146e+001
  1.3116613e+001
  1.3203303e+001
  1.3573285e+001
  1.3046058e+001
  1.2665172e+001
  1.3077789e+001
  1.3077853e+001
  1.3190826e+001
  1.3382178e+001
  1.2657949e+001
  1.2930643e+001
  1.3409537e+001
  1.2971047e+001
  1.2977968e+001
  1.2994571e+001
  1.3051422e+001
  1.3343574e+001
  1.2823619e+001
  1.2927301e+001
  1.3368775e+001
  1.2918991e+001
  1.2988554e+001
  1.3080465e+001
  1.3116218e+001
  1.3179717e+001
  1.2790826e+001
  1.3304743e+001
  1.3120099e+001
  1.2765027e+001
  1.3362731e+001
  1.2924198e+001
  1.2986838e+001
  1.3221096e+001
  1.2984217e+001
  1.3014656e+001
  1.3021135e+001
  1.3196741e+001
  1.2816581e+001
  1.3279920e+001
  1.2932090e+001
  1.2919589e+001
  1.3332334e+001
  1.2680139e+001
  1.3405421e+001
  1.2832961e+001
  1.3156025e+001
  1.3096173e+001
  1.2930605e+001
  1.3206475e+001
  1.2971901e+001
  1.3152399e+001
  1.3094665e+001
  1.3015077e+001
  1.3129516e+001
  1.2941228e+001
  1.3128772e+001
  1.3056853e+001
  1.3071728e+001
  1.3080283e+001
  1.2977892e+001
  1.3172192e+001
  1.2943495e+001
  1.3199288e+001
  1.2943028e+001
  1.3171837e+001
  1.3000966e+001
  1.3108411e+001
  1.3032969e+001
  1.3007746e+001
  1.3100115e+001
  1.2964263e+001
  1.3140878e+001
  1.3007750e+001
  1.3044868e+001
  1.3096247e+001
  1.2944211e+001
  1.3171054e+001
  1.2917371e+001
  1.3078221e+001
  1.3139333e+001
  1.2804668e+001
  1.3424297e+001
  1.2690472e+001
  1.3340496e+001
  1.2935609e+001
  1.2939377e+001
  1.3238457e+001
  1.2787570e+001
  1.3211818e+001
  1.3043921e+001
  1.3042526e+001
  1.2966575e+001
  1.3183200e+001
  1.2954632e+001
  1.2913401e+001
  1.3395532e+001
  1.2744488e+001
  1.3073784e+001
  1.3299527e+001
  1.2769208e+001
  1.3126619e+001
  1.3073809e+001
  1.3055335e+001
  1.2972297e+001
  1.2914771e+001
  1.3381615e+001
  1.2890276e+001
  1.2785478e+001
  1.3337050e+001
  1.3014929e+001
  1.2946671e+001
  1.2979563e+001
  1.2927584e+001
  1.3349287e+001
  1.3027935e+001
  1.2710235e+001
  1.3174213e+001
  1.3115843e+001
  1.3096503e+001
  1.3176513e+001
  1.2711920e+001
  1.2926112e+001
  1.3328302e+001
  1.3057605e+001
  1.3123955e+001
  1.3075977e+001
  1.2670261e+001
  1.2988469e+001
  1.3221873e+001
  1.3015121e+001
  1.3266908e+001
  1.3201165e+001
  1.2758255e+001
  1.2927956e+001
  1.2952831e+001
  1.2719990e+001
  1.3089426e+001
  1.3238392e+001
  1.3021256e+001
  1.3315337e+001
  1.3329982e+001
  1.2944497e+001
  1.3128999e+001
  1.3167117e+001
  1.2777492e+001
  1.2969645e+001
  1.3039892e+001
  1.2644358e+001
  1.2968593e+001
  1.3018409e+001
  1.1981844e+001
