  1.3823610e+001
  1.2937179e+001
  1.2645203e+001
  1.2549871e+001
  1.2452311e+001
  1.3170952e+001
  1.3407764e+001
  1.3202622e+001
  1.3251115e+001
  1.2752932e+001
  1.2597481e+001
  1.3120534e+001
  1.3246179e+001
  1.2709707e+001
  1.2723965e+001
  1.2865449e+001
  1.2743948e+001
  1.3361998e+001
  1.2955242e+001
  1.2548714e+001
  1.2857410e+001
  1.2759145e+001
  1.3033714e+001
  1.3218813e+001
  1.2516320e+001
  1.2849618e+001
  1.3276448e+001
  1.2729506e+001
  1.2805025e+001
  1.2936396e+001
  1.3017454e+001
  1.3056481e+001
  1.2678694e+001
  1.3182933e+001
  1.3062938e+001
  1.2653240e+001
  1.3260128e+001
  1.2953642e+001
  1.2802449e+001
  1.3078792e+001
  1.2919059e+001
  1.2934910e+001
  1.2831990e+001
  1.3107793e+001
  1.2771824e+001
  1.2960437e+001
  1.3146554e+001
  1.2605624e+001
  1.3287183e+001
  1.2693574e+001
  1.2971438e+001
  1.3071432e+001
  1.2708382e+001
  1.3222777e+001
  1.2752414e+001
  1.3084514e+001
  1.2915214e+001
  1.2982952e+001
  1.2965552e+001
  1.2977551e+001
  1.2869368e+001
  1.3039450e+001
  1.2745010e+001
  1.3109673e+001
  1.2731304e+001
  1.3222184e+001
  1.2684702e+001
  1.3165584e+001
  1.2731669e+001
  1.3181109e+001
  1.2735372e+001
  1.3168221e+001
  1.2735973e+001
  1.3176139e+001
  1.2730991e+001
  1.3195175e+001
  1.2692470e+001
  1.3190785e+001
  1.2693390e+001
  1.3148734e+001
  1.2779176e+001
  1.3067326e+001
  1.2869622e+001
  1.2970479e+001
  1.2956061e+001
  1.2922507e+001
  1.2860446e+001
  1.3043290e+001
  1.2700326e+001
  1.3157757e+001
  1.2687937e+001
  1.3046776e+001
  1.2962007e+001
  1.2681766e+001
  1.3285366e+001
  1.2578031e+001
  1.3131831e+001
  1.2965993e+001
  1.2747164e+001
  1.3120401e+001
  1.2814677e+001
  1.2930528e+001
  1.2901585e+001
  1.3035240e+001
  1.2782747e+001
  1.2906778e+001
  1.3155596e+001
  1.2564311e+001
  1.3030030e+001
  1.3132090e+001
  1.2615813e+001
  1.3041588e+001
  1.2984578e+001
  1.2886224e+001
  1.2863522e+001
  1.2764737e+001
  1.3198745e+001
  1.2876583e+001
  1.2610373e+001
  1.3170137e+001
  1.3003162e+001
  1.2796040e+001
  1.2895644e+001
  1.2752125e+001
  1.3109343e+001
  1.3146033e+001
  1.2597218e+001
  1.2830370e+001
  1.3032369e+001
  1.2898671e+001
  1.3140334e+001
  1.2879056e+001
  1.2563220e+001
  1.2982607e+001
  1.3025112e+001
  1.2910306e+001
  1.3185302e+001
  1.2871839e+001
  1.2567712e+001
  1.2890019e+001
  1.2847439e+001
  1.2797222e+001
  1.3227397e+001
  1.3115435e+001
  1.2845382e+001
  1.3062013e+001
  1.2857184e+001
  1.2565310e+001
  1.2850119e+001
  1.2820066e+001
  1.2604989e+001
  1.2958271e+001
  1.3011470e+001
  1.2761754e+001
  1.3084587e+001
  1.3156491e+001
  1.2851038e+001
  1.3235653e+001
  1.3232808e+001
  1.2201210e+001
