  1.2896917e+001
  1.2981609e+001
  1.2479362e+001
  1.2717245e+001
  1.3640038e+001
  1.2658585e+001
  1.2367293e+001
  1.2754761e+001
  1.2805436e+001
  1.3018409e+001
  1.2948166e+001
  1.2402707e+001
  1.2521447e+001
  1.3137574e+001
  1.2612006e+001
  1.2824217e+001
  1.3243162e+001
  1.2367094e+001
  1.2413503e+001
  1.2765796e+001
  1.3102259e+001
  1.3255190e+001
  1.2735157e+001
  1.2843579e+001
  1.2801714e+001
  1.2565421e+001
  1.2640426e+001
  1.3201339e+001
  1.2933010e+001
  1.2676505e+001
  1.2990437e+001
  1.2541850e+001
  1.2518012e+001
  1.2664982e+001
  1.2669956e+001
  1.3158006e+001
  1.2463308e+001
  1.2486363e+001
  1.2795037e+001
  1.2436913e+001
  1.3055283e+001
  1.2835177e+001
  1.2385982e+001
  1.2811194e+001
  1.2696404e+001
  1.2856991e+001
  1.2915852e+001
  1.2591192e+001
  1.2760608e+001
  1.2765373e+001
  1.2789161e+001
  1.2711244e+001
  1.2786298e+001
  1.2537996e+001
  1.2834683e+001
  1.2722709e+001
  1.2704837e+001
  1.2791148e+001
  1.2522218e+001
  1.2871966e+001
  1.2497488e+001
  1.2988823e+001
  1.2409405e+001
  1.2984058e+001
  1.2399756e+001
  1.2869441e+001
  1.2525009e+001
  1.2838216e+001
  1.2561161e+001
  1.2776779e+001
  1.2629226e+001
  1.2755013e+001
  1.2595735e+001
  1.2770643e+001
  1.2573115e+001
  1.2806994e+001
  1.2494390e+001
  1.2873346e+001
  1.2393974e+001
  1.2929644e+001
  1.2379881e+001
  1.2935887e+001
  1.2370354e+001
  1.2834765e+001
  1.2484583e+001
  1.2703107e+001
  1.2643562e+001
  1.2580342e+001
  1.2782128e+001
  1.2568750e+001
  1.2696644e+001
  1.2619708e+001
  1.2639877e+001
  1.2617299e+001
  1.2724687e+001
  1.2474651e+001
  1.2746779e+001
  1.2574953e+001
  1.2473034e+001
  1.2933186e+001
  1.2338503e+001
  1.2744338e+001
  1.2783662e+001
  1.2271003e+001
  1.2908225e+001
  1.2572039e+001
  1.2391979e+001
  1.2850662e+001
  1.2554494e+001
  1.2546941e+001
  1.2603200e+001
  1.2603129e+001
  1.2663462e+001
  1.2364236e+001
  1.2690927e+001
  1.2855637e+001
  1.2266046e+001
  1.2585310e+001
  1.2846673e+001
  1.2428089e+001
  1.2515812e+001
  1.2571818e+001
  1.2555742e+001
  1.2814282e+001
  1.2456280e+001
  1.2268547e+001
  1.2800275e+001
  1.2745300e+001
  1.2459091e+001
  1.2589157e+001
  1.2429808e+001
  1.2458130e+001
  1.2885477e+001
  1.2698844e+001
  1.2365187e+001
  1.2553505e+001
  1.2479549e+001
  1.2413838e+001
  1.2829547e+001
  1.2804320e+001
  1.2482576e+001
  1.2612627e+001
  1.2512024e+001
  1.2212231e+001
  1.2472712e+001
  1.2679493e+001
  1.2479938e+001
  1.2676852e+001
  1.2933240e+001
  1.2616921e+001
  1.2571206e+001
  1.2810657e+001
  1.2515194e+001
  1.2339259e+001
  1.2623098e+001
  1.2448023e+001
  1.2166024e+001
  1.2551106e+001
  1.2519128e+001
  1.1554590e+001
