  1.3085923e+001
  1.3433994e+001
  1.2999429e+001
  1.2945086e+001
  1.3559451e+001
  1.2845054e+001
  1.2616513e+001
  1.3493356e+001
  1.3763648e+001
  1.3128779e+001
  1.2705820e+001
  1.2941752e+001
  1.3199866e+001
  1.3939298e+001
  1.2939780e+001
  1.2575780e+001
  1.3358113e+001
  1.3024289e+001
  1.2885975e+001
  1.3255140e+001
  1.3221336e+001
  1.3265369e+001
  1.2780821e+001
  1.3171186e+001
  1.2915874e+001
  1.3051775e+001
  1.3256101e+001
  1.3127945e+001
  1.3006713e+001
  1.3059378e+001
  1.3114444e+001
  1.2514348e+001
  1.2751725e+001
  1.3579778e+001
  1.2978031e+001
  1.2996194e+001
  1.3272989e+001
  1.2742078e+001
  1.2963979e+001
  1.3314965e+001
  1.2837897e+001
  1.3088690e+001
  1.2917958e+001
  1.2711282e+001
  1.3286379e+001
  1.3200108e+001
  1.3034595e+001
  1.2884360e+001
  1.2859062e+001
  1.2914798e+001
  1.3094191e+001
  1.2821451e+001
  1.2799533e+001
  1.2906465e+001
  1.2811545e+001
  1.3270496e+001
  1.2543361e+001
  1.3024781e+001
  1.2767506e+001
  1.2908475e+001
  1.3209277e+001
  1.2650984e+001
  1.3088338e+001
  1.2591730e+001
  1.3146067e+001
  1.2586114e+001
  1.3226918e+001
  1.2472778e+001
  1.3131973e+001
  1.2525337e+001
  1.3172986e+001
  1.2505208e+001
  1.3122385e+001
  1.2485328e+001
  1.3134026e+001
  1.2437165e+001
  1.3127742e+001
  1.2430134e+001
  1.3071085e+001
  1.2465665e+001
  1.3042125e+001
  1.2534812e+001
  1.2823654e+001
  1.2677525e+001
  1.2627684e+001
  1.2868759e+001
  1.2473679e+001
  1.2968827e+001
  1.2506051e+001
  1.2819711e+001
  1.2616392e+001
  1.2631895e+001
  1.2763127e+001
  1.2591754e+001
  1.2709053e+001
  1.2622509e+001
  1.2634575e+001
  1.2563373e+001
  1.2708110e+001
  1.2516156e+001
  1.2639135e+001
  1.2771533e+001
  1.2341265e+001
  1.2828684e+001
  1.2623601e+001
  1.2320346e+001
  1.2960121e+001
  1.2487537e+001
  1.2402512e+001
  1.2855056e+001
  1.2418512e+001
  1.2445750e+001
  1.2671930e+001
  1.2523593e+001
  1.2574666e+001
  1.2427461e+001
  1.2573975e+001
  1.2799391e+001
  1.2267351e+001
  1.2368390e+001
  1.2847137e+001
  1.2449955e+001
  1.2315109e+001
  1.2570323e+001
  1.2468708e+001
  1.2613938e+001
  1.2603180e+001
  1.2174623e+001
  1.2425827e+001
  1.2799971e+001
  1.2503935e+001
  1.2426286e+001
  1.2470043e+001
  1.2227683e+001
  1.2451488e+001
  1.2834250e+001
  1.2542729e+001
  1.2365289e+001
  1.2487397e+001
  1.2246384e+001
  1.2217031e+001
  1.2641094e+001
  1.2638902e+001
  1.2474627e+001
  1.2704114e+001
  1.2571982e+001
  1.2191258e+001
  1.2328439e+001
  1.2420052e+001
  1.2124177e+001
  1.2254446e+001
  1.2547498e+001
  1.2335936e+001
  1.2344099e+001
  1.2711262e+001
  1.2555885e+001
  1.2367699e+001
  1.2793829e+001
  1.2736704e+001
  1.1785064e+001
