  1.4126679e+001
  1.5118438e+001
  1.4844778e+001
  1.4610915e+001
  1.4676129e+001
  1.4466077e+001
  1.4128917e+001
  1.4721279e+001
  1.5285905e+001
  1.4494408e+001
  1.4085701e+001
  1.5027165e+001
  1.4364764e+001
  1.4564500e+001
  1.4483078e+001
  1.4097221e+001
  1.4383264e+001
  1.4501901e+001
  1.4303283e+001
  1.4722115e+001
  1.4390244e+001
  1.4087781e+001
  1.4019272e+001
  1.5093324e+001
  1.4587265e+001
  1.4129659e+001
  1.4448907e+001
  1.4240582e+001
  1.4101930e+001
  1.4110925e+001
  1.3937013e+001
  1.4046440e+001
  1.4057751e+001
  1.4331161e+001
  1.4614050e+001
  1.3951197e+001
  1.4029255e+001
  1.4571052e+001
  1.4141395e+001
  1.4298078e+001
  1.4199032e+001
  1.4039303e+001
  1.4132229e+001
  1.3797815e+001
  1.4005914e+001
  1.4099524e+001
  1.4107235e+001
  1.3866806e+001
  1.3664149e+001
  1.3980122e+001
  1.3747146e+001
  1.3928230e+001
  1.3666261e+001
  1.3712944e+001
  1.4037114e+001
  1.3581107e+001
  1.3679143e+001
  1.3429356e+001
  1.3971745e+001
  1.3614910e+001
  1.3982112e+001
  1.3381451e+001
  1.3574809e+001
  1.3879548e+001
  1.3515879e+001
  1.4004425e+001
  1.3352071e+001
  1.3716313e+001
  1.3274287e+001
  1.3828289e+001
  1.3183439e+001
  1.3755380e+001
  1.3195108e+001
  1.3723649e+001
  1.3117377e+001
  1.3601882e+001
  1.3148662e+001
  1.3537426e+001
  1.3163323e+001
  1.3419878e+001
  1.3281803e+001
  1.3143615e+001
  1.3365089e+001
  1.3007324e+001
  1.3478331e+001
  1.2885442e+001
  1.3404792e+001
  1.2929837e+001
  1.3194267e+001
  1.3103312e+001
  1.2930888e+001
  1.3272955e+001
  1.2826316e+001
  1.3190835e+001
  1.2948194e+001
  1.2927015e+001
  1.3089390e+001
  1.2845765e+001
  1.2975309e+001
  1.2898233e+001
  1.2893142e+001
  1.2816024e+001
  1.2897753e+001
  1.2882007e+001
  1.2666527e+001
  1.3015158e+001
  1.2739829e+001
  1.2598795e+001
  1.3118401e+001
  1.2579869e+001
  1.2541645e+001
  1.3054549e+001
  1.2564248e+001
  1.2535406e+001
  1.2880867e+001
  1.2621795e+001
  1.2600893e+001
  1.2599263e+001
  1.2566747e+001
  1.2821512e+001
  1.2494355e+001
  1.2294565e+001
  1.2831403e+001
  1.2725234e+001
  1.2278999e+001
  1.2491878e+001
  1.2579492e+001
  1.2511917e+001
  1.2700255e+001
  1.2402952e+001
  1.2137065e+001
  1.2574005e+001
  1.2705703e+001
  1.2401081e+001
  1.2471448e+001
  1.2399201e+001
  1.2101656e+001
  1.2378605e+001
  1.2676091e+001
  1.2434020e+001
  1.2418337e+001
  1.2519108e+001
  1.2181465e+001
  1.2070385e+001
  1.2386009e+001
  1.2336970e+001
  1.2229694e+001
  1.2571360e+001
  1.2618911e+001
  1.2316554e+001
  1.2444470e+001
  1.2549707e+001
  1.2187946e+001
  1.2154828e+001
  1.2402066e+001
  1.2154269e+001
  1.1961212e+001
  1.2327870e+001
  1.2238576e+001
  1.1334596e+001
