  8.3370737e+001
  8.1988370e+001
  8.4336975e+001
  8.4162685e+001
  8.4067193e+001
  8.6276702e+001
  8.5151398e+001
  8.1345876e+001
  8.0520931e+001
  8.2081929e+001
  8.3376817e+001
  8.2845910e+001
  8.2695859e+001
  8.0371811e+001
  7.8340402e+001
  8.1239218e+001
  8.2350092e+001
  7.8650638e+001
  7.7937496e+001
  7.9612116e+001
  7.9205722e+001
  7.8070701e+001
  7.7076977e+001
  7.6306485e+001
  7.7752525e+001
  7.7477209e+001
  7.3481294e+001
  7.4764901e+001
  7.7737970e+001
  7.2855892e+001
  7.2574664e+001
  7.5842973e+001
  7.1878356e+001
  7.0810285e+001
  7.4387677e+001
  7.0641434e+001
  6.9648625e+001
  7.1795739e+001
  6.8519216e+001
  6.9039485e+001
  6.9801817e+001
  6.6483786e+001
  6.7853226e+001
  6.7270392e+001
  6.4985804e+001
  6.6562359e+001
  6.4576587e+001
  6.4144985e+001
  6.4434545e+001
  6.2247005e+001
  6.3282859e+001
  6.1210299e+001
  6.1419639e+001
  6.1435523e+001
  5.9549087e+001
  6.0523925e+001
  5.7549468e+001
  5.9395538e+001
  5.6888323e+001
  5.7351620e+001
  5.6623965e+001
  5.5487985e+001
  5.5922949e+001
  5.3090865e+001
  5.5255592e+001
  5.1862821e+001
  5.3671392e+001
  5.0038801e+001
  5.2415037e+001
  4.8671154e+001
  5.1384479e+001
  4.7630469e+001
  4.9848450e+001
  4.6137552e+001
  4.8414999e+001
  4.5029775e+001
  4.6890428e+001
  4.3736922e+001
  4.5657683e+001
  4.3064114e+001
  4.3784195e+001
  4.2255219e+001
  4.1775794e+001
  4.1319747e+001
  4.0171884e+001
  4.0868034e+001
  3.8576707e+001
  3.9507896e+001
  3.7574804e+001
  3.7545628e+001
  3.6860172e+001
  3.5973834e+001
  3.6264862e+001
  3.4532247e+001
  3.4743559e+001
  3.3884854e+001
  3.2918053e+001
  3.3148239e+001
  3.1659764e+001
  3.1577741e+001
  3.1263581e+001
  2.9845378e+001
  3.0220267e+001
  2.9281948e+001
  2.8182182e+001
  2.8744101e+001
  2.7481201e+001
  2.6648155e+001
  2.7247345e+001
  2.5818448e+001
  2.5105198e+001
  2.5722275e+001
  2.4413972e+001
  2.3564219e+001
  2.4104256e+001
  2.3220225e+001
  2.2250753e+001
  2.2389149e+001
  2.1885670e+001
  2.1188403e+001
  2.0928658e+001
  2.0348376e+001
  2.0061382e+001
  2.0034678e+001
  1.9119434e+001
  1.8479397e+001
  1.8771151e+001
  1.8453081e+001
  1.7555830e+001
  1.7328793e+001
  1.7179094e+001
  1.6640371e+001
  1.6554019e+001
  1.6488705e+001
  1.5704454e+001
  1.5209076e+001
  1.5337611e+001
  1.5109690e+001
  1.4684449e+001
  1.4712369e+001
  1.4545870e+001
  1.3870755e+001
  1.3576736e+001
  1.3657357e+001
  1.3370855e+001
  1.3049861e+001
  1.3214185e+001
  1.3224515e+001
  1.2798832e+001
  1.2686260e+001
  1.2800357e+001
  1.2442752e+001
  1.2080033e+001
  1.2184891e+001
  1.2144004e+001
  1.1750666e+001
  1.1709735e+001
  1.1978988e+001
  1.1755669e+001
  1.0941899e+001
