  1.4168496e+002
  1.3942937e+002
  1.4033527e+002
  1.3800937e+002
  1.3252435e+002
  1.3329871e+002
  1.3757765e+002
  1.3758717e+002
  1.3587336e+002
  1.3566431e+002
  1.3274732e+002
  1.2922058e+002
  1.3313462e+002
  1.3723111e+002
  1.3160789e+002
  1.2721889e+002
  1.2955593e+002
  1.3120858e+002
  1.3035559e+002
  1.2878149e+002
  1.2501486e+002
  1.2534121e+002
  1.2984244e+002
  1.2583987e+002
  1.2008246e+002
  1.2551494e+002
  1.2627779e+002
  1.1823209e+002
  1.2104686e+002
  1.2405669e+002
  1.1746827e+002
  1.1695173e+002
  1.2047743e+002
  1.1612389e+002
  1.1503704e+002
  1.1679723e+002
  1.1356033e+002
  1.1223435e+002
  1.1327511e+002
  1.1118435e+002
  1.0984744e+002
  1.0998485e+002
  1.0818620e+002
  1.0717936e+002
  1.0679230e+002
  1.0500249e+002
  1.0468352e+002
  1.0322709e+002
  1.0196406e+002
  1.0152259e+002
  9.9379145e+001
  9.9695893e+001
  9.7541295e+001
  9.7631748e+001
  9.5875961e+001
  9.3919486e+001
  9.4406244e+001
  9.1295362e+001
  9.2955001e+001
  8.8522684e+001
  9.1030021e+001
  8.6771055e+001
  8.7775743e+001
  8.5160816e+001
  8.4998994e+001
  8.4124685e+001
  8.1256246e+001
  8.2302000e+001
  7.8605200e+001
  8.0555931e+001
  7.6383759e+001
  7.8391817e+001
  7.3981217e+001
  7.5976763e+001
  7.2000200e+001
  7.3131726e+001
  7.0133263e+001
  7.0146509e+001
  6.8942214e+001
  6.7090153e+001
  6.7170552e+001
  6.4192431e+001
  6.5349967e+001
  6.1825911e+001
  6.3447597e+001
  6.0085346e+001
  6.0366218e+001
  5.8619243e+001
  5.7539416e+001
  5.6874200e+001
  5.5241439e+001
  5.5162833e+001
  5.3110934e+001
  5.2459936e+001
  5.1339339e+001
  5.0138873e+001
  4.9469421e+001
  4.7991785e+001
  4.7273135e+001
  4.6270235e+001
  4.4988271e+001
  4.4443547e+001
  4.3194013e+001
  4.2006898e+001
  4.1657571e+001
  4.0188729e+001
  3.9128078e+001
  3.9051834e+001
  3.7320485e+001
  3.6275671e+001
  3.6576282e+001
  3.4663461e+001
  3.3377546e+001
  3.4048454e+001
  3.2420897e+001
  3.0623580e+001
  3.1295483e+001
  3.0481842e+001
  2.8343330e+001
  2.8310375e+001
  2.8311166e+001
  2.6763935e+001
  2.5894651e+001
  2.5563148e+001
  2.4792254e+001
  2.4350583e+001
  2.3640348e+001
  2.2327578e+001
  2.1929295e+001
  2.2153792e+001
  2.1233449e+001
  2.0013743e+001
  1.9721737e+001
  1.9386750e+001
  1.8698620e+001
  1.8499627e+001
  1.8203704e+001
  1.7165953e+001
  1.6453973e+001
  1.6411137e+001
  1.6080401e+001
  1.5503766e+001
  1.5413959e+001
  1.5278415e+001
  1.4578872e+001
  1.4041913e+001
  1.3950974e+001
  1.3578012e+001
  1.3002737e+001
  1.2917847e+001
  1.2971782e+001
  1.2618557e+001
  1.2349748e+001
  1.2494187e+001
  1.2407236e+001
  1.2045739e+001
  1.2052546e+001
  1.2270492e+001
  1.1989215e+001
  1.1175627e+001
