  3.2539190e+002
  3.2441708e+002
  3.2659700e+002
  3.3545012e+002
  3.3262935e+002
  3.1688910e+002
  3.1199470e+002
  3.1841879e+002
  3.2052834e+002
  3.2068500e+002
  3.2371925e+002
  3.1536148e+002
  3.0242873e+002
  3.0840024e+002
  3.2170719e+002
  3.1369858e+002
  2.9877947e+002
  3.0210125e+002
  3.0934422e+002
  3.0487609e+002
  2.9935467e+002
  2.9577450e+002
  2.9589083e+002
  3.0045158e+002
  2.9433079e+002
  2.8384646e+002
  2.9132250e+002
  2.9544917e+002
  2.7836875e+002
  2.7978262e+002
  2.9153848e+002
  2.7478093e+002
  2.7025818e+002
  2.8501227e+002
  2.6930809e+002
  2.6339851e+002
  2.7828422e+002
  2.6126224e+002
  2.5829032e+002
  2.7066439e+002
  2.5111896e+002
  2.5553561e+002
  2.6102459e+002
  2.4183948e+002
  2.5503046e+002
  2.4628625e+002
  2.3733477e+002
  2.4958922e+002
  2.3149714e+002
  2.3875082e+002
  2.3425133e+002
  2.2576460e+002
  2.3402424e+002
  2.1988707e+002
  2.2576765e+002
  2.1849357e+002
  2.1704656e+002
  2.1505016e+002
  2.1095004e+002
  2.0881877e+002
  2.0705044e+002
  2.0187232e+002
  2.0223819e+002
  1.9595527e+002
  1.9638512e+002
  1.9087531e+002
  1.8912437e+002
  1.8689361e+002
  1.8262970e+002
  1.8191945e+002
  1.7586628e+002
  1.7690110e+002
  1.7027721e+002
  1.7089992e+002
  1.6551225e+002
  1.6387668e+002
  1.6093553e+002
  1.5729892e+002
  1.5672585e+002
  1.5095729e+002
  1.5136707e+002
  1.4553098e+002
  1.4491678e+002
  1.4108432e+002
  1.3833480e+002
  1.3598016e+002
  1.3296858e+002
  1.2936022e+002
  1.2917868e+002
  1.2208485e+002
  1.2490901e+002
  1.1689312e+002
  1.1716373e+002
  1.1537282e+002
  1.0822633e+002
  1.1243008e+002
  1.0360032e+002
  1.0364421e+002
  1.0337831e+002
  9.4890901e+001
  9.8681367e+001
  9.3375901e+001
  8.8473155e+001
  9.1899154e+001
  8.4612961e+001
  8.2407160e+001
  8.4453512e+001
  7.7156469e+001
  7.5889716e+001
  7.7239589e+001
  7.0653671e+001
  6.8989092e+001
  7.0283451e+001
  6.4979365e+001
  6.2157791e+001
  6.3116565e+001
  5.9869931e+001
  5.6215608e+001
  5.5766257e+001
  5.4337935e+001
  5.1551631e+001
  4.9454835e+001
  4.7672993e+001
  4.6471182e+001
  4.5296958e+001
  4.2341020e+001
  3.9925635e+001
  3.9974779e+001
  3.9245066e+001
  3.6007593e+001
  3.3738418e+001
  3.3444044e+001
  3.2541844e+001
  3.0793948e+001
  2.9503591e+001
  2.7972555e+001
  2.6052088e+001
  2.5096507e+001
  2.4972673e+001
  2.4013036e+001
  2.2306361e+001
  2.1200257e+001
  2.0332001e+001
  1.9021686e+001
  1.7983413e+001
  1.7691864e+001
  1.7270919e+001
  1.6320475e+001
  1.5643399e+001
  1.5342289e+001
  1.4682362e+001
  1.3734277e+001
  1.3269105e+001
  1.3063172e+001
  1.2489055e+001
  1.1893439e+001
  1.1790366e+001
  1.1764227e+001
  1.1388879e+001
  1.0611013e+001
