  1.8822355e+002
  2.1471196e+002
  2.4205291e+002
  2.6935405e+002
  2.9586630e+002
  3.2112821e+002
  3.4506706e+002
  3.6803439e+002
  3.9076452e+002
  4.1425815e+002
  4.3960808e+002
  4.6779614e+002
  4.9949826e+002
  5.3493532e+002
  5.7380151e+002
  6.1528884e+002
  6.5820942e+002
  7.0119793e+002
  7.4296066e+002
  7.8252558e+002
  8.1944516e+002
  8.5390944e+002
  8.8674157e+002
  9.1926942e+002
  9.5309057e+002
  9.8977028e+002
  1.0305275e+003
  1.0759696e+003
  1.1259297e+003
  1.1794437e+003
  1.2348775e+003
  1.2901865e+003
  1.3432637e+003
  1.3923153e+003
  1.4361963e+003
  1.4746452e+003
  1.5083779e+003
  1.5390233e+003
  1.5689111e+003
  1.6007474e+003
  1.6372289e+003
  1.6806519e+003
  1.7325753e+003
  1.7935807e+003
  1.8631638e+003
  1.9397707e+003
  2.0209756e+003
  2.1037790e+003
  2.1849884e+003
  2.2616318e+003
  2.3313465e+003
  2.3926868e+003
  2.4453043e+003
  2.4899724e+003
  2.5284535e+003
  2.5632328e+003
  2.5971675e+003
  2.6331097e+003
  2.6735633e+003
  2.7204226e+003
  2.7748166e+003
  2.8370615e+003
  2.9067042e+003
  2.9826287e+003
  3.0631995e+003
  3.1464210e+003
  3.2301043e+003
  3.3120389e+003
  3.3901682e+003
  3.4627635e+003
  3.5285839e+003
  3.5870035e+003
  3.6380874e+003
  3.6826039e+003
  3.7219711e+003
  3.7581490e+003
  3.7934911e+003
  3.8305729e+003
  3.8720059e+003
  3.9202361e+003
  3.9773241e+003
  4.0447049e+003
  4.1229399e+003
  4.2114930e+003
  4.3085795e+003
  4.4111457e+003
  4.5150256e+003
  4.6152978e+003
  4.7068243e+003
  4.7849101e+003
  4.8459884e+003
  4.8882204e+003
  4.9119004e+003
  4.9195902e+003
  4.9159414e+003
  4.9072188e+003
  4.9005771e+003
  4.9031827e+003
  4.9212899e+003
  4.9593943e+003
  5.0195784e+003
  5.1011507e+003
  5.2006487e+003
  5.3122362e+003
  5.4284695e+003
  5.5413490e+003
  5.6435117e+003
  5.7293812e+003
  5.7960733e+003
  5.8438795e+003
  5.8762097e+003
  5.8989713e+003
  5.9194647e+003
  5.9449820e+003
  5.9813644e+003
  6.0317957e+003
  6.0960800e+003
  6.1705649e+003
  6.2487478e+003
  6.3224716e+003
  6.3834944e+003
  6.4251353e+003
  6.4436793e+003
  6.4392554e+003
  6.4160010e+003
  6.3814534e+003
  6.3452569e+003
  6.3174083e+003
  6.3063577e+003
  6.3173211e+003
  6.3511357e+003
  6.4039015e+003
  6.4675124e+003
  6.5310226e+003
  6.5826326e+003
  6.6119549e+003
  6.6121556e+003
  6.5815692e+003
  6.5244668e+003
  6.4507965e+003
  6.3748976e+003
  6.3133698e+003
  6.2824398e+003
  6.2952649e+003
  6.3596348e+003
  6.4764729e+003
  6.6394020e+003
  6.8354596e+003
  7.0468462e+003
  7.2534154e+003
  7.4354946e+003
  7.5765818e+003
  7.6655030e+003
  7.6977310e+003
  7.6757173e+003
  7.6082645e+003
  7.5091025e+003
  7.3949364e+003
  7.2832621e+003
  7.1902359e+003
