  3.5616271e+002
  3.4549446e+002
  3.3275576e+002
  3.3612193e+002
  3.4563358e+002
  3.4519115e+002
  3.4466427e+002
  3.4657958e+002
  3.3655022e+002
  3.2422502e+002
  3.3150912e+002
  3.4509482e+002
  3.3849666e+002
  3.2403082e+002
  3.2346841e+002
  3.2878056e+002
  3.2848884e+002
  3.2749253e+002
  3.2095966e+002
  3.1303913e+002
  3.2012943e+002
  3.2620810e+002
  3.0989844e+002
  3.0340407e+002
  3.1933822e+002
  3.1460880e+002
  2.9493875e+002
  3.0545618e+002
  3.1304009e+002
  2.9186456e+002
  2.9346036e+002
  3.0665303e+002
  2.8800384e+002
  2.8469652e+002
  2.9868970e+002
  2.8174944e+002
  2.7832722e+002
  2.9110305e+002
  2.7249932e+002
  2.7339015e+002
  2.8289812e+002
  2.6210884e+002
  2.7150346e+002
  2.7068844e+002
  2.5372768e+002
  2.6928052e+002
  2.5369043e+002
  2.5233580e+002
  2.6009432e+002
  2.3991637e+002
  2.5398081e+002
  2.4051268e+002
  2.3986639e+002
  2.4281462e+002
  2.2912406e+002
  2.3881967e+002
  2.2494231e+002
  2.2917094e+002
  2.2254643e+002
  2.2083462e+002
  2.1786797e+002
  2.1545877e+002
  2.1029086e+002
  2.1199651e+002
  2.0242011e+002
  2.0742293e+002
  1.9483714e+002
  2.0277554e+002
  1.8835047e+002
  1.9621853e+002
  1.8235072e+002
  1.9065731e+002
  1.7650625e+002
  1.8450136e+002
  1.7067787e+002
  1.7772888e+002
  1.6527008e+002
  1.7096291e+002
  1.6067038e+002
  1.6316149e+002
  1.5638066e+002
  1.5538494e+002
  1.5173517e+002
  1.4913172e+002
  1.4537306e+002
  1.4461777e+002
  1.3764754e+002
  1.4060157e+002
  1.3092322e+002
  1.3393497e+002
  1.2778035e+002
  1.2392687e+002
  1.2650718e+002
  1.1563919e+002
  1.2088402e+002
  1.1326021e+002
  1.0996523e+002
  1.1276144e+002
  1.0245223e+002
  1.0541686e+002
  1.0207844e+002
  9.5013174e+001
  9.8821342e+001
  9.2224275e+001
  8.8518054e+001
  9.1136524e+001
  8.3885850e+001
  8.1734857e+001
  8.3445704e+001
  7.6576741e+001
  7.4472412e+001
  7.6162796e+001
  7.0160622e+001
  6.7025907e+001
  6.8974084e+001
  6.4656944e+001
  5.9987966e+001
  6.1197669e+001
  5.9622212e+001
  5.4402643e+001
  5.3231953e+001
  5.3438093e+001
  5.0233235e+001
  4.7199997e+001
  4.6178194e+001
  4.4848097e+001
  4.3053594e+001
  4.1284815e+001
  3.8764583e+001
  3.6914142e+001
  3.6740075e+001
  3.5738744e+001
  3.2720327e+001
  3.0560090e+001
  3.0120941e+001
  2.9381140e+001
  2.7767799e+001
  2.6529023e+001
  2.5312410e+001
  2.3475833e+001
  2.2062325e+001
  2.1694118e+001
  2.1167892e+001
  1.9952016e+001
  1.8930706e+001
  1.8304322e+001
  1.7284814e+001
  1.6001563e+001
  1.5296628e+001
  1.4970210e+001
  1.4294573e+001
  1.3555444e+001
  1.3308043e+001
  1.3156135e+001
  1.2620863e+001
  1.2131344e+001
  1.2082587e+001
  1.1989811e+001
  1.1567982e+001
  1.0812133e+001
