  3.2931380e+002
  3.3481728e+002
  3.2939521e+002
  3.2757143e+002
  3.2642833e+002
  3.1540233e+002
  3.0917293e+002
  3.2012914e+002
  3.3034889e+002
  3.2186544e+002
  3.1040051e+002
  3.0964017e+002
  3.1164912e+002
  3.1218193e+002
  3.1564701e+002
  3.1082974e+002
  2.9806114e+002
  3.0066995e+002
  3.1417704e+002
  3.0549947e+002
  2.8850321e+002
  2.9671035e+002
  3.0739303e+002
  2.9215370e+002
  2.8374844e+002
  2.9672667e+002
  2.9347052e+002
  2.7914333e+002
  2.8438073e+002
  2.8876713e+002
  2.7631570e+002
  2.7566422e+002
  2.8145009e+002
  2.7121042e+002
  2.6851295e+002
  2.7473726e+002
  2.6444560e+002
  2.6225680e+002
  2.6784658e+002
  2.5536881e+002
  2.5754612e+002
  2.5994028e+002
  2.4574778e+002
  2.5476504e+002
  2.4815298e+002
  2.3889343e+002
  2.5111727e+002
  2.3338155e+002
  2.3937020e+002
  2.3787535e+002
  2.2449355e+002
  2.3844181e+002
  2.1957937e+002
  2.2794903e+002
  2.2135664e+002
  2.1561122e+002
  2.2075057e+002
  2.0805710e+002
  2.1502866e+002
  2.0475988e+002
  2.0666624e+002
  2.0133870e+002
  1.9953823e+002
  1.9616711e+002
  1.9480226e+002
  1.8864933e+002
  1.9131072e+002
  1.8141954e+002
  1.8715406e+002
  1.7401566e+002
  1.8283374e+002
  1.6834746e+002
  1.7680892e+002
  1.6324944e+002
  1.7000365e+002
  1.5887902e+002
  1.6254934e+002
  1.5515783e+002
  1.5508341e+002
  1.5075524e+002
  1.4851887e+002
  1.4513300e+002
  1.4387880e+002
  1.3837947e+002
  1.4004964e+002
  1.3158279e+002
  1.3476907e+002
  1.2731379e+002
  1.2641087e+002
  1.2581034e+002
  1.1720023e+002
  1.2285152e+002
  1.1196745e+002
  1.1468869e+002
  1.1135081e+002
  1.0476340e+002
  1.0889062e+002
  1.0009356e+002
  1.0039017e+002
  9.9394336e+001
  9.2419532e+001
  9.4429348e+001
  9.0094011e+001
  8.6093049e+001
  8.7219490e+001
  8.2187899e+001
  7.9722285e+001
  7.9950998e+001
  7.5108855e+001
  7.2979333e+001
  7.3039706e+001
  6.8656451e+001
  6.6100245e+001
  6.6508226e+001
  6.2915585e+001
  5.9302622e+001
  5.9882265e+001
  5.7970170e+001
  5.3240272e+001
  5.2551292e+001
  5.2953597e+001
  4.8960862e+001
  4.5714289e+001
  4.6260999e+001
  4.5333719e+001
  4.1586543e+001
  3.9563189e+001
  3.9318908e+001
  3.7941531e+001
  3.5879978e+001
  3.4319586e+001
  3.2535178e+001
  3.1005756e+001
  3.0573063e+001
  2.9787302e+001
  2.7557254e+001
  2.5502694e+001
  2.4832473e+001
  2.4329632e+001
  2.3110679e+001
  2.2083650e+001
  2.1368618e+001
  2.0049924e+001
  1.8533393e+001
  1.7758156e+001
  1.7425736e+001
  1.6701362e+001
  1.5829155e+001
  1.5444956e+001
  1.5121330e+001
  1.4282867e+001
  1.3486313e+001
  1.3161090e+001
  1.2827362e+001
  1.2179417e+001
  1.1687685e+001
  1.1625532e+001
  1.1490609e+001
  1.1101520e+001
  1.0404941e+001
