  2.7414574e+002
  2.7118639e+002
  2.6429723e+002
  2.6596871e+002
  2.7687649e+002
  2.7898311e+002
  2.6946056e+002
  2.6338325e+002
  2.6395604e+002
  2.6358072e+002
  2.6432717e+002
  2.6956625e+002
  2.6641197e+002
  2.5339995e+002
  2.5270918e+002
  2.6521687e+002
  2.6445126e+002
  2.4947028e+002
  2.4822298e+002
  2.5826261e+002
  2.5530108e+002
  2.4529727e+002
  2.4587452e+002
  2.5024485e+002
  2.4619824e+002
  2.4126223e+002
  2.4101001e+002
  2.4171474e+002
  2.3886548e+002
  2.3463308e+002
  2.3536952e+002
  2.3490277e+002
  2.2939569e+002
  2.2913879e+002
  2.2931235e+002
  2.2412783e+002
  2.2398274e+002
  2.2268650e+002
  2.1830296e+002
  2.1893597e+002
  2.1480306e+002
  2.1341171e+002
  2.1311080e+002
  2.0651069e+002
  2.1033225e+002
  2.0395254e+002
  2.0126632e+002
  2.0594172e+002
  1.9300917e+002
  2.0103723e+002
  1.9317682e+002
  1.8955078e+002
  1.9595406e+002
  1.8071107e+002
  1.9207321e+002
  1.7888931e+002
  1.8253615e+002
  1.7941900e+002
  1.7409676e+002
  1.7706924e+002
  1.6918921e+002
  1.7130058e+002
  1.6642196e+002
  1.6458312e+002
  1.6328507e+002
  1.5860290e+002
  1.5931378e+002
  1.5407546e+002
  1.5399405e+002
  1.4972232e+002
  1.4918958e+002
  1.4537732e+002
  1.4424762e+002
  1.4041507e+002
  1.3992477e+002
  1.3527843e+002
  1.3551503e+002
  1.3059902e+002
  1.3043820e+002
  1.2672428e+002
  1.2448941e+002
  1.2353498e+002
  1.1852049e+002
  1.1971132e+002
  1.1404668e+002
  1.1371140e+002
  1.1190222e+002
  1.0622105e+002
  1.1011332e+002
  1.0033008e+002
  1.0510083e+002
  9.8256951e+001
  9.6942155e+001
  9.7528056e+001
  9.0356098e+001
  9.3208035e+001
  8.7939868e+001
  8.6177314e+001
  8.5963899e+001
  8.1223784e+001
  8.1034181e+001
  7.8420980e+001
  7.5895732e+001
  7.4825649e+001
  7.1990210e+001
  7.0535769e+001
  6.8590582e+001
  6.6161492e+001
  6.4946427e+001
  6.2757001e+001
  6.0558682e+001
  5.9388756e+001
  5.7418656e+001
  5.5227043e+001
  5.3806691e+001
  5.2414822e+001
  5.0411573e+001
  4.8346456e+001
  4.7270841e+001
  4.6183657e+001
  4.3649853e+001
  4.1735250e+001
  4.1613892e+001
  4.0330934e+001
  3.7238574e+001
  3.5914107e+001
  3.6282281e+001
  3.4743007e+001
  3.1824711e+001
  3.0708810e+001
  3.0751415e+001
  2.9519561e+001
  2.7709631e+001
  2.6563817e+001
  2.5463999e+001
  2.4239317e+001
  2.3635034e+001
  2.3267639e+001
  2.1980194e+001
  2.0279509e+001
  1.9437334e+001
  1.9103027e+001
  1.8355612e+001
  1.7520098e+001
  1.7133427e+001
  1.6647427e+001
  1.5611550e+001
  1.4663240e+001
  1.4267535e+001
  1.3881191e+001
  1.3192117e+001
  1.2697173e+001
  1.2629746e+001
  1.2458594e+001
  1.1967099e+001
  1.1637104e+001
  1.1674890e+001
  1.1586256e+001
  1.1259006e+001
  1.0597356e+001
