  2.0817181e+002
  2.1236626e+002
  2.0726370e+002
  1.9962803e+002
  1.9850333e+002
  1.9969999e+002
  1.9911191e+002
  2.0116090e+002
  2.0532629e+002
  2.0113985e+002
  1.9128116e+002
  1.9132540e+002
  2.0030087e+002
  2.0059292e+002
  1.9162745e+002
  1.8857889e+002
  1.9275420e+002
  1.9355761e+002
  1.9048315e+002
  1.8775701e+002
  1.8592264e+002
  1.8697306e+002
  1.8839899e+002
  1.8336597e+002
  1.7967313e+002
  1.8432178e+002
  1.8348903e+002
  1.7518166e+002
  1.7767276e+002
  1.8151260e+002
  1.7269844e+002
  1.7178920e+002
  1.7752453e+002
  1.6972174e+002
  1.6726714e+002
  1.7279072e+002
  1.6561098e+002
  1.6378927e+002
  1.6756631e+002
  1.6080772e+002
  1.6091632e+002
  1.6136643e+002
  1.5677553e+002
  1.5748132e+002
  1.5451385e+002
  1.5435331e+002
  1.5127862e+002
  1.5034837e+002
  1.5038386e+002
  1.4401695e+002
  1.4944565e+002
  1.4093766e+002
  1.4336053e+002
  1.4208379e+002
  1.3530075e+002
  1.4226770e+002
  1.3070288e+002
  1.3798503e+002
  1.2966322e+002
  1.3155182e+002
  1.2882781e+002
  1.2646196e+002
  1.2597633e+002
  1.2350087e+002
  1.2128676e+002
  1.2165801e+002
  1.1629992e+002
  1.1967954e+002
  1.1162850e+002
  1.1700579e+002
  1.0773591e+002
  1.1371375e+002
  1.0427364e+002
  1.0989563e+002
  1.0142325e+002
  1.0555267e+002
  9.9084652e+001
  1.0074615e+002
  9.6996789e+001
  9.5925918e+001
  9.4586479e+001
  9.2053930e+001
  9.0853373e+001
  8.9710075e+001
  8.5825356e+001
  8.8159534e+001
  8.1122226e+001
  8.5282778e+001
  7.8579387e+001
  7.9894412e+001
  7.7904504e+001
  7.4211659e+001
  7.6128440e+001
  7.0940741e+001
  7.1702274e+001
  6.9340228e+001
  6.7396564e+001
  6.6678916e+001
  6.4433981e+001
  6.3376599e+001
  6.1222712e+001
  6.0656860e+001
  5.8486605e+001
  5.6703491e+001
  5.6717649e+001
  5.3633822e+001
  5.2547754e+001
  5.2535495e+001
  4.9244275e+001
  4.8454744e+001
  4.8472379e+001
  4.5330408e+001
  4.4203640e+001
  4.4490455e+001
  4.1902333e+001
  4.0154520e+001
  4.0297480e+001
  3.8767771e+001
  3.6654425e+001
  3.6122102e+001
  3.5414543e+001
  3.3800722e+001
  3.2579311e+001
  3.1657147e+001
  3.0687976e+001
  2.9911429e+001
  2.8732751e+001
  2.7175045e+001
  2.6494715e+001
  2.6422067e+001
  2.5255450e+001
  2.3386024e+001
  2.2693341e+001
  2.2764539e+001
  2.2026302e+001
  2.0670034e+001
  1.9850003e+001
  1.9312183e+001
  1.8474153e+001
  1.7817284e+001
  1.7661046e+001
  1.7225453e+001
  1.6168742e+001
  1.5298419e+001
  1.4994472e+001
  1.4655041e+001
  1.4025802e+001
  1.3648821e+001
  1.3627344e+001
  1.3333278e+001
  1.2714022e+001
  1.2286269e+001
  1.2189858e+001
  1.1925015e+001
  1.1409932e+001
  1.1113528e+001
  1.1155154e+001
  1.1066603e+001
  1.0754224e+001
  1.0166910e+001
