  1.3325035e+002
  1.3528402e+002
  1.3606101e+002
  1.3563116e+002
  1.3780773e+002
  1.3906870e+002
  1.3421268e+002
  1.2900972e+002
  1.3102042e+002
  1.3605761e+002
  1.3531191e+002
  1.3093382e+002
  1.2941412e+002
  1.2980446e+002
  1.2989867e+002
  1.3076953e+002
  1.3017451e+002
  1.2590248e+002
  1.2479196e+002
  1.2920508e+002
  1.2840057e+002
  1.2157795e+002
  1.2239609e+002
  1.2784211e+002
  1.2310842e+002
  1.1756272e+002
  1.2299608e+002
  1.2374108e+002
  1.1570461e+002
  1.1776167e+002
  1.2210314e+002
  1.1444525e+002
  1.1379187e+002
  1.1932439e+002
  1.1248599e+002
  1.1086184e+002
  1.1623080e+002
  1.0951689e+002
  1.0882948e+002
  1.1283168e+002
  1.0605468e+002
  1.0746043e+002
  1.0832986e+002
  1.0334092e+002
  1.0565090e+002
  1.0328433e+002
  1.0203351e+002
  1.0153686e+002
  1.0031303e+002
  9.9409647e+001
  9.7156847e+001
  9.9013033e+001
  9.3626779e+001
  9.7063061e+001
  9.2705714e+001
  9.2428923e+001
  9.3358375e+001
  8.7918708e+001
  9.2426239e+001
  8.5648911e+001
  8.9324362e+001
  8.4768461e+001
  8.5637692e+001
  8.3571145e+001
  8.2801347e+001
  8.1406873e+001
  8.0883673e+001
  7.8485709e+001
  7.9417892e+001
  7.5587024e+001
  7.7631004e+001
  7.3053851e+001
  7.5294519e+001
  7.1097831e+001
  7.2504777e+001
  6.9499588e+001
  6.9553028e+001
  6.7837145e+001
  6.6918019e+001
  6.5661102e+001
  6.5116414e+001
  6.2704657e+001
  6.3839935e+001
  5.9633333e+001
  6.2170042e+001
  5.7488098e+001
  5.9203703e+001
  5.6720504e+001
  5.5380531e+001
  5.6002912e+001
  5.2495381e+001
  5.3779973e+001
  5.1130606e+001
  5.0686736e+001
  4.9693235e+001
  4.8608691e+001
  4.7428519e+001
  4.6560044e+001
  4.5885766e+001
  4.3817470e+001
  4.4327087e+001
  4.2453205e+001
  4.0977009e+001
  4.1847186e+001
  3.9093310e+001
  3.8385802e+001
  3.9026439e+001
  3.6164447e+001
  3.5810981e+001
  3.6332521e+001
  3.3615415e+001
  3.3037178e+001
  3.3650367e+001
  3.1413680e+001
  3.0244923e+001
  3.0997269e+001
  2.9519864e+001
  2.7708247e+001
  2.8061720e+001
  2.7749219e+001
  2.5809755e+001
  2.5193008e+001
  2.5468592e+001
  2.4424754e+001
  2.3022735e+001
  2.2740688e+001
  2.2554106e+001
  2.1640652e+001
  2.0861430e+001
  2.0373621e+001
  1.9701375e+001
  1.9159783e+001
  1.8968611e+001
  1.8366890e+001
  1.7325511e+001
  1.6787351e+001
  1.6891182e+001
  1.6633855e+001
  1.5745456e+001
  1.5100866e+001
  1.4907616e+001
  1.4546909e+001
  1.3986356e+001
  1.3764858e+001
  1.3788333e+001
  1.3439566e+001
  1.2789321e+001
  1.2432439e+001
  1.2349779e+001
  1.2084156e+001
  1.1619819e+001
  1.1450318e+001
  1.1568673e+001
  1.1475858e+001
  1.1155866e+001
  1.1040532e+001
  1.1187776e+001
  1.1152400e+001
  1.0860876e+001
  1.0324132e+001
