  4.5827439e+001
  4.6865147e+001
  4.8142366e+001
  4.7808326e+001
  4.6824602e+001
  4.6630789e+001
  4.6445602e+001
  4.5632818e+001
  4.5647479e+001
  4.6969433e+001
  4.7140318e+001
  4.5161628e+001
  4.4156926e+001
  4.5608087e+001
  4.6525377e+001
  4.5011220e+001
  4.3689945e+001
  4.4542599e+001
  4.5262505e+001
  4.4179177e+001
  4.3328926e+001
  4.3817628e+001
  4.3996462e+001
  4.3124053e+001
  4.2784017e+001
  4.3114718e+001
  4.2716913e+001
  4.2010049e+001
  4.2164643e+001
  4.2159635e+001
  4.1277863e+001
  4.1241804e+001
  4.1615830e+001
  4.0445925e+001
  4.0269770e+001
  4.1009666e+001
  3.9485251e+001
  3.9440069e+001
  4.0360164e+001
  3.8345412e+001
  3.8848168e+001
  3.9430375e+001
  3.7189992e+001
  3.8557687e+001
  3.7991721e+001
  3.6521143e+001
  3.7959602e+001
  3.6335222e+001
  3.6426672e+001
  3.6460287e+001
  3.5592263e+001
  3.5611308e+001
  3.5294569e+001
  3.4931032e+001
  3.4318333e+001
  3.4872336e+001
  3.3131054e+001
  3.4444915e+001
  3.2678969e+001
  3.3386452e+001
  3.2576185e+001
  3.2166095e+001
  3.2270445e+001
  3.1407262e+001
  3.1519047e+001
  3.1043502e+001
  3.0446414e+001
  3.0771867e+001
  2.9470983e+001
  3.0360684e+001
  2.8629333e+001
  2.9767372e+001
  2.8012750e+001
  2.9047312e+001
  2.7523125e+001
  2.8136370e+001
  2.7177039e+001
  2.7113243e+001
  2.6861072e+001
  2.6201143e+001
  2.6336310e+001
  2.5571914e+001
  2.5522652e+001
  2.5309801e+001
  2.4467954e+001
  2.5025078e+001
  2.3675099e+001
  2.4251152e+001
  2.3349357e+001
  2.3256486e+001
  2.2997788e+001
  2.2642096e+001
  2.2190112e+001
  2.2266940e+001
  2.1573290e+001
  2.1347834e+001
  2.1464374e+001
  2.0366173e+001
  2.0850770e+001
  2.0322305e+001
  1.9584532e+001
  2.0100596e+001
  1.9260027e+001
  1.8910496e+001
  1.9169549e+001
  1.8429460e+001
  1.8221740e+001
  1.8287152e+001
  1.7721490e+001
  1.7428398e+001
  1.7394953e+001
  1.7054235e+001
  1.6713027e+001
  1.6582218e+001
  1.6393731e+001
  1.6038108e+001
  1.5794044e+001
  1.5717483e+001
  1.5455962e+001
  1.5105323e+001
  1.4985082e+001
  1.4850247e+001
  1.4528927e+001
  1.4335004e+001
  1.4245018e+001
  1.3963689e+001
  1.3659367e+001
  1.3662929e+001
  1.3579320e+001
  1.3144943e+001
  1.2872142e+001
  1.3033189e+001
  1.3026401e+001
  1.2514963e+001
  1.2158320e+001
  1.2317375e+001
  1.2436601e+001
  1.2107908e+001
  1.1788637e+001
  1.1769122e+001
  1.1721600e+001
  1.1443613e+001
  1.1318252e+001
  1.1509031e+001
  1.1588285e+001
  1.1269457e+001
  1.0960702e+001
  1.0947674e+001
  1.0958753e+001
  1.0740578e+001
  1.0533216e+001
  1.0636459e+001
  1.0800609e+001
  1.0735274e+001
  1.0507275e+001
  1.0564589e+001
  1.0804112e+001
  1.0745307e+001
  1.0550330e+001
  1.0099232e+001
