  1.2356330e+001
  1.2175110e+001
  1.2286798e+001
  1.2548621e+001
  1.2373267e+001
  1.2089737e+001
  1.2106407e+001
  1.2407058e+001
  1.2473119e+001
  1.2190654e+001
  1.2071788e+001
  1.2247949e+001
  1.2319038e+001
  1.2223547e+001
  1.2102941e+001
  1.2186923e+001
  1.2245482e+001
  1.2087917e+001
  1.2097132e+001
  1.2220842e+001
  1.2145549e+001
  1.2000650e+001
  1.2040202e+001
  1.2148874e+001
  1.2084778e+001
  1.2001025e+001
  1.2028444e+001
  1.2101066e+001
  1.2006643e+001
  1.1895590e+001
  1.2036960e+001
  1.2079496e+001
  1.1839849e+001
  1.1892623e+001
  1.2119652e+001
  1.1746901e+001
  1.1755761e+001
  1.2115845e+001
  1.1738487e+001
  1.1713820e+001
  1.2038311e+001
  1.1697058e+001
  1.1743453e+001
  1.1852578e+001
  1.1687377e+001
  1.1689673e+001
  1.1722480e+001
  1.1742520e+001
  1.1486411e+001
  1.1802452e+001
  1.1593884e+001
  1.1535931e+001
  1.1774129e+001
  1.1367831e+001
  1.1713121e+001
  1.1490988e+001
  1.1512805e+001
  1.1515543e+001
  1.1532690e+001
  1.1272255e+001
  1.1667844e+001
  1.1185990e+001
  1.1650306e+001
  1.1205499e+001
  1.1430417e+001
  1.1302966e+001
  1.1309709e+001
  1.1298832e+001
  1.1309063e+001
  1.1292730e+001
  1.1258363e+001
  1.1180583e+001
  1.1218980e+001
  1.1166687e+001
  1.1174588e+001
  1.1169307e+001
  1.1141227e+001
  1.1091107e+001
  1.1215896e+001
  1.0897549e+001
  1.1289088e+001
  1.0778424e+001
  1.1254953e+001
  1.0815197e+001
  1.1077499e+001
  1.0934956e+001
  1.0909122e+001
  1.0844935e+001
  1.1021031e+001
  1.0652613e+001
  1.1056804e+001
  1.0720225e+001
  1.0768285e+001
  1.1005261e+001
  1.0589320e+001
  1.0886872e+001
  1.0747325e+001
  1.0729801e+001
  1.0678522e+001
  1.0783241e+001
  1.0640295e+001
  1.0525051e+001
  1.0861826e+001
  1.0484765e+001
  1.0482038e+001
  1.0853656e+001
  1.0405453e+001
  1.0461661e+001
  1.0779042e+001
  1.0425572e+001
  1.0374902e+001
  1.0629694e+001
  1.0474817e+001
  1.0358275e+001
  1.0509626e+001
  1.0465504e+001
  1.0370139e+001
  1.0389324e+001
  1.0405092e+001
  1.0380168e+001
  1.0365924e+001
  1.0350123e+001
  1.0335554e+001
  1.0312507e+001
  1.0283763e+001
  1.0326998e+001
  1.0333424e+001
  1.0215683e+001
  1.0192215e+001
  1.0347213e+001
  1.0395651e+001
  1.0189367e+001
  1.0030411e+001
  1.0246142e+001
  1.0504083e+001
  1.0343860e+001
  9.9776661e+000
  9.9473938e+000
  1.0243881e+001
  1.0409550e+001
  1.0228390e+001
  1.0103814e+001
  1.0183948e+001
  1.0200530e+001
  1.0003706e+001
  9.8811875e+000
  1.0057859e+001
  1.0321415e+001
  1.0294836e+001
  1.0156396e+001
  1.0133495e+001
  1.0250689e+001
  1.0274535e+001
  1.0031972e+001
  9.8719877e+000
  9.9800737e+000
  1.0108394e+001
  9.9845248e+000
  9.8574393e+000
  9.5112912e+000
