  2.7566209e+002
  3.0914821e+002
  3.4244584e+002
  3.7456917e+002
  4.0499756e+002
  4.3381863e+002
  4.6175062e+002
  4.9002879e+002
  5.2016973e+002
  5.5365571e+002
  5.9160248e+002
  6.3448243e+002
  6.8196811e+002
  7.3293863e+002
  7.8565840e+002
  8.3810072e+002
  8.8835559e+002
  9.3504032e+002
  9.7762715e+002
  1.0166158e+003
  1.0535087e+003
  1.0905849e+003
  1.1305097e+003
  1.1758508e+003
  1.2285915e+003
  1.2897347e+003
  1.3590768e+003
  1.4352003e+003
  1.5156928e+003
  1.5975592e+003
  1.6777546e+003
  1.7537402e+003
  1.8239559e+003
  1.8881138e+003
  1.9472471e+003
  2.0034964e+003
  2.0596657e+003
  2.1186312e+003
  2.1827198e+003
  2.2531872e+003
  2.3299088e+003
  2.4113525e+003
  2.4948488e+003
  2.5771061e+003
  2.6548698e+003
  2.7255965e+003
  2.7880111e+003
  2.8424450e+003
  2.8908962e+003
  2.9368047e+003
  2.9845831e+003
  3.0389777e+003
  3.1043511e+003
  3.1839880e+003
  3.2795155e+003
  3.3905244e+003
  3.5144528e+003
  3.6467729e+003
  3.7814787e+003
  3.9118305e+003
  4.0312632e+003
  4.1343276e+003
  4.2175148e+003
  4.2798271e+003
  4.3229990e+003
  4.3513299e+003
  4.3711624e+003
  4.3900900e+003
  4.4160163e+003
  4.4561896e+003
  4.5163259e+003
  4.5999051e+003
  4.7077046e+003
  4.8376132e+003
  4.9847587e+003
  5.1419622e+003
  5.3005077e+003
  5.4511673e+003
  5.5853757e+003
  5.6963952e+003
  5.7802926e+003
  5.8365557e+003
  5.8682317e+003
  5.8815483e+003
  5.8850678e+003
  5.8885081e+003
  5.9014112e+003
  5.9318578e+003
  5.9854041e+003
  6.0643797e+003
  6.1676294e+003
  6.2907343e+003
  6.4266903e+003
  6.5669711e+003
  6.7028472e+003
  6.8267768e+003
  6.9336474e+003
  7.0216362e+003
  7.0924973e+003
  7.1511695e+003
  7.2047300e+003
  7.2608612e+003
  7.3261221e+003
  7.4043844e+003
  7.4957824e+003
  7.5964342e+003
  7.6990335e+003
  7.7942273e+003
  7.8725222e+003
  7.9263407e+003
  7.9518073e+003
  7.9498896e+003
  7.9266377e+003
  7.8924338e+003
  7.8603580e+003
  7.8439443e+003
  7.8547317e+003
  7.9000717e+003
  7.9816290e+003
  8.0949022e+003
  8.2299145e+003
  8.3730021e+003
  8.5094016e+003
  8.6261532e+003
  8.7147394e+003
  8.7728886e+003
  8.8051140e+003
  8.8217992e+003
  8.8369467e+003
  8.8650062e+003
  8.9174316e+003
  8.9997153e+003
  9.1095927e+003
  9.2368880e+003
  9.3651402e+003
  9.4747614e+003
  9.5471340e+003
  9.5688179e+003
  9.5349801e+003
  9.4512836e+003
  9.3337679e+003
  9.2066523e+003
  9.0984133e+003
  9.0368489e+003
  9.0440522e+003
  9.1322546e+003
  9.3013336e+003
  9.5384620e+003
  9.8199636e+003
  1.0115021e+004
  1.0390538e+004
  1.0616279e+004
  1.0769378e+004
  1.0837497e+004
  1.0820201e+004
  1.0728462e+004
  1.0582531e+004
  1.0408673e+004
  1.0235318e+004
  1.0089231e+004
