  1.0825009e+001
  1.0454512e+001
  1.0338476e+001
  1.0626824e+001
  1.0810686e+001
  1.0778213e+001
  1.0598723e+001
  1.0573996e+001
  1.0619608e+001
  1.0544948e+001
  1.0564272e+001
  1.0714357e+001
  1.0712674e+001
  1.0529769e+001
  1.0408391e+001
  1.0622240e+001
  1.0833632e+001
  1.0500515e+001
  1.0373051e+001
  1.0651240e+001
  1.0759820e+001
  1.0464368e+001
  1.0357792e+001
  1.0718268e+001
  1.0721720e+001
  1.0404653e+001
  1.0506524e+001
  1.0724909e+001
  1.0534617e+001
  1.0466290e+001
  1.0614572e+001
  1.0549518e+001
  1.0571500e+001
  1.0506550e+001
  1.0452168e+001
  1.0604675e+001
  1.0451361e+001
  1.0397712e+001
  1.0762878e+001
  1.0361745e+001
  1.0370249e+001
  1.0796001e+001
  1.0266721e+001
  1.0451876e+001
  1.0581562e+001
  1.0341604e+001
  1.0489019e+001
  1.0445304e+001
  1.0498475e+001
  1.0276869e+001
  1.0681248e+001
  1.0289031e+001
  1.0374177e+001
  1.0561139e+001
  1.0205246e+001
  1.0559758e+001
  1.0323480e+001
  1.0399396e+001
  1.0384731e+001
  1.0403633e+001
  1.0261759e+001
  1.0581007e+001
  1.0124933e+001
  1.0604785e+001
  1.0140427e+001
  1.0482648e+001
  1.0299005e+001
  1.0287239e+001
  1.0467638e+001
  1.0174802e+001
  1.0461792e+001
  1.0139806e+001
  1.0479223e+001
  1.0169922e+001
  1.0407023e+001
  1.0246780e+001
  1.0248445e+001
  1.0415515e+001
  1.0067616e+001
  1.0478335e+001
  9.9927564e+000
  1.0436930e+001
  1.0116942e+001
  1.0278072e+001
  1.0259815e+001
  1.0217578e+001
  1.0134656e+001
  1.0367861e+001
  9.9917153e+000
  1.0389526e+001
  1.0169645e+001
  1.0076473e+001
  1.0404369e+001
  1.0019583e+001
  1.0240246e+001
  1.0169354e+001
  1.0198819e+001
  1.0062153e+001
  1.0267803e+001
  1.0138398e+001
  9.9426111e+000
  1.0438817e+001
  9.9999275e+000
  9.9961672e+000
  1.0373134e+001
  9.9782648e+000
  1.0068089e+001
  1.0279127e+001
  1.0049884e+001
  1.0077429e+001
  1.0098281e+001
  1.0094241e+001
  1.0156093e+001
  1.0007927e+001
  1.0051792e+001
  1.0205481e+001
  1.0012443e+001
  9.8905282e+000
  1.0192908e+001
  1.0201014e+001
  9.8757004e+000
  9.9464434e+000
  1.0252748e+001
  1.0102765e+001
  9.8203533e+000
  9.9821318e+000
  1.0217765e+001
  1.0065530e+001
  9.8485594e+000
  9.9366698e+000
  1.0138079e+001
  1.0086148e+001
  9.9662201e+000
  9.9931504e+000
  1.0000343e+001
  9.9391315e+000
  9.9542228e+000
  1.0127312e+001
  1.0200930e+001
  9.9785195e+000
  9.7141518e+000
  9.7921385e+000
  1.0080407e+001
  1.0220908e+001
  1.0077337e+001
  9.9502858e+000
  1.0013252e+001
  1.0047418e+001
  9.8582398e+000
  9.7050714e+000
  9.7815986e+000
  9.9969997e+000
  1.0064694e+001
  9.9308515e+000
  9.8735440e+000
  1.0059843e+001
  1.0246110e+001
  1.0118022e+001
  1.0012474e+001
  9.6854225e+000
