  9.9505850e+000
  9.6987373e+000
  9.4755569e+000
  9.5753534e+000
  9.9217111e+000
  1.0089763e+001
  9.7786182e+000
  9.5056593e+000
  9.5934088e+000
  9.8464489e+000
  9.9552372e+000
  9.7400102e+000
  9.6059585e+000
  9.7319292e+000
  9.8529293e+000
  9.7772301e+000
  9.6668421e+000
  9.6883544e+000
  9.8560412e+000
  9.7663878e+000
  9.6502218e+000
  9.7475435e+000
  9.8301644e+000
  9.8042798e+000
  9.6167429e+000
  9.7502316e+000
  9.9608938e+000
  9.6423939e+000
  9.5803529e+000
  9.9555740e+000
  9.7960513e+000
  9.4860371e+000
  9.8977187e+000
  9.8444763e+000
  9.5133103e+000
  9.8168767e+000
  9.8592896e+000
  9.6388403e+000
  9.7547568e+000
  9.7472022e+000
  9.8245620e+000
  9.6631883e+000
  9.6686482e+000
  1.0008257e+001
  9.4973853e+000
  9.8232465e+000
  9.8707005e+000
  9.5681870e+000
  9.8582776e+000
  9.7166382e+000
  9.7786260e+000
  9.6562906e+000
  9.9599066e+000
  9.5238063e+000
  9.9471809e+000
  9.6824589e+000
  9.6807772e+000
  9.8295800e+000
  9.7017048e+000
  9.7085438e+000
  9.8785206e+000
  9.5734039e+000
  9.9091376e+000
  9.6484079e+000
  9.7803874e+000
  9.7565280e+000
  9.7243654e+000
  9.7309421e+000
  9.7970424e+000
  9.6183323e+000
  9.9098926e+000
  9.6009896e+000
  9.8758166e+000
  9.6331323e+000
  9.7627763e+000
  9.7376034e+000
  9.7311347e+000
  9.7480273e+000
  9.7612987e+000
  9.6264791e+000
  9.9187702e+000
  9.5542461e+000
  9.8708984e+000
  9.6931946e+000
  9.6741893e+000
  9.8223532e+000
  9.6743208e+000
  9.6774839e+000
  9.9300691e+000
  9.4865162e+000
  9.9204368e+000
  9.6498203e+000
  9.7326913e+000
  9.7144800e+000
  9.8351401e+000
  9.5329871e+000
  9.8496617e+000
  9.8094738e+000
  9.4772249e+000
  9.9731090e+000
  9.6621310e+000
  9.6532906e+000
  9.8224142e+000
  9.7200493e+000
  9.7557268e+000
  9.6273196e+000
  9.8229537e+000
  9.7780570e+000
  9.4828490e+000
  9.8475871e+000
  9.8668827e+000
  9.4645643e+000
  9.7603078e+000
  9.9371353e+000
  9.5523948e+000
  9.6195704e+000
  9.9522849e+000
  9.7327681e+000
  9.5819947e+000
  9.7643731e+000
  9.8275122e+000
  9.6584266e+000
  9.6548392e+000
  9.7852854e+000
  9.7875847e+000
  9.6837863e+000
  9.6621184e+000
  9.7762449e+000
  9.8245123e+000
  9.6957121e+000
  9.5891895e+000
  9.6813730e+000
  9.8720491e+000
  9.8246427e+000
  9.5727036e+000
  9.5261226e+000
  9.7740071e+000
  9.9857464e+000
  9.8791157e+000
  9.5416912e+000
  9.4705606e+000
  9.6989568e+000
  9.8636357e+000
  9.7968890e+000
  9.7163124e+000
  9.7949060e+000
  9.8840562e+000
  9.7641233e+000
  9.5400802e+000
  9.4411890e+000
  9.5856864e+000
  9.7722667e+000
  9.7645084e+000
  9.6510574e+000
  9.6841031e+000
  9.8934233e+000
  1.0009382e+001
  9.8392148e+000
  9.7280061e+000
  9.4519844e+000
