  9.7225283e+000
  9.8124249e+000
  9.6779848e+000
  9.5378598e+000
  9.5548920e+000
  9.6209975e+000
  9.5520533e+000
  9.5309329e+000
  9.6522706e+000
  9.7473653e+000
  9.5957314e+000
  9.4416483e+000
  9.5256869e+000
  9.7720412e+000
  9.6989459e+000
  9.4433049e+000
  9.4319753e+000
  9.7045556e+000
  9.7773836e+000
  9.4660045e+000
  9.4760628e+000
  9.7339446e+000
  9.6552692e+000
  9.5489476e+000
  9.5610229e+000
  9.6263650e+000
  9.6410147e+000
  9.6171925e+000
  9.5435386e+000
  9.4704819e+000
  9.7403572e+000
  9.6748243e+000
  9.3609494e+000
  9.6683049e+000
  9.8005102e+000
  9.3275471e+000
  9.6562695e+000
  9.7839879e+000
  9.4328112e+000
  9.6587141e+000
  9.5973961e+000
  9.6266445e+000
  9.5632572e+000
  9.5990538e+000
  9.7821690e+000
  9.3410516e+000
  9.7514692e+000
  9.6744048e+000
  9.4153623e+000
  9.7561628e+000
  9.5894115e+000
  9.5921058e+000
  9.5446209e+000
  9.7751043e+000
  9.3383950e+000
  9.8155065e+000
  9.4425129e+000
  9.6218656e+000
  9.6264079e+000
  9.5835036e+000
  9.5235901e+000
  9.7730397e+000
  9.3582256e+000
  9.8788294e+000
  9.3813180e+000
  9.7501315e+000
  9.5070516e+000
  9.5960531e+000
  9.6455060e+000
  9.5286942e+000
  9.7043730e+000
  9.4957262e+000
  9.6599649e+000
  9.5161972e+000
  9.6194539e+000
  9.6183051e+000
  9.5391764e+000
  9.7537800e+000
  9.3467283e+000
  9.8519410e+000
  9.3585202e+000
  9.7582299e+000
  9.5439729e+000
  9.5996134e+000
  9.6187331e+000
  9.6273774e+000
  9.4335316e+000
  9.8267317e+000
  9.3398808e+000
  9.7405221e+000
  9.5566334e+000
  9.6065543e+000
  9.5406147e+000
  9.7670550e+000
  9.4240248e+000
  9.6873788e+000
  9.7643550e+000
  9.3589136e+000
  9.7998371e+000
  9.5675250e+000
  9.5440524e+000
  9.6241755e+000
  9.6154968e+000
  9.6461872e+000
  9.4170155e+000
  9.7395147e+000
  9.6464562e+000
  9.3199143e+000
  9.7612308e+000
  9.6914198e+000
  9.3756992e+000
  9.6706439e+000
  9.7188457e+000
  9.4983602e+000
  9.5662470e+000
  9.6249801e+000
  9.6054036e+000
  9.6470980e+000
  9.5750437e+000
  9.5229618e+000
  9.6690146e+000
  9.6698263e+000
  9.4755480e+000
  9.5109698e+000
  9.7279467e+000
  9.6870308e+000
  9.4509829e+000
  9.4792902e+000
  9.7240588e+000
  9.7551147e+000
  9.5190978e+000
  9.4318362e+000
  9.5973333e+000
  9.7129082e+000
  9.6547858e+000
  9.5863217e+000
  9.5935379e+000
  9.5820705e+000
  9.5068287e+000
  9.5064093e+000
  9.6951484e+000
  9.8515652e+000
  9.7210244e+000
  9.4274722e+000
  9.3317191e+000
  9.5037774e+000
  9.6887035e+000
  9.7106076e+000
  9.6079063e+000
  9.6063500e+000
  9.7450727e+000
  9.8080099e+000
  9.6676809e+000
  9.4700732e+000
  9.4540686e+000
  9.5927699e+000
  9.6339824e+000
  9.4387613e+000
  9.3512568e+000
  9.1091881e+000
