  3.2622161e+002
  3.6236491e+002
  3.9749718e+002
  4.3108881e+002
  4.6340005e+002
  4.9550553e+002
  5.2912682e+002
  5.6629354e+002
  6.0889621e+002
  6.5822636e+002
  7.1461147e+002
  7.7723971e+002
  8.4423236e+002
  9.1296771e+002
  9.8060048e+002
  1.0446694e+003
  1.1036560e+003
  1.1573607e+003
  1.2069929e+003
  1.2549389e+003
  1.3042420e+003
  1.3579026e+003
  1.4181569e+003
  1.4859038e+003
  1.5604240e+003
  1.6394700e+003
  1.7197212e+003
  1.7975102e+003
  1.8696634e+003
  1.9342661e+003
  1.9911830e+003
  2.0422128e+003
  2.0908411e+003
  2.1416384e+003
  2.1994213e+003
  2.2683432e+003
  2.3510869e+003
  2.4483134e+003
  2.5584682e+003
  2.6779858e+003
  2.8018608e+003
  2.9244892e+003
  3.0406320e+003
  3.1463250e+003
  3.2395608e+003
  3.3206039e+003
  3.3918718e+003
  3.4574006e+003
  3.5220079e+003
  3.5903319e+003
  3.6659571e+003
  3.7508095e+003
  3.8449361e+003
  3.9466879e+003
  4.0532309e+003
  4.1612431e+003
  4.2676349e+003
  4.3701467e+003
  4.4677299e+003
  4.5606720e+003
  4.6504736e+003
  4.7395177e+003
  4.8305879e+003
  4.9263020e+003
  5.0285488e+003
  5.1380233e+003
  5.2539658e+003
  5.3741887e+003
  5.4954225e+003
  5.6139383e+003
  5.7263195e+003
  5.8302034e+003
  5.9248025e+003
  6.0110705e+003
  6.0914684e+003
  6.1693975e+003
  6.2484493e+003
  6.3316567e+003
  6.4209141e+003
  6.5166732e+003
  6.6179475e+003
  6.7226004e+003
  6.8278483e+003
  6.9308989e+003
  7.0296303e+003
  7.1232048e+003
  7.2124947e+003
  7.3001877e+003
  7.3904695e+003
  7.4882501e+003
  7.5980143e+003
  7.7225079e+003
  7.8615653e+003
  8.0114172e+003
  8.1647422e+003
  8.3115709e+003
  8.4409444e+003
  8.5430274e+003
  8.6112428e+003
  8.6439618e+003
  8.6453600e+003
  8.6252115e+003
  8.5976043e+003
  8.5787662e+003
  8.5843622e+003
  8.6267340e+003
  8.7125840e+003
  8.8415571e+003
  9.0060493e+003
  9.1923702e+003
  9.3831382e+003
  9.5605271e+003
  9.7097615e+003
  9.8221380e+003
  9.8968816e+003
  9.9413397e+003
  9.9693625e+003
  9.9981313e+003
  1.0044091e+004
  1.0118904e+004
  1.0226401e+004
  1.0361300e+004
  1.0510096e+004
  1.0653983e+004
  1.0773187e+004
  1.0851700e+004
  1.0881294e+004
  1.0863804e+004
  1.0811079e+004
  1.0742513e+004
  1.0680676e+004
  1.0646007e+004
  1.0651808e+004
  1.0700729e+004
  1.0783644e+004
  1.0881293e+004
  1.0968411e+004
  1.1019528e+004
  1.1015166e+004
  1.0947058e+004
  1.0821166e+004
  1.0657732e+004
  1.0488225e+004
  1.0349720e+004
  1.0277804e+004
  1.0299469e+004
  1.0427448e+004
  1.0657186e+004
  1.0967074e+004
  1.1321918e+004
  1.1678916e+004
  1.1994949e+004
  1.2233749e+004
  1.2371611e+004
  1.2400691e+004
  1.2329471e+004
  1.2180554e+004
  1.1986414e+004
  1.1783990e+004
  1.1609048e+004
