  8.7461222e+000
  8.6496829e+000
  8.6303871e+000
  8.6799265e+000
  8.6708866e+000
  8.6415915e+000
  8.6349723e+000
  8.6864550e+000
  8.7458214e+000
  8.6908955e+000
  8.6360840e+000
  8.6997315e+000
  8.7064055e+000
  8.6473703e+000
  8.6607510e+000
  8.8212955e+000
  8.7810209e+000
  8.6201159e+000
  8.5680750e+000
  8.8080990e+000
  8.9592514e+000
  8.6960917e+000
  8.5325742e+000
  8.8348243e+000
  9.0145603e+000
  8.6812643e+000
  8.6898614e+000
  8.8224717e+000
  8.7598216e+000
  8.9214791e+000
  8.8200659e+000
  8.5975423e+000
  8.9494869e+000
  9.0048311e+000
  8.6412474e+000
  8.8549904e+000
  8.9064092e+000
  8.8725028e+000
  8.8506630e+000
  8.7036862e+000
  9.1060946e+000
  8.9068186e+000
  8.7904022e+000
  9.0335553e+000
  8.9103720e+000
  8.9963551e+000
  8.7957428e+000
  9.1603815e+000
  8.8542245e+000
  8.9125157e+000
  9.0465181e+000
  9.0498492e+000
  8.8836651e+000
  9.0916054e+000
  9.0500180e+000
  8.8859087e+000
  9.1397341e+000
  9.0599890e+000
  8.9225288e+000
  9.1459434e+000
  9.0485080e+000
  9.0801574e+000
  9.1369498e+000
  9.1073217e+000
  8.9473586e+000
  9.3571643e+000
  8.9286478e+000
  9.2890141e+000
  9.1196734e+000
  9.0641427e+000
  9.3933655e+000
  8.9759401e+000
  9.4047720e+000
  9.0943287e+000
  9.1731339e+000
  9.3577155e+000
  9.0112345e+000
  9.4726111e+000
  9.1173822e+000
  9.3045369e+000
  9.2968722e+000
  9.2334715e+000
  9.2441494e+000
  9.4046503e+000
  9.2020951e+000
  9.3672589e+000
  9.4065987e+000
  9.1906949e+000
  9.4105610e+000
  9.3961553e+000
  9.2415830e+000
  9.4225351e+000
  9.4486348e+000
  9.3451571e+000
  9.3165374e+000
  9.5885431e+000
  9.2534240e+000
  9.4288212e+000
  9.4290131e+000
  9.5469661e+000
  9.3089114e+000
  9.4360728e+000
  9.6454308e+000
  9.3113817e+000
  9.4534790e+000
  9.5060049e+000
  9.5475511e+000
  9.4772014e+000
  9.3066013e+000
  9.6436461e+000
  9.6331127e+000
  9.3372475e+000
  9.5332692e+000
  9.6503269e+000
  9.5484915e+000
  9.5420767e+000
  9.4368944e+000
  9.5236796e+000
  9.7930141e+000
  9.6287809e+000
  9.3644833e+000
  9.5497976e+000
  9.8280078e+000
  9.6601056e+000
  9.4275697e+000
  9.5029634e+000
  9.7020976e+000
  9.7035253e+000
  9.5973163e+000
  9.5709465e+000
  9.6112129e+000
  9.6477972e+000
  9.6715540e+000
  9.6788413e+000
  9.6564338e+000
  9.6154494e+000
  9.6337808e+000
  9.6925369e+000
  9.7060598e+000
  9.6583007e+000
  9.6092545e+000
  9.6380063e+000
  9.7252116e+000
  9.7690595e+000
  9.6535743e+000
  9.5421435e+000
  9.5074259e+000
  9.6274609e+000
  9.8242494e+000
  9.9127668e+000
  9.8194351e+000
  9.6922015e+000
  9.5878999e+000
  9.6378375e+000
  9.7617031e+000
  9.7895633e+000
  9.6220921e+000
  9.4698039e+000
  9.5420348e+000
  9.3879360e+000
