  8.8377713e+000
  8.7816035e+000
  8.7640712e+000
  8.8052406e+000
  8.9731076e+000
  9.2441620e+000
  9.2536591e+000
  9.1848857e+000
  9.1484638e+000
  9.2784416e+000
  9.5131968e+000
  9.6141567e+000
  9.6065252e+000
  9.6951205e+000
  9.7846657e+000
  9.8059540e+000
  9.8985348e+000
  1.0118176e+001
  1.0303003e+001
  1.0207490e+001
  1.0151825e+001
  1.0498693e+001
  1.0852239e+001
  1.0663869e+001
  1.0622948e+001
  1.0920472e+001
  1.1119715e+001
  1.1211240e+001
  1.1318691e+001
  1.1212572e+001
  1.1392765e+001
  1.1920934e+001
  1.1774789e+001
  1.1716122e+001
  1.2026539e+001
  1.2185364e+001
  1.2472220e+001
  1.2328536e+001
  1.2363773e+001
  1.2934031e+001
  1.2837751e+001
  1.2905843e+001
  1.3046005e+001
  1.3382235e+001
  1.3486169e+001
  1.3270332e+001
  1.3873396e+001
  1.3883591e+001
  1.4031143e+001
  1.3952179e+001
  1.4583330e+001
  1.4339849e+001
  1.4546345e+001
  1.4806404e+001
  1.5085021e+001
  1.4804190e+001
  1.5457817e+001
  1.5363242e+001
  1.5505085e+001
  1.5645272e+001
  1.6161562e+001
  1.5679655e+001
  1.6496885e+001
  1.6238329e+001
  1.6432521e+001
  1.6809516e+001
  1.6681537e+001
  1.7090471e+001
  1.7170499e+001
  1.7333518e+001
  1.7459419e+001
  1.7649966e+001
  1.7760428e+001
  1.7957843e+001
  1.8112742e+001
  1.8348228e+001
  1.8323133e+001
  1.8793284e+001
  1.8679139e+001
  1.8821311e+001
  1.9438112e+001
  1.8760223e+001
  1.9759289e+001
  1.9436836e+001
  1.9626219e+001
  1.9914602e+001
  2.0194577e+001
  1.9818181e+001
  2.0517444e+001
  2.0549019e+001
  2.0455036e+001
  2.0741525e+001
  2.1235021e+001
  2.0733664e+001
  2.1277950e+001
  2.1419974e+001
  2.1703170e+001
  2.1087416e+001
  2.2160979e+001
  2.1939216e+001
  2.2007762e+001
  2.1943757e+001
  2.2477564e+001
  2.2848106e+001
  2.2064024e+001
  2.2818316e+001
  2.2989236e+001
  2.3094833e+001
  2.3108725e+001
  2.2738908e+001
  2.3766752e+001
  2.3815528e+001
  2.3128263e+001
  2.3664800e+001
  2.3895440e+001
  2.4008334e+001
  2.4431633e+001
  2.3837134e+001
  2.3757944e+001
  2.4874406e+001
  2.4991275e+001
  2.4181270e+001
  2.4401204e+001
  2.5038373e+001
  2.4973331e+001
  2.4973382e+001
  2.5282294e+001
  2.5101295e+001
  2.4748359e+001
  2.5094308e+001
  2.5805084e+001
  2.5974124e+001
  2.5231593e+001
  2.4846565e+001
  2.5428007e+001
  2.6322107e+001
  2.6403183e+001
  2.5901933e+001
  2.5270573e+001
  2.5266278e+001
  2.5949701e+001
  2.6699568e+001
  2.6897095e+001
  2.6334837e+001
  2.5859309e+001
  2.5665967e+001
  2.5859575e+001
  2.6293088e+001
  2.6751343e+001
  2.6762675e+001
  2.6536159e+001
  2.6541828e+001
  2.6726550e+001
  2.6916673e+001
  2.7281751e+001
  2.6829629e+001
  2.6402571e+001
  2.5969046e+001
  2.6229980e+001
  2.6045419e+001
