  1.0648366e+001
  1.1195515e+001
  1.1486769e+001
  1.1673217e+001
  1.1656092e+001
  1.1860240e+001
  1.2463121e+001
  1.3216395e+001
  1.3688956e+001
  1.3752708e+001
  1.3844047e+001
  1.4394881e+001
  1.5178063e+001
  1.5644354e+001
  1.5898788e+001
  1.6498723e+001
  1.7107024e+001
  1.7287088e+001
  1.7566659e+001
  1.8627304e+001
  1.9684712e+001
  1.9423095e+001
  1.9602542e+001
  2.0869142e+001
  2.1550152e+001
  2.1837359e+001
  2.2821686e+001
  2.2941635e+001
  2.3179692e+001
  2.4999703e+001
  2.5487544e+001
  2.5223815e+001
  2.6509967e+001
  2.6855161e+001
  2.8085593e+001
  2.9071061e+001
  2.8241391e+001
  3.0172980e+001
  3.0895834e+001
  3.1504788e+001
  3.2105257e+001
  3.2028974e+001
  3.4832196e+001
  3.4018012e+001
  3.5197883e+001
  3.5530301e+001
  3.7545124e+001
  3.7493041e+001
  3.7694792e+001
  3.9685997e+001
  4.0243159e+001
  4.0593970e+001
  4.1119534e+001
  4.3512493e+001
  4.2762202e+001
  4.3829645e+001
  4.5516931e+001
  4.5805480e+001
  4.6173761e+001
  4.7791080e+001
  4.9080150e+001
  4.7680137e+001
  5.1829398e+001
  4.9981385e+001
  5.1951141e+001
  5.3193545e+001
  5.3051982e+001
  5.4709027e+001
  5.5289444e+001
  5.6256519e+001
  5.6905830e+001
  5.8250645e+001
  5.8647918e+001
  5.9774018e+001
  6.0540623e+001
  6.1774687e+001
  6.1770328e+001
  6.3771916e+001
  6.4241140e+001
  6.3616343e+001
  6.8112679e+001
  6.4604822e+001
  6.8510284e+001
  6.8921689e+001
  6.8396693e+001
  7.0202030e+001
  7.1774309e+001
  7.1453572e+001
  7.1613893e+001
  7.5547214e+001
  7.3168430e+001
  7.4889242e+001
  7.6302567e+001
  7.8006877e+001
  7.5992378e+001
  7.8477522e+001
  8.0823983e+001
  7.9094945e+001
  8.0719320e+001
  8.0699881e+001
  8.5351849e+001
  8.0745593e+001
  8.4125982e+001
  8.4742172e+001
  8.6310576e+001
  8.6815243e+001
  8.3749299e+001
  8.9779016e+001
  8.8958940e+001
  8.8279428e+001
  9.0125472e+001
  8.8137926e+001
  9.2946599e+001
  9.3937960e+001
  8.9430620e+001
  9.2787264e+001
  9.4842997e+001
  9.3412923e+001
  9.6460597e+001
  9.5964359e+001
  9.2573511e+001
  9.6432141e+001
  1.0077978e+002
  9.7750256e+001
  9.5636551e+001
  9.8769577e+001
  1.0040247e+002
  9.8927545e+001
  1.0007862e+002
  1.0284596e+002
  1.0225581e+002
  9.9261737e+001
  9.9419878e+001
  1.0379438e+002
  1.0675297e+002
  1.0498088e+002
  1.0145635e+002
  1.0024583e+002
  1.0312246e+002
  1.0754220e+002
  1.0938170e+002
  1.0737564e+002
  1.0397302e+002
  1.0212336e+002
  1.0297935e+002
  1.0609303e+002
  1.0944929e+002
  1.1134648e+002
  1.1042034e+002
  1.0813837e+002
  1.0644826e+002
  1.0573277e+002
  1.0608743e+002
  1.0707283e+002
  1.0670592e+002
  1.0600972e+002
  1.0490300e+002
  1.0446263e+002
  1.0644557e+002
  1.0587939e+002
