  1.1319209e+001
  1.1723859e+001
  1.2233510e+001
  1.2930239e+001
  1.3390494e+001
  1.3684473e+001
  1.3879260e+001
  1.4294556e+001
  1.5145884e+001
  1.6120114e+001
  1.6645085e+001
  1.6644112e+001
  1.6902254e+001
  1.7962165e+001
  1.9192765e+001
  1.9690833e+001
  1.9768236e+001
  2.0554886e+001
  2.1534965e+001
  2.1934991e+001
  2.2839763e+001
  2.4258105e+001
  2.4538322e+001
  2.4316932e+001
  2.5962460e+001
  2.7506314e+001
  2.7465526e+001
  2.8541302e+001
  2.9343482e+001
  2.9419130e+001
  3.1829540e+001
  3.2661936e+001
  3.2057495e+001
  3.4009233e+001
  3.4626908e+001
  3.6094055e+001
  3.7419803e+001
  3.6343032e+001
  3.9160623e+001
  3.9907974e+001
  4.0947740e+001
  4.1517919e+001
  4.1863077e+001
  4.5328033e+001
  4.4162325e+001
  4.6090752e+001
  4.6124542e+001
  4.9649478e+001
  4.8379358e+001
  5.0051205e+001
  5.1480796e+001
  5.3505926e+001
  5.2379436e+001
  5.5114881e+001
  5.6273769e+001
  5.7144601e+001
  5.6844754e+001
  6.1355385e+001
  5.9114555e+001
  6.2060998e+001
  6.2642072e+001
  6.4897147e+001
  6.3546650e+001
  6.7967650e+001
  6.7219249e+001
  6.7424279e+001
  7.2409145e+001
  6.8738519e+001
  7.3587362e+001
  7.3987348e+001
  7.2861764e+001
  7.8364888e+001
  7.5252549e+001
  7.8704036e+001
  8.0950894e+001
  7.7945942e+001
  8.4769286e+001
  8.1612356e+001
  8.3701066e+001
  8.7639351e+001
  8.4387821e+001
  8.9052135e+001
  8.8758441e+001
  9.0810919e+001
  8.9229669e+001
  9.5654374e+001
  9.1633494e+001
  9.4919354e+001
  9.6764573e+001
  9.7744840e+001
  9.6030145e+001
  1.0118689e+002
  1.0085544e+002
  1.0105705e+002
  1.0109598e+002
  1.0721354e+002
  1.0307958e+002
  1.0643674e+002
  1.0528723e+002
  1.1228529e+002
  1.0664228e+002
  1.0997308e+002
  1.1174048e+002
  1.1327627e+002
  1.1485167e+002
  1.1009971e+002
  1.1796334e+002
  1.1716172e+002
  1.1694721e+002
  1.1879648e+002
  1.1576264e+002
  1.2312536e+002
  1.2356814e+002
  1.1856780e+002
  1.2333680e+002
  1.2381541e+002
  1.2382072e+002
  1.2945198e+002
  1.2581202e+002
  1.2221096e+002
  1.2926285e+002
  1.3259557e+002
  1.2813467e+002
  1.2932793e+002
  1.3232871e+002
  1.3014703e+002
  1.2999928e+002
  1.3603999e+002
  1.3834871e+002
  1.3295171e+002
  1.2986359e+002
  1.3459428e+002
  1.4062798e+002
  1.4059634e+002
  1.3592330e+002
  1.3413371e+002
  1.3697527e+002
  1.4076346e+002
  1.4220713e+002
  1.4079950e+002
  1.3872004e+002
  1.3848409e+002
  1.4012988e+002
  1.4252340e+002
  1.4460455e+002
  1.4536571e+002
  1.4406161e+002
  1.4209816e+002
  1.3963873e+002
  1.3864878e+002
  1.3983494e+002
  1.4281642e+002
  1.4657849e+002
  1.4920345e+002
  1.4988476e+002
  1.4866803e+002
  1.4694759e+002
  1.4573423e+002
  1.4769045e+002
  1.4647025e+002
