  1.2058950e+001
  1.2747535e+001
  1.3323220e+001
  1.3770255e+001
  1.3973342e+001
  1.4475406e+001
  1.5207348e+001
  1.5981301e+001
  1.6603332e+001
  1.7112732e+001
  1.7860484e+001
  1.8845531e+001
  1.9406327e+001
  1.9552024e+001
  2.0281564e+001
  2.1989305e+001
  2.3153751e+001
  2.3034555e+001
  2.3343091e+001
  2.4973309e+001
  2.6118615e+001
  2.6458542e+001
  2.7981249e+001
  2.8971298e+001
  2.8637338e+001
  3.0169327e+001
  3.2538652e+001
  3.2496058e+001
  3.3262477e+001
  3.4776409e+001
  3.4883848e+001
  3.7375075e+001
  3.8757669e+001
  3.7832868e+001
  4.0272481e+001
  4.1154610e+001
  4.2775435e+001
  4.4350436e+001
  4.3130654e+001
  4.6748234e+001
  4.7372591e+001
  4.8867049e+001
  4.9081763e+001
  5.0189186e+001
  5.3911153e+001
  5.2566908e+001
  5.4938506e+001
  5.5029299e+001
  5.9551523e+001
  5.7097005e+001
  6.0396295e+001
  6.0970322e+001
  6.4449780e+001
  6.1730299e+001
  6.6938757e+001
  6.6482845e+001
  6.8662425e+001
  6.7882854e+001
  7.3483743e+001
  7.0756337e+001
  7.3777416e+001
  7.6483140e+001
  7.5463053e+001
  7.8424631e+001
  7.9456537e+001
  8.1390785e+001
  8.0861986e+001
  8.5663467e+001
  8.4017638e+001
  8.6235452e+001
  9.0184220e+001
  8.6758648e+001
  9.3020597e+001
  9.2048974e+001
  9.2381246e+001
  9.7484037e+001
  9.4993620e+001
  9.8691860e+001
  9.9537601e+001
  1.0149837e+002
  1.0088099e+002
  1.0548523e+002
  1.0537627e+002
  1.0409390e+002
  1.1199403e+002
  1.0679629e+002
  1.1163126e+002
  1.1165043e+002
  1.1636217e+002
  1.1078475e+002
  1.1956760e+002
  1.1702895e+002
  1.1988708e+002
  1.1704803e+002
  1.2646536e+002
  1.2080129e+002
  1.2496419e+002
  1.2339657e+002
  1.3139783e+002
  1.2638529e+002
  1.2814443e+002
  1.3185609e+002
  1.3256888e+002
  1.3575133e+002
  1.2939635e+002
  1.3825752e+002
  1.3797723e+002
  1.3808407e+002
  1.3987623e+002
  1.3592655e+002
  1.4527812e+002
  1.4508510e+002
  1.4053492e+002
  1.4585800e+002
  1.4423581e+002
  1.4683401e+002
  1.5350504e+002
  1.4717962e+002
  1.4540428e+002
  1.5352002e+002
  1.5353847e+002
  1.5180949e+002
  1.5628732e+002
  1.5521909e+002
  1.5058161e+002
  1.5545755e+002
  1.6347196e+002
  1.6119597e+002
  1.5483598e+002
  1.5644772e+002
  1.6256484e+002
  1.6391050e+002
  1.6112506e+002
  1.6146847e+002
  1.6494726e+002
  1.6629784e+002
  1.6372202e+002
  1.6143732e+002
  1.6344090e+002
  1.6840627e+002
  1.7163540e+002
  1.7093423e+002
  1.6725732e+002
  1.6420814e+002
  1.6436141e+002
  1.6740519e+002
  1.7091391e+002
  1.7328464e+002
  1.7350237e+002
  1.7289691e+002
  1.7233187e+002
  1.7248710e+002
  1.7305261e+002
  1.7232067e+002
  1.7062758e+002
  1.6790190e+002
  1.6573077e+002
  1.6481461e+002
  1.6758783e+002
  1.6667521e+002
