  3.7458038e+002
  4.1023916e+002
  4.4364153e+002
  4.7497125e+002
  5.0540988e+002
  5.3691021e+002
  5.7174947e+002
  6.1196175e+002
  6.5878902e+002
  7.1229657e+002
  7.7126555e+002
  8.3341076e+002
  8.9588910e+002
  9.5598707e+002
  1.0118223e+003
  1.0628821e+003
  1.1102531e+003
  1.1564680e+003
  1.2049853e+003
  1.2594109e+003
  1.3226391e+003
  1.3961172e+003
  1.4794189e+003
  1.5702450e+003
  1.6648738e+003
  1.7589721e+003
  1.8485902e+003
  1.9311044e+003
  2.0058718e+003
  2.0744207e+003
  2.1401041e+003
  2.2072770e+003
  2.2801849e+003
  2.3618327e+003
  2.4531235e+003
  2.5525000e+003
  2.6561966e+003
  2.7590613e+003
  2.8557577e+003
  2.9420650e+003
  3.0159700e+003
  3.0782992e+003
  3.1327536e+003
  3.1853381e+003
  3.2433076e+003
  3.3138341e+003
  3.4026428e+003
  3.5128591e+003
  3.6442714e+003
  3.7931495e+003
  3.9526757e+003
  4.1139478e+003
  4.2674075e+003
  4.4044551e+003
  4.5189541e+003
  4.6083313e+003
  4.6740511e+003
  4.7213738e+003
  4.7584626e+003
  4.7950386e+003
  4.8408590e+003
  4.9042876e+003
  4.9911657e+003
  5.1040925e+003
  5.2421437e+003
  5.4010048e+003
  5.5734868e+003
  5.7503835e+003
  5.9216201e+003
  6.0775942e+003
  6.2105491e+003
  6.3157684e+003
  6.3923769e+003
  6.4435877e+003
  6.4763422e+003
  6.5004094e+003
  6.5271015e+003
  6.5677995e+003
  6.6324688e+003
  6.7283034e+003
  6.8586141e+003
  7.0220773e+003
  7.2124841e+003
  7.4191382e+003
  7.6279986e+003
  7.8235392e+003
  7.9911195e+003
  8.1194816e+003
  8.2028836e+003
  8.2423955e+003
  8.2460310e+003
  8.2276283e+003
  8.2046557e+003
  8.1953374e+003
  8.2156137e+003
  8.2764700e+003
  8.3820909e+003
  8.5291676e+003
  8.7075071e+003
  8.9018984e+003
  9.0949717e+003
  9.2705729e+003
  9.4170105e+003
  9.5294679e+003
  9.6109678e+003
  9.6715468e+003
  9.7257017e+003
  9.7886232e+003
  9.8720958e+003
  9.9811026e+003
  1.0112062e+004
  1.0253242e+004
  1.0387357e+004
  1.0495768e+004
  1.0563280e+004
  1.0582339e+004
  1.0555544e+004
  1.0495772e+004
  1.0423821e+004
  1.0364030e+004
  1.0338875e+004
  1.0363813e+004
  1.0443610e+004
  1.0571107e+004
  1.0728810e+004
  1.0893021e+004
  1.1039591e+004
  1.1149942e+004
  1.1215825e+004
  1.1241565e+004
  1.1243065e+004
  1.1243689e+004
  1.1267909e+004
  1.1334306e+004
  1.1449727e+004
  1.1606256e+004
  1.1781982e+004
  1.1945612e+004
  1.2063989e+004
  1.2110734e+004
  1.2073874e+004
  1.1960467e+004
  1.1796887e+004
  1.1624494e+004
  1.1491502e+004
  1.1442828e+004
  1.1510215e+004
  1.1704891e+004
  1.2014468e+004
  1.2404769e+004
  1.2826176e+004
  1.3223038e+004
  1.3544077e+004
  1.3751576e+004
  1.3827578e+004
  1.3776063e+004
  1.3621065e+004
  1.3401455e+004
  1.3163692e+004
  1.2953963e+004
