  1.1928294e+001
  1.2403804e+001
  1.3173491e+001
  1.4203180e+001
  1.4871688e+001
  1.5235497e+001
  1.5328749e+001
  1.5742316e+001
  1.6848680e+001
  1.8144256e+001
  1.8784253e+001
  1.9009100e+001
  1.9586936e+001
  2.0697751e+001
  2.1543273e+001
  2.2022575e+001
  2.3140615e+001
  2.4791502e+001
  2.5172044e+001
  2.5017225e+001
  2.6449839e+001
  2.8397789e+001
  2.8912655e+001
  2.9617464e+001
  3.1209829e+001
  3.1213581e+001
  3.2227656e+001
  3.5162105e+001
  3.5258341e+001
  3.5498421e+001
  3.7516167e+001
  3.7780956e+001
  4.0168313e+001
  4.1830941e+001
  4.0685655e+001
  4.3384815e+001
  4.4436823e+001
  4.6189747e+001
  4.7611531e+001
  4.6488753e+001
  5.0598273e+001
  5.0788379e+001
  5.2887654e+001
  5.2366647e+001
  5.4702452e+001
  5.7541970e+001
  5.6904391e+001
  5.8794743e+001
  5.9683678e+001
  6.3757867e+001
  6.1434814e+001
  6.4971559e+001
  6.5834883e+001
  6.8830922e+001
  6.6674835e+001
  7.1774864e+001
  7.2052123e+001
  7.2573348e+001
  7.4594681e+001
  7.7201244e+001
  7.7546154e+001
  7.7700829e+001
  8.3734167e+001
  7.9572011e+001
  8.4934928e+001
  8.6038104e+001
  8.5077334e+001
  8.9915064e+001
  8.9076500e+001
  9.1257635e+001
  9.3541658e+001
  9.3563902e+001
  9.6561200e+001
  9.7385191e+001
  9.8068957e+001
  1.0237392e+002
  1.0003346e+002
  1.0433132e+002
  1.0662075e+002
  1.0298396e+002
  1.1207702e+002
  1.0754218e+002
  1.1063229e+002
  1.1399075e+002
  1.1382588e+002
  1.1446993e+002
  1.1726390e+002
  1.2107684e+002
  1.1599071e+002
  1.2396251e+002
  1.2257439e+002
  1.2527197e+002
  1.2213160e+002
  1.3145267e+002
  1.2717800e+002
  1.2973997e+002
  1.2961641e+002
  1.3607241e+002
  1.3379673e+002
  1.3265557e+002
  1.3854045e+002
  1.3799638e+002
  1.4260039e+002
  1.3546750e+002
  1.4397801e+002
  1.4465794e+002
  1.4471984e+002
  1.4661503e+002
  1.4207688e+002
  1.5213251e+002
  1.5156732e+002
  1.4813329e+002
  1.5302193e+002
  1.4978195e+002
  1.5491533e+002
  1.6098890e+002
  1.5314274e+002
  1.5433405e+002
  1.6074428e+002
  1.5844913e+002
  1.6098957e+002
  1.6607172e+002
  1.6026265e+002
  1.5742672e+002
  1.6616098e+002
  1.7068673e+002
  1.6555616e+002
  1.6438582e+002
  1.6879196e+002
  1.6935780e+002
  1.6657652e+002
  1.6872475e+002
  1.7520668e+002
  1.7681854e+002
  1.7139518e+002
  1.6678418e+002
  1.6939324e+002
  1.7701740e+002
  1.8207378e+002
  1.8026606e+002
  1.7436126e+002
  1.7052284e+002
  1.7163389e+002
  1.7685139e+002
  1.8274148e+002
  1.8574942e+002
  1.8435952e+002
  1.8000900e+002
  1.7545712e+002
  1.7321705e+002
  1.7397414e+002
  1.7719563e+002
  1.8126217e+002
  1.8401286e+002
  1.8481867e+002
  1.8395234e+002
  1.8299995e+002
  1.8299319e+002
  1.8649662e+002
  1.8549831e+002
