  1.0789834e+001
  1.1087850e+001
  1.1642441e+001
  1.2375707e+001
  1.2994981e+001
  1.3370919e+001
  1.3554059e+001
  1.3969245e+001
  1.4676061e+001
  1.5276535e+001
  1.5657540e+001
  1.6227886e+001
  1.7235899e+001
  1.8095658e+001
  1.8137024e+001
  1.8240077e+001
  1.9379642e+001
  2.0690465e+001
  2.1056216e+001
  2.1549821e+001
  2.2648817e+001
  2.2965400e+001
  2.3213284e+001
  2.4988315e+001
  2.6286021e+001
  2.5953298e+001
  2.6942077e+001
  2.7970870e+001
  2.8254127e+001
  3.0420485e+001
  3.1084065e+001
  3.0639791e+001
  3.2520160e+001
  3.3025705e+001
  3.4628832e+001
  3.5979195e+001
  3.4951105e+001
  3.7358864e+001
  3.8032538e+001
  3.9705755e+001
  4.0214522e+001
  3.9894551e+001
  4.3070047e+001
  4.2961365e+001
  4.5054559e+001
  4.3720150e+001
  4.7331341e+001
  4.7433819e+001
  4.8919437e+001
  4.8229187e+001
  5.1820030e+001
  5.1754038e+001
  5.2881796e+001
  5.2916950e+001
  5.7042469e+001
  5.5113231e+001
  5.7636186e+001
  5.8124125e+001
  6.1224061e+001
  5.8826329e+001
  6.3164568e+001
  6.3614928e+001
  6.2912279e+001
  6.6721537e+001
  6.6184971e+001
  6.7828594e+001
  6.8650859e+001
  7.0922259e+001
  7.0637294e+001
  7.2383113e+001
  7.4737550e+001
  7.3358181e+001
  7.7094855e+001
  7.7159724e+001
  7.7617004e+001
  8.0355208e+001
  8.0354402e+001
  8.1950885e+001
  8.2421751e+001
  8.5890760e+001
  8.3549771e+001
  8.7096868e+001
  8.9516245e+001
  8.5861383e+001
  9.2280832e+001
  9.0537327e+001
  9.2697081e+001
  9.1339792e+001
  9.7807594e+001
  9.3755212e+001
  9.6685682e+001
  9.7676420e+001
  1.0136621e+002
  9.7269725e+001
  1.0196013e+002
  1.0218815e+002
  1.0569250e+002
  1.0059504e+002
  1.0728223e+002
  1.0585320e+002
  1.1011330e+002
  1.0525719e+002
  1.0955201e+002
  1.1233545e+002
  1.1131475e+002
  1.1350092e+002
  1.0939400e+002
  1.1694905e+002
  1.1664084e+002
  1.1531410e+002
  1.1794018e+002
  1.1448836e+002
  1.2076360e+002
  1.2318164e+002
  1.1815823e+002
  1.2167688e+002
  1.2179081e+002
  1.2092936e+002
  1.2783409e+002
  1.2713069e+002
  1.2167592e+002
  1.2526518e+002
  1.2878102e+002
  1.2669437e+002
  1.2895366e+002
  1.3298259e+002
  1.2957163e+002
  1.2554261e+002
  1.2967984e+002
  1.3582246e+002
  1.3519637e+002
  1.3143790e+002
  1.3175197e+002
  1.3486322e+002
  1.3562277e+002
  1.3379674e+002
  1.3350431e+002
  1.3665459e+002
  1.4021815e+002
  1.4032723e+002
  1.3719640e+002
  1.3406517e+002
  1.3390692e+002
  1.3703393e+002
  1.4136348e+002
  1.4413042e+002
  1.4401251e+002
  1.4163254e+002
  1.3879376e+002
  1.3706599e+002
  1.3705454e+002
  1.3832050e+002
  1.3984544e+002
  1.4076575e+002
  1.4079957e+002
  1.4029624e+002
  1.4022731e+002
  1.4100911e+002
  1.4415951e+002
  1.4374662e+002
