  1.0073585e+001
  1.0211795e+001
  1.0324474e+001
  1.0534563e+001
  1.1035433e+001
  1.1768654e+001
  1.2215980e+001
  1.2341480e+001
  1.2431763e+001
  1.2702875e+001
  1.3413646e+001
  1.4091626e+001
  1.4390785e+001
  1.4745275e+001
  1.5432556e+001
  1.5834382e+001
  1.5849864e+001
  1.6316698e+001
  1.7530365e+001
  1.8218152e+001
  1.8167305e+001
  1.8755433e+001
  1.9466757e+001
  1.9559312e+001
  2.0605242e+001
  2.1885426e+001
  2.1613029e+001
  2.2073961e+001
  2.3135235e+001
  2.3293912e+001
  2.4746851e+001
  2.5530728e+001
  2.4931337e+001
  2.6358709e+001
  2.6887128e+001
  2.7932234e+001
  2.9004302e+001
  2.8195067e+001
  3.0026925e+001
  3.0440707e+001
  3.1961543e+001
  3.1864409e+001
  3.2039122e+001
  3.4122999e+001
  3.4344872e+001
  3.5607470e+001
  3.4633629e+001
  3.7528221e+001
  3.7296800e+001
  3.8747791e+001
  3.7762233e+001
  4.1075743e+001
  4.0328230e+001
  4.1668415e+001
  4.1366629e+001
  4.4608020e+001
  4.3116888e+001
  4.4691180e+001
  4.5985137e+001
  4.6654267e+001
  4.6847428e+001
  4.8049537e+001
  5.0278147e+001
  4.8095958e+001
  5.1978317e+001
  5.1587225e+001
  5.1282684e+001
  5.4786938e+001
  5.3167169e+001
  5.4962665e+001
  5.6701901e+001
  5.5533875e+001
  5.8408626e+001
  5.8461187e+001
  5.8177978e+001
  6.1822117e+001
  5.9697077e+001
  6.1811284e+001
  6.4350747e+001
  6.1263116e+001
  6.5986554e+001
  6.5114786e+001
  6.5427555e+001
  6.7069621e+001
  6.8342027e+001
  6.8505239e+001
  6.7894580e+001
  7.2716418e+001
  6.9519716e+001
  7.2152813e+001
  7.1889421e+001
  7.5884177e+001
  7.1799754e+001
  7.5926831e+001
  7.5439355e+001
  7.8752635e+001
  7.4668604e+001
  7.9224414e+001
  7.8869991e+001
  8.1249183e+001
  7.8706274e+001
  8.0559930e+001
  8.3703444e+001
  8.2330996e+001
  8.4302756e+001
  8.1152485e+001
  8.6466496e+001
  8.6500258e+001
  8.5678062e+001
  8.7353148e+001
  8.4722142e+001
  8.9786056e+001
  9.0809879e+001
  8.7917902e+001
  9.0673418e+001
  8.9312900e+001
  8.9995905e+001
  9.5277090e+001
  9.3092498e+001
  9.0726786e+001
  9.3970337e+001
  9.3959136e+001
  9.3221294e+001
  9.7430633e+001
  9.8526937e+001
  9.4226588e+001
  9.3823503e+001
  9.8034008e+001
  9.9461562e+001
  9.7674845e+001
  9.8312590e+001
  1.0082244e+002
  1.0034527e+002
  9.7532217e+001
  9.7160531e+001
  1.0073574e+002
  1.0455371e+002
  1.0460957e+002
  1.0148167e+002
  9.8792322e+001
  9.9087379e+001
  1.0193039e+002
  1.0509832e+002
  1.0648695e+002
  1.0564176e+002
  1.0349047e+002
  1.0150399e+002
  1.0075670e+002
  1.0156366e+002
  1.0360188e+002
  1.0612466e+002
  1.0820678e+002
  1.0913366e+002
  1.0866045e+002
  1.0718214e+002
  1.0537407e+002
  1.0412993e+002
  1.0375096e+002
  1.0524676e+002
  1.0440601e+002
