  8.7768020e+000
  8.9415210e+000
  9.1766095e+000
  9.4067716e+000
  9.6375582e+000
  9.9065059e+000
  1.0104228e+001
  1.0482226e+001
  1.0872099e+001
  1.0871282e+001
  1.0894125e+001
  1.1207923e+001
  1.1810566e+001
  1.2298272e+001
  1.2442465e+001
  1.2516985e+001
  1.2983752e+001
  1.3207292e+001
  1.3317627e+001
  1.4010924e+001
  1.4756222e+001
  1.4745693e+001
  1.4803420e+001
  1.5387328e+001
  1.5624400e+001
  1.6083437e+001
  1.7068216e+001
  1.7071603e+001
  1.7015641e+001
  1.7844278e+001
  1.8059601e+001
  1.8894605e+001
  1.9490719e+001
  1.9028429e+001
  1.9933197e+001
  2.0326484e+001
  2.1081751e+001
  2.1737347e+001
  2.1161656e+001
  2.2399380e+001
  2.2665048e+001
  2.3729851e+001
  2.3491404e+001
  2.3849791e+001
  2.4958778e+001
  2.5367906e+001
  2.5846637e+001
  2.5498345e+001
  2.7210623e+001
  2.7278958e+001
  2.7878274e+001
  2.7559890e+001
  2.9495800e+001
  2.9306889e+001
  2.9635744e+001
  3.0185185e+001
  3.1467350e+001
  3.1374320e+001
  3.1333875e+001
  3.3542265e+001
  3.2570347e+001
  3.3726308e+001
  3.4150074e+001
  3.5126160e+001
  3.4791750e+001
  3.5888896e+001
  3.7132346e+001
  3.5800574e+001
  3.8385555e+001
  3.8053604e+001
  3.7691617e+001
  4.0509866e+001
  3.8817048e+001
  4.0214370e+001
  4.1843446e+001
  4.0086405e+001
  4.2727708e+001
  4.2567493e+001
  4.2434405e+001
  4.4022596e+001
  4.4071250e+001
  4.4785199e+001
  4.4370759e+001
  4.7191131e+001
  4.5318123e+001
  4.6659444e+001
  4.8077513e+001
  4.7671153e+001
  4.8017030e+001
  4.8828885e+001
  5.0720551e+001
  4.8719376e+001
  5.0698872e+001
  5.1015681e+001
  5.2604591e+001
  5.0634092e+001
  5.2679593e+001
  5.3417499e+001
  5.4055871e+001
  5.3317444e+001
  5.3613050e+001
  5.6370901e+001
  5.5056637e+001
  5.6523268e+001
  5.4486967e+001
  5.7739285e+001
  5.8017282e+001
  5.7429566e+001
  5.8435529e+001
  5.6741441e+001
  6.0163326e+001
  6.0493902e+001
  5.9085266e+001
  6.0785015e+001
  5.9296429e+001
  6.0608542e+001
  6.3709248e+001
  6.1634989e+001
  6.1374047e+001
  6.2988873e+001
  6.1792037e+001
  6.2719094e+001
  6.5898124e+001
  6.4864874e+001
  6.2621235e+001
  6.4044275e+001
  6.5593781e+001
  6.4764401e+001
  6.5091623e+001
  6.7431803e+001
  6.7802591e+001
  6.5444554e+001
  6.4258108e+001
  6.6222499e+001
  6.8823966e+001
  6.9166272e+001
  6.7748636e+001
  6.6882641e+001
  6.7530629e+001
  6.8666602e+001
  6.9081610e+001
  6.8697802e+001
  6.8248222e+001
  6.8438443e+001
  6.9214043e+001
  7.0081720e+001
  7.0488791e+001
  7.0411945e+001
  7.0117014e+001
  6.9890379e+001
  6.9833236e+001
  6.9850846e+001
  6.9727644e+001
  6.9361164e+001
  6.8870910e+001
  6.8511469e+001
  6.8574710e+001
  6.9098874e+001
  7.0663469e+001
  7.0506456e+001
