  8.1402159e+000
  8.2337552e+000
  8.1763257e+000
  8.1412562e+000
  8.2660927e+000
  8.5904492e+000
  8.8633479e+000
  9.0559086e+000
  9.0606825e+000
  9.0846944e+000
  9.3141541e+000
  9.4364812e+000
  9.4640424e+000
  9.7306919e+000
  1.0201690e+001
  1.0348606e+001
  1.0331514e+001
  1.0379441e+001
  1.0673439e+001
  1.0859509e+001
  1.1059878e+001
  1.1582491e+001
  1.1739247e+001
  1.1522007e+001
  1.1844943e+001
  1.2211828e+001
  1.2369220e+001
  1.2926155e+001
  1.3027300e+001
  1.2852588e+001
  1.3329175e+001
  1.3559762e+001
  1.3940381e+001
  1.4410184e+001
  1.4075058e+001
  1.4542898e+001
  1.4864548e+001
  1.5269862e+001
  1.5675807e+001
  1.5321483e+001
  1.6024156e+001
  1.6141763e+001
  1.6919660e+001
  1.6598523e+001
  1.6926798e+001
  1.7360080e+001
  1.7868942e+001
  1.7920193e+001
  1.7944029e+001
  1.8652688e+001
  1.9018047e+001
  1.9064501e+001
  1.9196711e+001
  1.9895994e+001
  2.0285253e+001
  1.9916120e+001
  2.0838118e+001
  2.0948416e+001
  2.1425788e+001
  2.1063256e+001
  2.2463072e+001
  2.2015663e+001
  2.2205239e+001
  2.3267585e+001
  2.2877050e+001
  2.3499072e+001
  2.3819450e+001
  2.4109564e+001
  2.4279922e+001
  2.4736476e+001
  2.5187442e+001
  2.5088531e+001
  2.5841395e+001
  2.5992573e+001
  2.6182240e+001
  2.6633660e+001
  2.6967682e+001
  2.7297843e+001
  2.7193200e+001
  2.8488036e+001
  2.7812017e+001
  2.8203216e+001
  2.9610289e+001
  2.8401896e+001
  2.9614316e+001
  2.9661721e+001
  3.0407258e+001
  2.9578911e+001
  3.1041975e+001
  3.1177707e+001
  3.0944999e+001
  3.1185857e+001
  3.2240189e+001
  3.2359123e+001
  3.1966633e+001
  3.2438473e+001
  3.3537645e+001
  3.3277010e+001
  3.3383927e+001
  3.3106108e+001
  3.5038466e+001
  3.4093903e+001
  3.4917365e+001
  3.3901063e+001
  3.5572685e+001
  3.5917886e+001
  3.5490735e+001
  3.6034805e+001
  3.5149941e+001
  3.7142788e+001
  3.7171180e+001
  3.6594764e+001
  3.7379847e+001
  3.6404102e+001
  3.7634428e+001
  3.8994555e+001
  3.7779410e+001
  3.8202366e+001
  3.8527179e+001
  3.7681018e+001
  3.9063950e+001
  4.0427767e+001
  3.9240275e+001
  3.8888813e+001
  3.9858064e+001
  3.9615986e+001
  3.9297046e+001
  4.0702444e+001
  4.1799800e+001
  4.0781243e+001
  3.9658356e+001
  4.0232161e+001
  4.1389406e+001
  4.1588953e+001
  4.1153353e+001
  4.1361177e+001
  4.2231969e+001
  4.2539297e+001
  4.1861823e+001
  4.0983710e+001
  4.0891506e+001
  4.1829849e+001
  4.3097816e+001
  4.3905674e+001
  4.3713509e+001
  4.2819778e+001
  4.1830665e+001
  4.1313580e+001
  4.1485986e+001
  4.2224685e+001
  4.3194043e+001
  4.4039784e+001
  4.4433014e+001
  4.4337132e+001
  4.3918781e+001
  4.3483616e+001
  4.3252531e+001
  4.3278585e+001
  4.3943643e+001
  4.3632502e+001
