  6.5933666e+000
  6.7189418e+000
  6.6730527e+000
  6.5780563e+000
  6.5676496e+000
  6.6023126e+000
  6.6227315e+000
  6.5406329e+000
  6.4652858e+000
  6.5312980e+000
  6.6837079e+000
  6.7817109e+000
  6.6721814e+000
  6.5633542e+000
  6.6228976e+000
  6.6423456e+000
  6.5169533e+000
  6.5711078e+000
  6.7619904e+000
  6.7565301e+000
  6.6607286e+000
  6.7005845e+000
  6.6612348e+000
  6.4797874e+000
  6.6844853e+000
  6.8598508e+000
  6.7165697e+000
  6.7527138e+000
  6.7339203e+000
  6.5559209e+000
  6.7461971e+000
  6.7735879e+000
  6.8135493e+000
  6.8730070e+000
  6.5999587e+000
  6.7420258e+000
  6.7342267e+000
  6.8479327e+000
  6.9021430e+000
  6.7116509e+000
  6.8067335e+000
  6.7275391e+000
  6.9657197e+000
  6.7941124e+000
  6.8371402e+000
  6.7244392e+000
  6.9895907e+000
  6.8856943e+000
  6.8997791e+000
  6.7557779e+000
  6.9780866e+000
  6.9219968e+000
  6.9612483e+000
  6.7760360e+000
  7.1121078e+000
  6.9203060e+000
  6.9461111e+000
  6.8806495e+000
  7.0995151e+000
  7.0197484e+000
  6.8544058e+000
  7.1074752e+000
  6.9830415e+000
  6.9887917e+000
  7.0470349e+000
  7.0686819e+000
  7.0576588e+000
  6.9982644e+000
  7.1619352e+000
  7.0530486e+000
  7.0137011e+000
  7.2560311e+000
  7.0547615e+000
  7.1117248e+000
  7.2084871e+000
  7.0769808e+000
  7.1656722e+000
  7.1724955e+000
  7.2002252e+000
  7.1527083e+000
  7.1561223e+000
  7.3176464e+000
  7.0837720e+000
  7.2384006e+000
  7.3308588e+000
  7.1630259e+000
  7.2416666e+000
  7.2512684e+000
  7.4088943e+000
  7.1367107e+000
  7.3438001e+000
  7.3005016e+000
  7.3860563e+000
  7.1891998e+000
  7.3263695e+000
  7.3320683e+000
  7.4424810e+000
  7.2297424e+000
  7.3567151e+000
  7.3319870e+000
  7.5400435e+000
  7.3187908e+000
  7.3600150e+000
  7.2778805e+000
  7.4840095e+000
  7.4899809e+000
  7.4163566e+000
  7.4248743e+000
  7.2933663e+000
  7.5152144e+000
  7.5172484e+000
  7.4836281e+000
  7.4790257e+000
  7.3103025e+000
  7.4585814e+000
  7.5537889e+000
  7.5381520e+000
  7.6245299e+000
  7.4820950e+000
  7.3602948e+000
  7.4650984e+000
  7.5084678e+000
  7.5205977e+000
  7.6743570e+000
  7.6646776e+000
  7.4741574e+000
  7.4402968e+000
  7.5283500e+000
  7.5411610e+000
  7.5393080e+000
  7.6749439e+000
  7.7771911e+000
  7.6716937e+000
  7.5070604e+000
  7.4623643e+000
  7.5151571e+000
  7.5874865e+000
  7.6074396e+000
  7.6143652e+000
  7.6621204e+000
  7.7007135e+000
  7.7569022e+000
  7.6642556e+000
  7.5904093e+000
  7.4976341e+000
  7.4621252e+000
  7.5015744e+000
  7.6226321e+000
  7.7592969e+000
  7.8306128e+000
  7.8262817e+000
  7.7881552e+000
  7.6957404e+000
  7.5964699e+000
  7.5254202e+000
  7.4874447e+000
  7.5026032e+000
  7.5492457e+000
  7.6584109e+000
  7.6266456e+000
