  6.0510666e+000
  6.0900803e+000
  6.1644862e+000
  6.3276807e+000
  6.2787831e+000
  6.2698776e+000
  6.2434498e+000
  6.2466825e+000
  6.2671663e+000
  6.2227374e+000
  6.0926674e+000
  6.0675251e+000
  6.2243745e+000
  6.2963857e+000
  6.2679082e+000
  6.2559777e+000
  6.3201242e+000
  6.2714338e+000
  6.0855825e+000
  6.1364786e+000
  6.2167849e+000
  6.1512828e+000
  6.2828559e+000
  6.4166076e+000
  6.1863389e+000
  6.1877243e+000
  6.2011443e+000
  6.0617510e+000
  6.2358098e+000
  6.3013364e+000
  6.2034490e+000
  6.3391843e+000
  6.1289101e+000
  6.1327365e+000
  6.2316319e+000
  6.2044287e+000
  6.4146415e+000
  6.1409401e+000
  6.1882818e+000
  6.1336279e+000
  6.2352768e+000
  6.3888695e+000
  6.1731695e+000
  6.2099656e+000
  6.0934657e+000
  6.3437315e+000
  6.2611760e+000
  6.2905820e+000
  6.0655574e+000
  6.2933070e+000
  6.2542335e+000
  6.2856260e+000
  6.1021303e+000
  6.1674783e+000
  6.3738406e+000
  6.1712259e+000
  6.2128246e+000
  6.1353732e+000
  6.3755851e+000
  6.1044986e+000
  6.1572420e+000
  6.3099931e+000
  6.2192701e+000
  6.2424999e+000
  6.1697029e+000
  6.3217042e+000
  6.2104307e+000
  6.1073019e+000
  6.3539327e+000
  6.1471942e+000
  6.1092543e+000
  6.4049894e+000
  6.1205431e+000
  6.1582017e+000
  6.3761201e+000
  6.1148374e+000
  6.2030158e+000
  6.2997603e+000
  6.1712774e+000
  6.2050935e+000
  6.2065124e+000
  6.2941645e+000
  6.1618885e+000
  6.1202203e+000
  6.3877039e+000
  6.1322373e+000
  6.2166282e+000
  6.2036547e+000
  6.3342976e+000
  6.2063999e+000
  6.1222066e+000
  6.3154654e+000
  6.2694368e+000
  6.2722034e+000
  6.0667374e+000
  6.3027516e+000
  6.2605947e+000
  6.3205835e+000
  6.1013738e+000
  6.2100980e+000
  6.2065040e+000
  6.3254043e+000
  6.2700247e+000
  6.1409933e+000
  6.2047961e+000
  6.1532494e+000
  6.4051750e+000
  6.2086976e+000
  6.2543233e+000
  6.1348681e+000
  6.1175154e+000
  6.3336289e+000
  6.2475177e+000
  6.3651655e+000
  6.2667038e+000
  6.0738191e+000
  6.2239325e+000
  6.1991537e+000
  6.2195260e+000
  6.4137868e+000
  6.2866956e+000
  6.1545735e+000
  6.2530999e+000
  6.1865199e+000
  6.0886026e+000
  6.2452037e+000
  6.3618093e+000
  6.2768373e+000
  6.2489995e+000
  6.3448494e+000
  6.2502066e+000
  6.0712528e+000
  6.0725291e+000
  6.2331672e+000
  6.2986880e+000
  6.2676273e+000
  6.2327098e+000
  6.2717953e+000
  6.3729305e+000
  6.3300459e+000
  6.2186916e+000
  6.0870263e+000
  6.0644414e+000
  6.1359101e+000
  6.2593962e+000
  6.3444078e+000
  6.4021614e+000
  6.3590506e+000
  6.2929805e+000
  6.2211263e+000
  6.1778680e+000
  6.1587682e+000
  6.1316220e+000
  6.1282957e+000
  6.1680530e+000
  6.2160066e+000
  6.2677829e+000
  6.3257463e+000
  6.4052893e+000
  6.3757444e+000
