  6.1219796e+000
  6.1153819e+000
  6.0361160e+000
  5.9676210e+000
  6.0170208e+000
  6.2313198e+000
  6.2905543e+000
  6.2166890e+000
  6.0666744e+000
  6.1106439e+000
  6.1784194e+000
  6.0729129e+000
  5.9480344e+000
  6.0139213e+000
  6.2189230e+000
  6.1920475e+000
  6.0937715e+000
  6.1770534e+000
  6.2419095e+000
  6.0567507e+000
  5.9485731e+000
  6.1238373e+000
  6.1193128e+000
  6.0797566e+000
  6.2289035e+000
  6.1988789e+000
  6.0324047e+000
  6.1278615e+000
  5.9734840e+000
  6.0321868e+000
  6.2141489e+000
  6.1424518e+000
  6.2347095e+000
  6.0742096e+000
  5.9844483e+000
  6.1266371e+000
  6.0747651e+000
  6.2676907e+000
  6.0683008e+000
  6.1307225e+000
  5.9968278e+000
  6.1465490e+000
  6.1493952e+000
  6.1756174e+000
  6.0937696e+000
  6.0114686e+000
  6.1840541e+000
  6.1611680e+000
  6.1372545e+000
  6.0137734e+000
  6.0703488e+000
  6.1757591e+000
  6.1243993e+000
  6.0894570e+000
  6.0162887e+000
  6.2308930e+000
  6.0817872e+000
  6.1116399e+000
  6.0284030e+000
  6.2016048e+000
  6.1725972e+000
  5.9576191e+000
  6.2623780e+000
  6.1188082e+000
  6.0357451e+000
  6.1634832e+000
  6.1115323e+000
  6.1168638e+000
  6.0673262e+000
  6.1260464e+000
  6.1346050e+000
  6.0647512e+000
  6.1387061e+000
  6.1224964e+000
  6.0808838e+000
  6.1241188e+000
  6.1105158e+000
  6.1478736e+000
  6.0461706e+000
  6.1014160e+000
  6.2723733e+000
  5.9365881e+000
  6.1366246e+000
  6.1858160e+000
  6.0386618e+000
  6.1219718e+000
  6.0622628e+000
  6.2651712e+000
  5.9915357e+000
  6.0973040e+000
  6.1435359e+000
  6.2098977e+000
  6.0705328e+000
  6.0054930e+000
  6.1607310e+000
  6.1587983e+000
  6.1414326e+000
  5.9862958e+000
  6.1048769e+000
  6.1486323e+000
  6.1811967e+000
  6.1095337e+000
  6.0095746e+000
  6.1104177e+000
  6.0858753e+000
  6.2764975e+000
  6.0669162e+000
  6.1442984e+000
  6.0020392e+000
  6.0617993e+000
  6.2064931e+000
  6.1062671e+000
  6.2410353e+000
  6.0698268e+000
  5.9766660e+000
  6.1132044e+000
  6.0438595e+000
  6.1939441e+000
  6.2655881e+000
  6.0710364e+000
  6.0868970e+000
  6.1021764e+000
  5.9610136e+000
  6.0374669e+000
  6.2176929e+000
  6.1548463e+000
  6.1144906e+000
  6.2061550e+000
  6.1812648e+000
  6.0084802e+000
  5.9572271e+000
  6.0732915e+000
  6.1260067e+000
  6.0750649e+000
  6.0824049e+000
  6.1997334e+000
  6.2534342e+000
  6.2068276e+000
  6.0664567e+000
  5.9749691e+000
  6.0076966e+000
  6.0867107e+000
  6.1285110e+000
  6.1089857e+000
  6.0890865e+000
  6.0772595e+000
  6.1212659e+000
  6.1690924e+000
  6.2298050e+000
  6.2439997e+000
  6.2063552e+000
  6.1751799e+000
  6.0890482e+000
  6.0186092e+000
  5.9968634e+000
  5.9995202e+000
  6.0197873e+000
  6.0499704e+000
  6.1130062e+000
  6.1018170e+000
