  5.8933505e+000
  5.9094000e+000
  5.9705012e+000
  5.9797957e+000
  5.9929688e+000
  5.9918092e+000
  5.9763317e+000
  6.0840346e+000
  6.1732023e+000
  6.1677325e+000
  5.9684483e+000
  5.9009444e+000
  5.9986885e+000
  5.9901483e+000
  5.8832044e+000
  5.9303774e+000
  6.1131026e+000
  6.0767295e+000
  6.0352170e+000
  6.1166705e+000
  6.0171220e+000
  5.8641156e+000
  5.9649237e+000
  6.0074238e+000
  5.9204802e+000
  6.1320300e+000
  6.1123405e+000
  5.9637111e+000
  6.0228712e+000
  5.9191556e+000
  5.8873891e+000
  6.1448443e+000
  6.0029302e+000
  6.1385586e+000
  5.9862595e+000
  5.8793284e+000
  6.0157340e+000
  5.9243121e+000
  6.1670303e+000
  6.0081373e+000
  6.0164087e+000
  5.8801321e+000
  5.9812396e+000
  6.0845009e+000
  6.0847142e+000
  5.9825406e+000
  5.9282404e+000
  5.9717531e+000
  6.0751104e+000
  6.0177492e+000
  5.9569061e+000
  5.8722872e+000
  6.1381118e+000
  6.0153524e+000
  6.0525539e+000
  5.8432359e+000
  6.1613970e+000
  6.0331378e+000
  5.9364955e+000
  6.0123622e+000
  6.0190399e+000
  6.0801767e+000
  5.8713656e+000
  6.0307681e+000
  6.1219298e+000
  5.8590923e+000
  6.0690481e+000
  6.0998566e+000
  5.8938188e+000
  6.0558917e+000
  6.0581123e+000
  5.9304589e+000
  6.0607259e+000
  6.0493473e+000
  5.9018412e+000
  6.1129529e+000
  6.0760191e+000
  5.8463832e+000
  6.1489083e+000
  6.0341328e+000
  5.8839080e+000
  6.0809242e+000
  6.0073817e+000
  6.0061627e+000
  5.9540289e+000
  6.0501990e+000
  6.1226460e+000
  5.8481150e+000
  6.0345559e+000
  5.9947522e+000
  6.1381772e+000
  5.8892412e+000
  5.9574082e+000
  6.0411328e+000
  6.1075978e+000
  5.9609294e+000
  5.9002343e+000
  5.9879461e+000
  6.1143837e+000
  6.0593626e+000
  5.9960956e+000
  5.8827829e+000
  6.0554842e+000
  5.9912104e+000
  6.1878402e+000
  5.9223904e+000
  6.0072638e+000
  5.9011340e+000
  6.0032055e+000
  6.1314246e+000
  6.0119621e+000
  6.1127210e+000
  5.8915357e+000
  5.9114381e+000
  6.0169348e+000
  5.9495783e+000
  6.1364390e+000
  6.1223239e+000
  5.9387364e+000
  6.0106596e+000
  5.9341385e+000
  5.8593905e+000
  6.0383800e+000
  6.0730248e+000
  6.0006212e+000
  6.1036630e+000
  6.1368123e+000
  5.9391059e+000
  5.8595644e+000
  5.9516903e+000
  5.9876487e+000
  5.9267495e+000
  5.9690345e+000
  6.0851297e+000
  6.1826701e+000
  6.0785248e+000
  5.9608599e+000
  5.9725517e+000
  5.9891620e+000
  5.9917707e+000
  5.9345285e+000
  5.8712696e+000
  5.8772459e+000
  5.9528443e+000
  6.0637110e+000
  6.1579290e+000
  6.1567565e+000
  6.1007261e+000
  6.0372207e+000
  5.9598305e+000
  5.8933367e+000
  5.8733088e+000
  5.8843235e+000
  5.9117001e+000
  5.9481852e+000
  5.9980806e+000
  6.0545256e+000
  6.1015637e+000
  6.1767010e+000
  6.1874139e+000
