  6.0152265e+000
  5.9335929e+000
  5.8117148e+000
  5.7204390e+000
  5.7761146e+000
  5.9376828e+000
  5.9816835e+000
  5.8928287e+000
  5.9008024e+000
  6.0100776e+000
  6.0383920e+000
  5.9664980e+000
  5.8132184e+000
  5.8255688e+000
  5.9124558e+000
  5.8349116e+000
  5.7511982e+000
  5.9201472e+000
  6.0895473e+000
  5.9234496e+000
  5.8966012e+000
  6.0028560e+000
  5.8499467e+000
  5.7576282e+000
  5.9121110e+000
  5.8531325e+000
  5.9066400e+000
  6.1016186e+000
  5.8820723e+000
  5.9259730e+000
  5.8396145e+000
  5.7589472e+000
  5.9604860e+000
  5.9021331e+000
  5.9906485e+000
  5.9327707e+000
  5.8126265e+000
  5.8862413e+000
  5.7862693e+000
  6.0618141e+000
  5.8940200e+000
  6.0112962e+000
  5.7530639e+000
  5.9098642e+000
  5.8841475e+000
  6.0382777e+000
  5.8458585e+000
  5.8635143e+000
  5.7939182e+000
  6.0237509e+000
  5.8906134e+000
  5.9235919e+000
  5.7524621e+000
  6.0404841e+000
  5.9093425e+000
  5.9074699e+000
  5.8091147e+000
  5.8911595e+000
  6.0388332e+000
  5.7476190e+000
  5.9145579e+000
  5.8984948e+000
  5.9529781e+000
  5.8629541e+000
  5.8156383e+000
  6.0556864e+000
  5.8485365e+000
  5.8090361e+000
  6.0694896e+000
  5.8173210e+000
  5.8188568e+000
  6.1037207e+000
  5.8330346e+000
  5.8389687e+000
  6.0920361e+000
  5.8292304e+000
  5.8479837e+000
  6.0159859e+000
  5.8188633e+000
  5.8624478e+000
  5.9461236e+000
  5.9059146e+000
  5.9360036e+000
  5.7851479e+000
  6.0595849e+000
  5.9032373e+000
  5.7961330e+000
  5.9068636e+000
  5.9001162e+000
  6.0156850e+000
  5.7495395e+000
  5.9352014e+000
  5.9008329e+000
  6.0572678e+000
  5.8097999e+000
  5.8597491e+000
  5.8600806e+000
  6.0490326e+000
  5.8970870e+000
  5.9025972e+000
  5.7696239e+000
  5.9937782e+000
  5.9090573e+000
  6.0488688e+000
  5.7981653e+000
  5.8801862e+000
  5.8030424e+000
  5.9601195e+000
  6.0019917e+000
  5.9055257e+000
  5.9919227e+000
  5.7593170e+000
  5.8611139e+000
  5.9000801e+000
  5.8858243e+000
  6.0932221e+000
  5.9272726e+000
  5.8508267e+000
  5.9160474e+000
  5.7583262e+000
  5.8188398e+000
  6.0142762e+000
  5.9300678e+000
  5.9163079e+000
  6.0483573e+000
  5.9457260e+000
  5.7802596e+000
  5.8443441e+000
  5.8926268e+000
  5.7949733e+000
  5.8241562e+000
  5.9967013e+000
  6.0885247e+000
  5.9504926e+000
  5.8983395e+000
  5.9313139e+000
  5.9935657e+000
  5.9242729e+000
  5.7715305e+000
  5.7310931e+000
  5.8076473e+000
  5.9174197e+000
  5.9782007e+000
  5.9670014e+000
  5.9222638e+000
  5.8934281e+000
  5.9046792e+000
  5.9286418e+000
  5.9611681e+000
  5.9627143e+000
  5.9328015e+000
  5.8818651e+000
  5.8570125e+000
  5.8381701e+000
  5.8117074e+000
  5.8002663e+000
  5.8274636e+000
  5.8630307e+000
  5.9083973e+000
  5.8850973e+000
