  5.7818948e+000
  5.7764960e+000
  5.7954849e+000
  5.8217878e+000
  5.7464456e+000
  5.6896348e+000
  5.6788450e+000
  5.7446246e+000
  5.9228737e+000
  5.8932147e+000
  5.7898881e+000
  5.8412598e+000
  5.9086323e+000
  5.8811275e+000
  5.6971504e+000
  5.6865521e+000
  5.7790247e+000
  5.7347846e+000
  5.7458724e+000
  5.8858853e+000
  5.8879436e+000
  5.7932626e+000
  5.9172784e+000
  5.7922034e+000
  5.6463773e+000
  5.7787743e+000
  5.7741930e+000
  5.7777173e+000
  5.9510442e+000
  5.8238939e+000
  5.7871728e+000
  5.8131143e+000
  5.6339776e+000
  5.8301882e+000
  5.7775567e+000
  5.8772190e+000
  5.8832389e+000
  5.7150480e+000
  5.7949868e+000
  5.6867127e+000
  5.9353431e+000
  5.8413793e+000
  5.8749046e+000
  5.6642302e+000
  5.7927526e+000
  5.7464552e+000
  5.9363713e+000
  5.7539793e+000
  5.8007295e+000
  5.6426303e+000
  5.9362261e+000
  5.8022212e+000
  5.8644617e+000
  5.6746410e+000
  5.8303123e+000
  5.8659502e+000
  5.7488645e+000
  5.7738552e+000
  5.7367932e+000
  5.9218137e+000
  5.7416056e+000
  5.7285638e+000
  5.9501717e+000
  5.7447170e+000
  5.7812265e+000
  5.7977128e+000
  5.8201285e+000
  5.8271484e+000
  5.6985300e+000
  5.8339266e+000
  5.8654311e+000
  5.7132531e+000
  5.8695954e+000
  5.8626084e+000
  5.7238291e+000
  5.8441052e+000
  5.7940662e+000
  5.7585280e+000
  5.7715067e+000
  5.7542420e+000
  5.9257602e+000
  5.7017728e+000
  5.7453158e+000
  5.9717669e+000
  5.7245870e+000
  5.7617775e+000
  5.7670176e+000
  5.8788991e+000
  5.8343468e+000
  5.6537910e+000
  5.8551256e+000
  5.7861302e+000
  5.9376679e+000
  5.6602229e+000
  5.8115404e+000
  5.7803507e+000
  5.9698218e+000
  5.7337807e+000
  5.7795404e+000
  5.6629646e+000
  5.9252070e+000
  5.8220550e+000
  5.9147913e+000
  5.6683608e+000
  5.7870123e+000
  5.7119113e+000
  5.8806849e+000
  5.9053546e+000
  5.7741868e+000
  5.8354910e+000
  5.6490026e+000
  5.8037097e+000
  5.8171842e+000
  5.8188432e+000
  5.9600302e+000
  5.7674716e+000
  5.7789206e+000
  5.7751131e+000
  5.6410701e+000
  5.7976239e+000
  5.8852358e+000
  5.7968982e+000
  5.9142824e+000
  5.9026015e+000
  5.7116674e+000
  5.7216838e+000
  5.7934754e+000
  5.7068974e+000
  5.6785035e+000
  5.8507212e+000
  5.9565441e+000
  5.8506711e+000
  5.7968714e+000
  5.8961391e+000
  5.9198606e+000
  5.7949088e+000
  5.6701086e+000
  5.6589755e+000
  5.7638004e+000
  5.8371841e+000
  5.8105043e+000
  5.7658753e+000
  5.7602428e+000
  5.8219905e+000
  5.9291076e+000
  5.9415894e+000
  5.9440520e+000
  5.8715354e+000
  5.7666565e+000
  5.6923191e+000
  5.6512998e+000
  5.6368910e+000
  5.6613930e+000
  5.7206018e+000
  5.7702917e+000
  5.7948828e+000
  5.8661406e+000
  5.9367692e+000
  5.9757295e+000
  5.9241686e+000
