  5.8828993e+000
  5.8358516e+000
  5.6391946e+000
  5.6029167e+000
  5.6092628e+000
  5.7079753e+000
  5.7130127e+000
  5.5761319e+000
  5.5835067e+000
  5.7009789e+000
  5.8162877e+000
  5.7912422e+000
  5.6561932e+000
  5.7848135e+000
  5.8140254e+000
  5.6599987e+000
  5.5752917e+000
  5.6714691e+000
  5.7055972e+000
  5.5822776e+000
  5.6843062e+000
  5.8324758e+000
  5.7305174e+000
  5.7175823e+000
  5.8052302e+000
  5.5882564e+000
  5.6234218e+000
  5.6997687e+000
  5.6010904e+000
  5.8049116e+000
  5.8036646e+000
  5.7140573e+000
  5.7464614e+000
  5.5389479e+000
  5.6911764e+000
  5.6327189e+000
  5.7802755e+000
  5.8025380e+000
  5.6929634e+000
  5.7085395e+000
  5.5652646e+000
  5.7985688e+000
  5.6556758e+000
  5.8581947e+000
  5.5919784e+000
  5.7117764e+000
  5.5952547e+000
  5.8447843e+000
  5.6742849e+000
  5.7231047e+000
  5.5656290e+000
  5.7832895e+000
  5.7518649e+000
  5.7496297e+000
  5.6446022e+000
  5.6275966e+000
  5.8517143e+000
  5.6587199e+000
  5.7059956e+000
  5.6370652e+000
  5.8021309e+000
  5.7805823e+000
  5.5570686e+000
  5.7683437e+000
  5.7621809e+000
  5.5730541e+000
  5.7468608e+000
  5.7164350e+000
  5.6159776e+000
  5.7095291e+000
  5.7278726e+000
  5.6742246e+000
  5.7189388e+000
  5.7230094e+000
  5.6399976e+000
  5.7347372e+000
  5.7249019e+000
  5.5814677e+000
  5.7621140e+000
  5.7968476e+000
  5.5282827e+000
  5.7262705e+000
  5.7697883e+000
  5.6472176e+000
  5.6598754e+000
  5.6360647e+000
  5.8706404e+000
  5.6383734e+000
  5.6485087e+000
  5.7195864e+000
  5.7374816e+000
  5.7382892e+000
  5.5454845e+000
  5.7161068e+000
  5.6677938e+000
  5.8813476e+000
  5.6082737e+000
  5.6916466e+000
  5.5826296e+000
  5.8363720e+000
  5.6991812e+000
  5.7980093e+000
  5.5464695e+000
  5.6967439e+000
  5.6599357e+000
  5.7877485e+000
  5.7752314e+000
  5.6506079e+000
  5.6876273e+000
  5.5521956e+000
  5.7665714e+000
  5.7046723e+000
  5.7856502e+000
  5.8133359e+000
  5.6005303e+000
  5.6779398e+000
  5.6266705e+000
  5.5776277e+000
  5.7839276e+000
  5.7228716e+000
  5.7282199e+000
  5.8288999e+000
  5.7131376e+000
  5.5958981e+000
  5.6765048e+000
  5.6413764e+000
  5.5544123e+000
  5.6843082e+000
  5.8011975e+000
  5.7511319e+000
  5.7182541e+000
  5.7816698e+000
  5.7850761e+000
  5.6994040e+000
  5.5824647e+000
  5.6250446e+000
  5.6817802e+000
  5.6599552e+000
  5.6221206e+000
  5.6099620e+000
  5.6776877e+000
  5.8141758e+000
  5.8655863e+000
  5.8302861e+000
  5.7722360e+000
  5.6693026e+000
  5.6507676e+000
  5.6837902e+000
  5.6757470e+000
  5.7012954e+000
  5.7102496e+000
  5.6867205e+000
  5.6562446e+000
  5.6485233e+000
  5.6414526e+000
  5.6225813e+000
  5.6500773e+000
  5.6834764e+000
  5.7148546e+000
  5.6851246e+000
