  5.6562053e+000
  5.6486501e+000
  5.6525133e+000
  5.7172194e+000
  5.6371005e+000
  5.5212621e+000
  5.4814893e+000
  5.5139454e+000
  5.6088074e+000
  5.5677294e+000
  5.4858127e+000
  5.6057882e+000
  5.6737114e+000
  5.7049323e+000
  5.6018826e+000
  5.6506426e+000
  5.7310117e+000
  5.5374794e+000
  5.4877686e+000
  5.5866111e+000
  5.5112966e+000
  5.5198352e+000
  5.7042663e+000
  5.6757446e+000
  5.6307875e+000
  5.7124915e+000
  5.5384335e+000
  5.5151880e+000
  5.5853921e+000
  5.4759724e+000
  5.7051343e+000
  5.6544092e+000
  5.6074501e+000
  5.6851160e+000
  5.4642474e+000
  5.5772077e+000
  5.5454468e+000
  5.6527596e+000
  5.7245018e+000
  5.5985676e+000
  5.6206058e+000
  5.4553348e+000
  5.6192077e+000
  5.5950814e+000
  5.7458726e+000
  5.5410684e+000
  5.6208870e+000
  5.4866172e+000
  5.7145135e+000
  5.6130589e+000
  5.6457178e+000
  5.5133773e+000
  5.5642119e+000
  5.7290345e+000
  5.5869721e+000
  5.6059162e+000
  5.4748198e+000
  5.7444876e+000
  5.6338625e+000
  5.5052628e+000
  5.6455461e+000
  5.5894117e+000
  5.6843923e+000
  5.4959361e+000
  5.5624109e+000
  5.7436918e+000
  5.4870836e+000
  5.5247285e+000
  5.7287255e+000
  5.5152518e+000
  5.5384851e+000
  5.7434865e+000
  5.5275093e+000
  5.5091119e+000
  5.7457757e+000
  5.5414694e+000
  5.4853953e+000
  5.7876509e+000
  5.5569850e+000
  5.5193975e+000
  5.6646436e+000
  5.5887749e+000
  5.6345584e+000
  5.4988898e+000
  5.5953557e+000
  5.7349182e+000
  5.4735440e+000
  5.6003789e+000
  5.5764407e+000
  5.7020298e+000
  5.5638325e+000
  5.4871406e+000
  5.6325571e+000
  5.6129062e+000
  5.6926179e+000
  5.4961861e+000
  5.6003969e+000
  5.5432633e+000
  5.7687126e+000
  5.5757744e+000
  5.6373149e+000
  5.4670117e+000
  5.6011467e+000
  5.6047352e+000
  5.6765940e+000
  5.6352506e+000
  5.5354565e+000
  5.5754094e+000
  5.4626014e+000
  5.7022987e+000
  5.6191912e+000
  5.6925056e+000
  5.6693323e+000
  5.4861072e+000
  5.5876396e+000
  5.4776963e+000
  5.5566679e+000
  5.7028977e+000
  5.6150248e+000
  5.6631596e+000
  5.7104093e+000
  5.5034288e+000
  5.5475873e+000
  5.6077299e+000
  5.4807945e+000
  5.5141013e+000
  5.6763365e+000
  5.6680848e+000
  5.5844508e+000
  5.6764055e+000
  5.7352999e+000
  5.5904599e+000
  5.4929297e+000
  5.5419884e+000
  5.5866430e+000
  5.5537031e+000
  5.4724902e+000
  5.5047712e+000
  5.6306605e+000
  5.7097594e+000
  5.6887969e+000
  5.6467197e+000
  5.6000390e+000
  5.6387947e+000
  5.6877299e+000
  5.6978390e+000
  5.6621617e+000
  5.6172372e+000
  5.5197564e+000
  5.4730220e+000
  5.4552391e+000
  5.4589662e+000
  5.4935615e+000
  5.5450951e+000
  5.5932556e+000
  5.6459232e+000
  5.6931911e+000
  5.7225383e+000
  5.7714679e+000
  5.7802938e+000
