  5.7223026e+000
  5.5866618e+000
  5.5569995e+000
  5.4673167e+000
  5.5465495e+000
  5.5835703e+000
  5.5491696e+000
  5.4096987e+000
  5.3652522e+000
  5.4343381e+000
  5.5019053e+000
  5.4795682e+000
  5.3717941e+000
  5.5490302e+000
  5.6589933e+000
  5.5639717e+000
  5.5369751e+000
  5.5987424e+000
  5.5253856e+000
  5.3928273e+000
  5.4414071e+000
  5.5181691e+000
  5.3888453e+000
  5.5212155e+000
  5.6231932e+000
  5.4995058e+000
  5.5981670e+000
  5.5869756e+000
  5.3820261e+000
  5.4981528e+000
  5.4020749e+000
  5.4556306e+000
  5.6036716e+000
  5.5174069e+000
  5.6390796e+000
  5.4244599e+000
  5.4979068e+000
  5.3983995e+000
  5.5256330e+000
  5.5596185e+000
  5.5498697e+000
  5.5164538e+000
  5.3808585e+000
  5.4785024e+000
  5.4512419e+000
  5.6322485e+000
  5.5269463e+000
  5.4965794e+000
  5.4002772e+000
  5.5127070e+000
  5.5987015e+000
  5.4916018e+000
  5.4555039e+000
  5.3822485e+000
  5.6310055e+000
  5.4738939e+000
  5.5175665e+000
  5.4250264e+000
  5.5105258e+000
  5.6120719e+000
  5.3679956e+000
  5.4787673e+000
  5.5586174e+000
  5.4800100e+000
  5.5194932e+000
  5.4391448e+000
  5.5779209e+000
  5.5353456e+000
  5.3705317e+000
  5.5904282e+000
  5.5670173e+000
  5.3527980e+000
  5.5558531e+000
  5.5693941e+000
  5.3629116e+000
  5.5273803e+000
  5.5523003e+000
  5.4559004e+000
  5.4915921e+000
  5.5134351e+000
  5.5610548e+000
  5.5313668e+000
  5.3872173e+000
  5.6284809e+000
  5.5064177e+000
  5.4300581e+000
  5.5100961e+000
  5.4786540e+000
  5.6175376e+000
  5.3766494e+000
  5.4761978e+000
  5.4908268e+000
  5.5999604e+000
  5.5412974e+000
  5.4052023e+000
  5.5101510e+000
  5.4813437e+000
  5.6448103e+000
  5.4802235e+000
  5.4828238e+000
  5.3925301e+000
  5.5470400e+000
  5.5308567e+000
  5.5821988e+000
  5.4962829e+000
  5.4021687e+000
  5.4908625e+000
  5.4004794e+000
  5.6287064e+000
  5.5206413e+000
  5.5759760e+000
  5.4894666e+000
  5.3714811e+000
  5.4967238e+000
  5.3936698e+000
  5.5265637e+000
  5.6120397e+000
  5.4882552e+000
  5.6241421e+000
  5.5148718e+000
  5.3770755e+000
  5.4759745e+000
  5.4533656e+000
  5.3905231e+000
  5.5551442e+000
  5.5932660e+000
  5.4876944e+000
  5.5695293e+000
  5.6407081e+000
  5.5187945e+000
  5.4020571e+000
  5.4557923e+000
  5.5292314e+000
  5.4236946e+000
  5.3352837e+000
  5.4145750e+000
  5.5545795e+000
  5.6003672e+000
  5.5275269e+000
  5.4776795e+000
  5.5364828e+000
  5.6232875e+000
  5.6401472e+000
  5.6135204e+000
  5.5041601e+000
  5.4335773e+000
  5.3988235e+000
  5.4140976e+000
  5.4671326e+000
  5.5140921e+000
  5.5214359e+000
  5.5128390e+000
  5.5002225e+000
  5.4824220e+000
  5.4649110e+000
  5.4733591e+000
  5.4923880e+000
  5.4923257e+000
  5.5052225e+000
  5.5026994e+000
