  5.3959374e+000
  5.3984281e+000
  5.5725851e+000
  5.5105950e+000
  5.5303170e+000
  5.3723651e+000
  5.3845476e+000
  5.4483186e+000
  5.4482756e+000
  5.3349686e+000
  5.2547175e+000
  5.3392202e+000
  5.4051524e+000
  5.3821903e+000
  5.3230197e+000
  5.4908639e+000
  5.5537838e+000
  5.4227679e+000
  5.4287249e+000
  5.5604749e+000
  5.3642586e+000
  5.3245891e+000
  5.3980326e+000
  5.3025891e+000
  5.3448129e+000
  5.5123474e+000
  5.4227359e+000
  5.5185980e+000
  5.5023916e+000
  5.3319167e+000
  5.4108825e+000
  5.2795119e+000
  5.3606269e+000
  5.4857440e+000
  5.3973673e+000
  5.5656984e+000
  5.3693719e+000
  5.4044756e+000
  5.2954382e+000
  5.3780430e+000
  5.4388935e+000
  5.4592022e+000
  5.4431812e+000
  5.3214199e+000
  5.3418233e+000
  5.3802860e+000
  5.5022468e+000
  5.4643563e+000
  5.3502264e+000
  5.3435318e+000
  5.3404088e+000
  5.5185095e+000
  5.3699377e+000
  5.4554362e+000
  5.2655618e+000
  5.4554263e+000
  5.4789424e+000
  5.3481788e+000
  5.3814562e+000
  5.3174209e+000
  5.5340004e+000
  5.3682453e+000
  5.2807570e+000
  5.5067374e+000
  5.4103867e+000
  5.3309587e+000
  5.4461504e+000
  5.4107886e+000
  5.4094473e+000
  5.3967758e+000
  5.3897593e+000
  5.4116480e+000
  5.3741683e+000
  5.3733974e+000
  5.3842840e+000
  5.3904180e+000
  5.4176006e+000
  5.3498744e+000
  5.3862585e+000
  5.5500196e+000
  5.2910050e+000
  5.4037476e+000
  5.5279978e+000
  5.3330721e+000
  5.3925631e+000
  5.3652703e+000
  5.4794822e+000
  5.4859786e+000
  5.2623307e+000
  5.4500731e+000
  5.3966148e+000
  5.5234925e+000
  5.3383162e+000
  5.3705016e+000
  5.3671944e+000
  5.4941903e+000
  5.4423196e+000
  5.3654923e+000
  5.3301123e+000
  5.3330759e+000
  5.4564313e+000
  5.4838277e+000
  5.4237475e+000
  5.3894865e+000
  5.2790342e+000
  5.4260330e+000
  5.3559543e+000
  5.5352647e+000
  5.3965834e+000
  5.4814035e+000
  5.3332227e+000
  5.2878722e+000
  5.3894485e+000
  5.3178790e+000
  5.5165717e+000
  5.4745514e+000
  5.4026823e+000
  5.4921419e+000
  5.3354076e+000
  5.3077132e+000
  5.3994473e+000
  5.2896232e+000
  5.3531287e+000
  5.5141929e+000
  5.4528518e+000
  5.4274767e+000
  5.5304400e+000
  5.4815238e+000
  5.3347174e+000
  5.3611884e+000
  5.4034781e+000
  5.3201163e+000
  5.2535915e+000
  5.3230688e+000
  5.4397179e+000
  5.4267896e+000
  5.3724864e+000
  5.3924140e+000
  5.4926603e+000
  5.5425037e+000
  5.5262920e+000
  5.4240452e+000
  5.3654426e+000
  5.3777453e+000
  5.4000961e+000
  5.4510601e+000
  5.4327204e+000
  5.3639351e+000
  5.3183910e+000
  5.2786548e+000
  5.2599572e+000
  5.2861661e+000
  5.3230480e+000
  5.3663868e+000
  5.4146115e+000
  5.4682066e+000
  5.5373322e+000
  5.5540168e+000
  5.5512823e+000
  5.5357211e+000
