  5.3798058e+000
  5.3577621e+000
  5.3224234e+000
  5.2958501e+000
  5.3901303e+000
  5.4105309e+000
  5.4481608e+000
  5.3402534e+000
  5.2403774e+000
  5.3233059e+000
  5.3454064e+000
  5.2474797e+000
  5.1625926e+000
  5.2632585e+000
  5.3051629e+000
  5.2667439e+000
  5.2552855e+000
  5.4224023e+000
  5.4020079e+000
  5.3139448e+000
  5.4062965e+000
  5.3668492e+000
  5.1917643e+000
  5.2990249e+000
  5.2701247e+000
  5.1789330e+000
  5.3637838e+000
  5.3109428e+000
  5.3463966e+000
  5.4613510e+000
  5.2422993e+000
  5.3236696e+000
  5.2342767e+000
  5.2164042e+000
  5.3229757e+000
  5.2795501e+000
  5.4846602e+000
  5.2742212e+000
  5.3704049e+000
  5.1859483e+000
  5.2828900e+000
  5.2855870e+000
  5.3924829e+000
  5.3512590e+000
  5.3477278e+000
  5.2118231e+000
  5.2882716e+000
  5.2876003e+000
  5.4072676e+000
  5.2543816e+000
  5.3267844e+000
  5.1795137e+000
  5.4260468e+000
  5.3417232e+000
  5.3146609e+000
  5.2140300e+000
  5.2642694e+000
  5.4417693e+000
  5.2455254e+000
  5.2732355e+000
  5.2910360e+000
  5.3247501e+000
  5.3736570e+000
  5.1567225e+000
  5.3082655e+000
  5.4084335e+000
  5.1803137e+000
  5.2810340e+000
  5.4188631e+000
  5.2273109e+000
  5.2660301e+000
  5.3954583e+000
  5.2542095e+000
  5.2278217e+000
  5.4058644e+000
  5.2769291e+000
  5.1856134e+000
  5.4561088e+000
  5.3022868e+000
  5.1755439e+000
  5.3720201e+000
  5.3382653e+000
  5.2685487e+000
  5.2769003e+000
  5.2438772e+000
  5.4561274e+000
  5.2613042e+000
  5.2402296e+000
  5.3113359e+000
  5.3298397e+000
  5.4445880e+000
  5.1782261e+000
  5.3129084e+000
  5.2790123e+000
  5.4162844e+000
  5.3102369e+000
  5.2548121e+000
  5.2045906e+000
  5.2981212e+000
  5.3395588e+000
  5.3967609e+000
  5.2723585e+000
  5.2663752e+000
  5.1805600e+000
  5.3396680e+000
  5.2982837e+000
  5.4672738e+000
  5.2722862e+000
  5.3426320e+000
  5.2146461e+000
  5.2231281e+000
  5.3292849e+000
  5.2703144e+000
  5.4505835e+000
  5.3459815e+000
  5.3266308e+000
  5.3431860e+000
  5.1696870e+000
  5.2552137e+000
  5.2839355e+000
  5.2049358e+000
  5.3664540e+000
  5.3951320e+000
  5.2947348e+000
  5.3931145e+000
  5.4264674e+000
  5.2625267e+000
  5.2412781e+000
  5.3247231e+000
  5.2596748e+000
  5.1615269e+000
  5.2328370e+000
  5.3295207e+000
  5.3009802e+000
  5.2654612e+000
  5.3074349e+000
  5.4119159e+000
  5.4275818e+000
  5.3588470e+000
  5.2855446e+000
  5.3041509e+000
  5.3468170e+000
  5.3934465e+000
  5.3400741e+000
  5.2344860e+000
  5.1734732e+000
  5.1585868e+000
  5.1866470e+000
  5.2357733e+000
  5.2745571e+000
  5.3087986e+000
  5.3354092e+000
  5.3257352e+000
  5.3111898e+000
  5.2917759e+000
  5.3024383e+000
  5.3225056e+000
  5.3072877e+000
  5.3140224e+000
  5.2907345e+000
