  5.1360117e+000
  5.0712173e+000
  4.9955249e+000
  5.0724993e+000
  5.0964772e+000
  5.1971940e+000
  5.1914564e+000
  5.1751580e+000
  5.0834797e+000
  5.2311278e+000
  5.2843096e+000
  5.0999986e+000
  5.0768298e+000
  5.2027109e+000
  5.1202079e+000
  4.9926708e+000
  4.9936414e+000
  5.1267798e+000
  5.0753295e+000
  4.9960810e+000
  5.2142560e+000
  5.1487982e+000
  5.1331800e+000
  5.2608234e+000
  5.1187816e+000
  5.0712491e+000
  5.1493625e+000
  5.0114331e+000
  5.0610936e+000
  5.1049691e+000
  5.0304900e+000
  5.2674430e+000
  5.1323393e+000
  5.2000845e+000
  5.1163059e+000
  5.0177305e+000
  5.1166770e+000
  4.9997030e+000
  5.2092128e+000
  5.0827968e+000
  5.2425177e+000
  5.0656151e+000
  5.1295765e+000
  4.9774936e+000
  5.1931494e+000
  5.0844897e+000
  5.2669542e+000
  5.0435344e+000
  5.1164129e+000
  5.0043499e+000
  5.2316222e+000
  5.1425541e+000
  5.1023794e+000
  5.0593726e+000
  5.0335925e+000
  5.2446084e+000
  5.1265274e+000
  5.0926559e+000
  5.0547887e+000
  5.1025606e+000
  5.2843521e+000
  4.9977164e+000
  5.0576069e+000
  5.2243777e+000
  5.0995797e+000
  5.1011322e+000
  5.1110984e+000
  5.1258488e+000
  5.1459593e+000
  5.0651284e+000
  5.1076563e+000
  5.2146216e+000
  5.0770831e+000
  5.0620681e+000
  5.1438676e+000
  5.1268062e+000
  5.1155659e+000
  5.1080879e+000
  5.0888487e+000
  5.2224643e+000
  5.0873584e+000
  5.0164513e+000
  5.2363106e+000
  5.0976802e+000
  5.0438832e+000
  5.1130479e+000
  5.1029790e+000
  5.2570005e+000
  5.0309184e+000
  5.0702439e+000
  5.1115878e+000
  5.1384021e+000
  5.1815988e+000
  5.0001003e+000
  5.1155480e+000
  5.0383372e+000
  5.2472510e+000
  5.1255389e+000
  5.1990780e+000
  4.9883754e+000
  5.1290039e+000
  5.0409885e+000
  5.2450712e+000
  5.1187032e+000
  5.2284349e+000
  4.9939134e+000
  5.0929496e+000
  5.0396708e+000
  5.1425341e+000
  5.2010966e+000
  5.1353734e+000
  5.2139589e+000
  5.0660550e+000
  5.1046645e+000
  5.0302046e+000
  4.9784367e+000
  5.1419947e+000
  5.0790164e+000
  5.1535185e+000
  5.2533713e+000
  5.1138294e+000
  5.1584925e+000
  5.1855450e+000
  5.0190796e+000
  5.0387369e+000
  5.1044006e+000
  5.0073994e+000
  5.0036698e+000
  5.1226804e+000
  5.1424813e+000
  5.0847790e+000
  5.1334886e+000
  5.2563407e+000
  5.2217684e+000
  5.1343270e+000
  5.1498013e+000
  5.2118921e+000
  5.2081851e+000
  5.1045233e+000
  5.0310525e+000
  5.0159336e+000
  5.0837156e+000
  5.1249248e+000
  5.0901484e+000
  5.0216662e+000
  4.9705243e+000
  4.9746622e+000
  5.0021780e+000
  5.0666712e+000
  5.1414606e+000
  5.1713411e+000
  5.1662949e+000
  5.1681085e+000
  5.1691553e+000
  5.1299374e+000
  5.1438781e+000
  5.1263095e+000
  5.1052401e+000
  5.1382615e+000
  5.1173103e+000
