  4.8838246e+000
  4.9149321e+000
  4.9679404e+000
  5.0585536e+000
  4.9911859e+000
  4.9325334e+000
  4.9800312e+000
  5.1392365e+000
  5.0920475e+000
  5.0408461e+000
  5.0367813e+000
  5.0862608e+000
  5.1856318e+000
  5.0316850e+000
  4.9799174e+000
  5.0753647e+000
  5.0363151e+000
  4.9174176e+000
  4.9937828e+000
  4.9928939e+000
  4.9055592e+000
  4.9872433e+000
  5.1258441e+000
  4.9941009e+000
  5.0728715e+000
  5.1526729e+000
  4.9882001e+000
  5.1061400e+000
  4.9471202e+000
  4.9222689e+000
  5.0197962e+000
  4.9275169e+000
  5.0835319e+000
  5.0401117e+000
  5.0877266e+000
  5.0668277e+000
  4.9916057e+000
  5.0086810e+000
  4.8770806e+000
  5.0486565e+000
  5.0067061e+000
  5.1829777e+000
  4.9858312e+000
  5.0328044e+000
  4.8837418e+000
  5.0318462e+000
  4.9832159e+000
  5.1655947e+000
  4.9804440e+000
  5.0140219e+000
  4.9441140e+000
  5.0132552e+000
  5.1068425e+000
  4.9980445e+000
  5.0673458e+000
  4.9026792e+000
  5.1169455e+000
  5.0518391e+000
  4.9816965e+000
  5.0047045e+000
  4.9739900e+000
  5.0864935e+000
  5.0544992e+000
  4.8835790e+000
  5.0940495e+000
  5.1014579e+000
  4.9431203e+000
  5.0392542e+000
  5.0653975e+000
  4.9863266e+000
  5.0171111e+000
  5.0790199e+000
  4.9670746e+000
  4.9650236e+000
  5.0602380e+000
  5.0363849e+000
  4.9082823e+000
  5.1078846e+000
  5.1024184e+000
  4.8972182e+000
  5.0672501e+000
  5.0919453e+000
  4.9657630e+000
  5.0277652e+000
  4.9787804e+000
  5.0862517e+000
  5.1020694e+000
  4.8911318e+000
  5.0246513e+000
  4.9934940e+000
  5.1181215e+000
  5.0174625e+000
  4.9158432e+000
  5.0083157e+000
  4.9881787e+000
  5.1504668e+000
  4.9830076e+000
  5.0632430e+000
  4.8871476e+000
  5.0637443e+000
  4.9815395e+000
  5.1517705e+000
  4.9893569e+000
  5.0790403e+000
  4.9024877e+000
  5.0020697e+000
  4.9563749e+000
  5.0749050e+000
  5.0992936e+000
  5.0381064e+000
  5.1004618e+000
  4.9128193e+000
  5.0323142e+000
  4.9166197e+000
  4.9509474e+000
  5.0600666e+000
  4.9940258e+000
  5.1509668e+000
  5.1005294e+000
  4.9940171e+000
  5.0991555e+000
  4.9912866e+000
  4.9148134e+000
  5.0162086e+000
  4.9655581e+000
  4.8827211e+000
  5.0053514e+000
  5.0768504e+000
  4.9837111e+000
  5.0210705e+000
  5.1555247e+000
  5.1197707e+000
  5.0307365e+000
  5.0578415e+000
  5.1234035e+000
  5.1146299e+000
  4.9878340e+000
  4.9445614e+000
  4.9877755e+000
  5.0354653e+000
  4.9964345e+000
  4.9335408e+000
  4.8916997e+000
  4.9102999e+000
  4.9654639e+000
  5.0346964e+000
  5.0588445e+000
  5.0055764e+000
  4.9789870e+000
  4.9643630e+000
  4.9512570e+000
  4.9642170e+000
  5.0165781e+000
  5.0377107e+000
  5.0957256e+000
  5.1269776e+000
  5.1444545e+000
  5.1582932e+000
  5.1801400e+000
  5.1656790e+000
