  4.9387835e+000
  4.8623972e+000
  4.7870176e+000
  4.8072688e+000
  4.8816121e+000
  4.9545982e+000
  4.9287705e+000
  4.8654044e+000
  4.8557085e+000
  4.9694883e+000
  5.0159296e+000
  4.9712793e+000
  4.9511811e+000
  5.0047492e+000
  5.0789087e+000
  4.9111838e+000
  4.9799369e+000
  5.0238099e+000
  4.9051584e+000
  4.8210879e+000
  4.9240427e+000
  4.8452410e+000
  4.8380371e+000
  4.9556717e+000
  4.8888102e+000
  4.9715726e+000
  5.0402132e+000
  4.9358694e+000
  4.9806453e+000
  4.9620503e+000
  4.8541845e+000
  4.9184284e+000
  4.7872832e+000
  4.9574086e+000
  4.9182625e+000
  4.9856287e+000
  5.0326539e+000
  4.9033320e+000
  4.9369313e+000
  4.8029934e+000
  4.9562865e+000
  4.8683810e+000
  5.0385856e+000
  4.9082379e+000
  5.0233655e+000
  4.8039077e+000
  4.9106870e+000
  4.8846792e+000
  4.9903535e+000
  4.9969797e+000
  4.9182380e+000
  4.9085747e+000
  4.8363291e+000
  5.0539208e+000
  4.9570109e+000
  4.9340745e+000
  4.8663770e+000
  4.8679020e+000
  5.1017229e+000
  4.8604948e+000
  4.8872790e+000
  4.9142519e+000
  4.9287923e+000
  4.9998889e+000
  4.8753539e+000
  4.8730135e+000
  5.0939487e+000
  4.9006100e+000
  4.7953486e+000
  5.0484707e+000
  4.9835802e+000
  4.7879455e+000
  4.9448664e+000
  5.0418922e+000
  4.8032571e+000
  4.9126069e+000
  5.0308320e+000
  4.8606015e+000
  4.8654633e+000
  5.0190319e+000
  4.9134192e+000
  4.9085046e+000
  4.9081205e+000
  4.8979122e+000
  5.0959839e+000
  4.8807542e+000
  4.8645484e+000
  4.9403893e+000
  4.9149031e+000
  5.0363649e+000
  4.8492054e+000
  4.9117082e+000
  4.9023272e+000
  4.9982774e+000
  5.0292179e+000
  4.8772001e+000
  4.9164129e+000
  4.8184918e+000
  4.9965448e+000
  4.9114389e+000
  5.0275834e+000
  4.8532621e+000
  4.9289589e+000
  4.8117388e+000
  4.9349300e+000
  4.9134842e+000
  5.0219555e+000
  4.9938431e+000
  4.9015780e+000
  4.9400984e+000
  4.7928436e+000
  4.9333141e+000
  4.8541506e+000
  4.9273207e+000
  5.0128418e+000
  4.9340236e+000
  5.0683855e+000
  4.9539134e+000
  4.8792504e+000
  4.9541108e+000
  4.8219556e+000
  4.8408380e+000
  4.9482280e+000
  4.8422744e+000
  4.8934587e+000
  5.0028113e+000
  4.9329263e+000
  4.9079128e+000
  5.0431843e+000
  5.0294519e+000
  4.9319702e+000
  4.9481156e+000
  5.0229850e+000
  4.9988112e+000
  4.8675047e+000
  4.8398138e+000
  4.9049091e+000
  4.9537725e+000
  4.8809425e+000
  4.7916302e+000
  4.7951098e+000
  4.8825670e+000
  4.9474288e+000
  4.9508713e+000
  4.8907754e+000
  4.8502145e+000
  4.8411354e+000
  4.8630421e+000
  4.9445251e+000
  4.9901828e+000
  5.0161372e+000
  5.0210235e+000
  5.0284421e+000
  4.9775370e+000
  4.9838500e+000
  4.9567334e+000
  4.9416493e+000
  4.9526146e+000
  4.9358001e+000
  4.9212885e+000
