  4.6123591e+000
  4.6717305e+000
  4.7044236e+000
  4.7646133e+000
  4.6393053e+000
  4.5480704e+000
  4.6295777e+000
  4.6673919e+000
  4.6672182e+000
  4.5564002e+000
  4.5351475e+000
  4.6217404e+000
  4.6587844e+000
  4.5375627e+000
  4.5776351e+000
  4.6901544e+000
  4.6352750e+000
  4.5768348e+000
  4.7360237e+000
  4.7128603e+000
  4.6827376e+000
  4.7561387e+000
  4.7040515e+000
  4.6596260e+000
  4.7243462e+000
  4.6151678e+000
  4.5743764e+000
  4.6567495e+000
  4.5505678e+000
  4.6558656e+000
  4.6238775e+000
  4.6751808e+000
  4.7417623e+000
  4.6732050e+000
  4.7343970e+000
  4.6043210e+000
  4.6747867e+000
  4.5562302e+000
  4.6478918e+000
  4.5963379e+000
  4.7220211e+000
  4.7133793e+000
  4.7100053e+000
  4.6460904e+000
  4.6222712e+000
  4.5543804e+000
  4.6737982e+000
  4.6481233e+000
  4.8074733e+000
  4.5730006e+000
  4.6408345e+000
  4.5571285e+000
  4.6853218e+000
  4.7506566e+000
  4.6430388e+000
  4.6605647e+000
  4.5398035e+000
  4.7385298e+000
  4.7498406e+000
  4.6013114e+000
  4.6519000e+000
  4.6153414e+000
  4.7252071e+000
  4.7217586e+000
  4.5393107e+000
  4.6048534e+000
  4.7959249e+000
  4.6109820e+000
  4.5660946e+000
  4.7529381e+000
  4.6864942e+000
  4.5468070e+000
  4.6799460e+000
  4.7503614e+000
  4.5823193e+000
  4.6092718e+000
  4.7929417e+000
  4.6376431e+000
  4.5429789e+000
  4.7108936e+000
  4.6710755e+000
  4.6189026e+000
  4.6313036e+000
  4.6047430e+000
  4.7621761e+000
  4.7044980e+000
  4.5453446e+000
  4.6776247e+000
  4.6233893e+000
  4.7221931e+000
  4.7024220e+000
  4.5467889e+000
  4.6212839e+000
  4.5883236e+000
  4.7649027e+000
  4.6356595e+000
  4.6763192e+000
  4.5642534e+000
  4.6142430e+000
  4.6339835e+000
  4.7318716e+000
  4.7235657e+000
  4.7224581e+000
  4.6281243e+000
  4.6309474e+000
  4.5521681e+000
  4.6849508e+000
  4.5852333e+000
  4.7574595e+000
  4.6504047e+000
  4.7584915e+000
  4.6675500e+000
  4.6344059e+000
  4.6523647e+000
  4.5327591e+000
  4.6458587e+000
  4.5691620e+000
  4.6257667e+000
  4.7544510e+000
  4.6482476e+000
  4.7225844e+000
  4.7892145e+000
  4.6590013e+000
  4.7419797e+000
  4.7167295e+000
  4.6099537e+000
  4.6216834e+000
  4.6961880e+000
  4.5844479e+000
  4.5303893e+000
  4.6180253e+000
  4.6331110e+000
  4.5489912e+000
  4.5555622e+000
  4.6381565e+000
  4.6734916e+000
  4.6156048e+000
  4.5589784e+000
  4.6338939e+000
  4.7124300e+000
  4.7470147e+000
  4.6730509e+000
  4.6325999e+000
  4.6373890e+000
  4.6988353e+000
  4.7474801e+000
  4.7603583e+000
  4.7710822e+000
  4.7131520e+000
  4.6652315e+000
  4.6634325e+000
  4.6602295e+000
  4.6756829e+000
  4.7180556e+000
  4.7384935e+000
  4.7542312e+000
  4.7662276e+000
  4.7753096e+000
  4.8149683e+000
  4.8103391e+000
