  4.6691117e+000
  4.6293381e+000
  4.4975866e+000
  4.6071453e+000
  4.6202630e+000
  4.6431553e+000
  4.5945855e+000
  4.5042381e+000
  4.5609128e+000
  4.5974983e+000
  4.5963261e+000
  4.4719075e+000
  4.5072818e+000
  4.5568102e+000
  4.5132675e+000
  4.4480650e+000
  4.5119752e+000
  4.5413846e+000
  4.4859012e+000
  4.5504241e+000
  4.6452024e+000
  4.5107377e+000
  4.6253701e+000
  4.6959564e+000
  4.5365065e+000
  4.6556960e+000
  4.6072859e+000
  4.5352424e+000
  4.6149384e+000
  4.4294901e+000
  4.5355571e+000
  4.5357531e+000
  4.4855338e+000
  4.6743158e+000
  4.5388556e+000
  4.7270933e+000
  4.5672850e+000
  4.6110793e+000
  4.4663314e+000
  4.5381368e+000
  4.4997716e+000
  4.6222914e+000
  4.6052759e+000
  4.6902525e+000
  4.5434585e+000
  4.5720108e+000
  4.4290291e+000
  4.5889270e+000
  4.5295110e+000
  4.6596666e+000
  4.5540968e+000
  4.5694985e+000
  4.5120633e+000
  4.5144397e+000
  4.6849276e+000
  4.5484102e+000
  4.5582707e+000
  4.5274759e+000
  4.5124249e+000
  4.6995255e+000
  4.5492001e+000
  4.5124443e+000
  4.5994994e+000
  4.5344601e+000
  4.6135253e+000
  4.5696025e+000
  4.4818365e+000
  4.6181466e+000
  4.6498660e+000
  4.4627397e+000
  4.5350586e+000
  4.6899366e+000
  4.5239539e+000
  4.4641406e+000
  4.6917247e+000
  4.6207732e+000
  4.4764196e+000
  4.5797765e+000
  4.6182780e+000
  4.5424794e+000
  4.5662230e+000
  4.4990820e+000
  4.5519843e+000
  4.7202894e+000
  4.5083826e+000
  4.5045643e+000
  4.5877496e+000
  4.5733842e+000
  4.6680517e+000
  4.5210023e+000
  4.5268024e+000
  4.5495412e+000
  4.5484219e+000
  4.7167739e+000
  4.5187121e+000
  4.5714485e+000
  4.4460345e+000
  4.6080471e+000
  4.5561895e+000
  4.6843037e+000
  4.5861598e+000
  4.6041578e+000
  4.4719514e+000
  4.5344691e+000
  4.4567685e+000
  4.6177036e+000
  4.5527211e+000
  4.6799491e+000
  4.5540947e+000
  4.6309977e+000
  4.5080069e+000
  4.5425040e+000
  4.5391402e+000
  4.4626142e+000
  4.5923128e+000
  4.5066364e+000
  4.6103568e+000
  4.6723200e+000
  4.5686486e+000
  4.7097845e+000
  4.6320694e+000
  4.5559085e+000
  4.6532549e+000
  4.5788828e+000
  4.4707077e+000
  4.5536299e+000
  4.5155692e+000
  4.4312514e+000
  4.4929955e+000
  4.5661769e+000
  4.4868000e+000
  4.4751900e+000
  4.5781985e+000
  4.6215056e+000
  4.5271680e+000
  4.5179341e+000
  4.5961397e+000
  4.6457409e+000
  4.6353527e+000
  4.5505620e+000
  4.5487810e+000
  4.6244797e+000
  4.7072050e+000
  4.6956519e+000
  4.6291646e+000
  4.5897816e+000
  4.5668976e+000
  4.6000400e+000
  4.6376795e+000
  4.6689788e+000
  4.6898695e+000
  4.7121111e+000
  4.6849815e+000
  4.6544338e+000
  4.6201912e+000
  4.5940623e+000
  4.5744633e+000
  4.5593309e+000
  4.5783376e+000
  4.5758195e+000
