  4.5033656e+000
  4.5380640e+000
  4.5363647e+000
  4.6105277e+000
  4.5252628e+000
  4.4746455e+000
  4.5213878e+000
  4.5891714e+000
  4.5577813e+000
  4.4506484e+000
  4.5094358e+000
  4.5450888e+000
  4.4908207e+000
  4.3897910e+000
  4.4597044e+000
  4.5008447e+000
  4.3745079e+000
  4.3696651e+000
  4.4876338e+000
  4.3917939e+000
  4.3795653e+000
  4.4878535e+000
  4.4800929e+000
  4.4498662e+000
  4.5488396e+000
  4.5107828e+000
  4.5557670e+000
  4.6014533e+000
  4.4534632e+000
  4.5108585e+000
  4.4363778e+000
  4.4322275e+000
  4.4190509e+000
  4.4104978e+000
  4.4955611e+000
  4.4360310e+000
  4.6013740e+000
  4.4479952e+000
  4.5861321e+000
  4.4463881e+000
  4.5049439e+000
  4.3659678e+000
  4.5039008e+000
  4.4148407e+000
  4.5906434e+000
  4.4742847e+000
  4.5542234e+000
  4.3767892e+000
  4.4615590e+000
  4.4087248e+000
  4.5297393e+000
  4.5925108e+000
  4.4284688e+000
  4.4916567e+000
  4.3579602e+000
  4.5193987e+000
  4.5285208e+000
  4.4609930e+000
  4.4903221e+000
  4.3858740e+000
  4.5018569e+000
  4.6176702e+000
  4.3826014e+000
  4.4213746e+000
  4.5586715e+000
  4.4842275e+000
  4.4765493e+000
  4.4724179e+000
  4.4521939e+000
  4.5092487e+000
  4.4884639e+000
  4.4281836e+000
  4.4811892e+000
  4.5096586e+000
  4.4818916e+000
  4.4726740e+000
  4.4745112e+000
  4.4850077e+000
  4.5580935e+000
  4.4397135e+000
  4.4032140e+000
  4.6115097e+000
  4.5265386e+000
  4.4086082e+000
  4.4745901e+000
  4.4523914e+000
  4.5532447e+000
  4.5450115e+000
  4.3684489e+000
  4.5224166e+000
  4.4337598e+000
  4.5657628e+000
  4.5376701e+000
  4.4389207e+000
  4.4508833e+000
  4.3713513e+000
  4.5836428e+000
  4.4928377e+000
  4.6074094e+000
  4.4293561e+000
  4.4878075e+000
  4.3496349e+000
  4.4739966e+000
  4.4195913e+000
  4.5603088e+000
  4.4773130e+000
  4.5791097e+000
  4.4249957e+000
  4.5181501e+000
  4.3825226e+000
  4.4408245e+000
  4.4539170e+000
  4.4147932e+000
  4.5705385e+000
  4.4431902e+000
  4.5639711e+000
  4.5531546e+000
  4.4960594e+000
  4.5617353e+000
  4.4598655e+000
  4.4685980e+000
  4.5171584e+000
  4.3803360e+000
  4.4050581e+000
  4.4744215e+000
  4.3727549e+000
  4.3951436e+000
  4.4834100e+000
  4.4246629e+000
  4.4093911e+000
  4.5056750e+000
  4.5598300e+000
  4.4665647e+000
  4.4457110e+000
  4.5436348e+000
  4.6052655e+000
  4.5258570e+000
  4.4727705e+000
  4.5188661e+000
  4.5810880e+000
  4.5799475e+000
  4.5392430e+000
  4.5007766e+000
  4.4754556e+000
  4.5092427e+000
  4.6185949e+000
  4.6265153e+000
  4.5935151e+000
  4.5422805e+000
  4.4932128e+000
  4.4633166e+000
  4.4977633e+000
  4.5143759e+000
  4.5291330e+000
  4.5474991e+000
  4.5713936e+000
  4.5819619e+000
  4.5870323e+000
  4.5920157e+000
  4.6000105e+000
