  3.8873334e+000
  3.9541000e+000
  3.9908100e+000
  3.9722240e+000
  3.8589579e+000
  3.8717016e+000
  3.9123413e+000
  3.9601575e+000
  3.9431163e+000
  3.8637968e+000
  3.9388715e+000
  3.9588124e+000
  3.9049096e+000
  3.8851534e+000
  3.9800868e+000
  3.9522883e+000
  3.8651018e+000
  3.9221102e+000
  3.9567295e+000
  3.8902703e+000
  3.9401632e+000
  3.9690077e+000
  3.9171634e+000
  4.0038193e+000
  3.9746131e+000
  3.9598789e+000
  4.0935458e+000
  3.9652538e+000
  4.0216049e+000
  4.0449265e+000
  4.0102881e+000
  4.0509128e+000
  3.9511394e+000
  4.0150003e+000
  3.9095634e+000
  3.9683002e+000
  3.8988129e+000
  3.9740510e+000
  3.9328560e+000
  4.0364634e+000
  4.0073054e+000
  4.0476088e+000
  3.9517845e+000
  4.0216870e+000
  3.9118129e+000
  3.9692505e+000
  3.8817863e+000
  4.0178274e+000
  3.9560244e+000
  4.0732949e+000
  4.0078494e+000
  3.9099105e+000
  3.9802252e+000
  3.8841208e+000
  4.0509550e+000
  4.0404758e+000
  3.9526383e+000
  3.9823723e+000
  3.8922317e+000
  3.9617446e+000
  4.1034218e+000
  3.9605770e+000
  3.9363171e+000
  3.9892468e+000
  3.9632381e+000
  4.0117911e+000
  4.0230459e+000
  3.8987306e+000
  3.9509027e+000
  4.0689000e+000
  3.9960488e+000
  3.8758632e+000
  3.9885434e+000
  4.0812671e+000
  3.9435250e+000
  3.9135895e+000
  3.9920077e+000
  4.0203541e+000
  3.9672723e+000
  3.9672714e+000
  3.9197171e+000
  3.9663930e+000
  4.0966636e+000
  3.9446372e+000
  3.8874240e+000
  4.0005604e+000
  3.9458394e+000
  4.0128272e+000
  4.0156335e+000
  3.8774658e+000
  3.9721693e+000
  3.9360213e+000
  4.0212050e+000
  4.0633499e+000
  3.9802337e+000
  4.0175879e+000
  3.8719868e+000
  3.9590268e+000
  3.9035205e+000
  4.0161199e+000
  3.9783993e+000
  4.0809881e+000
  3.9956526e+000
  4.0202738e+000
  3.9342332e+000
  3.9726549e+000
  3.8888035e+000
  3.9389552e+000
  3.8953090e+000
  4.0026798e+000
  3.9414254e+000
  4.0533539e+000
  3.9812186e+000
  4.0483225e+000
  4.0374967e+000
  3.9810557e+000
  4.0803920e+000
  3.9421072e+000
  4.0104666e+000
  4.0062582e+000
  3.8920428e+000
  4.0023555e+000
  3.9461420e+000
  3.8798752e+000
  3.9666554e+000
  3.9266955e+000
  3.8775106e+000
  3.9554203e+000
  3.9535140e+000
  3.8821253e+000
  3.9074740e+000
  3.9783086e+000
  3.9215829e+000
  3.8730287e+000
  3.9356292e+000
  3.9769436e+000
  3.9419160e+000
  3.8720951e+000
  3.8853635e+000
  3.9553890e+000
  3.9948169e+000
  3.9573489e+000
  3.8874074e+000
  3.8648764e+000
  3.8988231e+000
  3.9334848e+000
  3.9769390e+000
  3.9731450e+000
  3.9267879e+000
  3.9081031e+000
  3.8841601e+000
  3.8996395e+000
  3.9344784e+000
  3.9474400e+000
  4.0095367e+000
  4.0054902e+000
  4.0483568e+000
  4.0643090e+000
  4.0780156e+000
  4.0599969e+000
