  3.8656132e+000
  3.8433827e+000
  3.8034833e+000
  3.8606341e+000
  3.8759417e+000
  3.9179439e+000
  3.8281138e+000
  3.8059868e+000
  3.9115601e+000
  3.9135033e+000
  3.8488738e+000
  3.7992870e+000
  3.9094259e+000
  3.9173252e+000
  3.8272036e+000
  3.8336045e+000
  3.9330644e+000
  3.8475227e+000
  3.8079265e+000
  3.9059035e+000
  3.8211895e+000
  3.8052417e+000
  3.9223312e+000
  3.7877619e+000
  3.8321823e+000
  3.8974704e+000
  3.8289613e+000
  3.9210581e+000
  3.8646589e+000
  3.9111292e+000
  3.9746292e+000
  3.8986133e+000
  4.0130134e+000
  3.8739705e+000
  4.0019534e+000
  3.8537191e+000
  3.9423302e+000
  3.8240000e+000
  3.8894142e+000
  3.8237365e+000
  3.8976077e+000
  3.8423276e+000
  3.9508709e+000
  3.9318896e+000
  4.0306827e+000
  3.8640224e+000
  3.9250377e+000
  3.7894020e+000
  3.8630192e+000
  3.9111241e+000
  3.9041415e+000
  3.9933296e+000
  3.8681590e+000
  3.8869112e+000
  3.8483021e+000
  3.8387460e+000
  3.9796722e+000
  3.8973762e+000
  3.9172155e+000
  3.8847981e+000
  3.8063548e+000
  3.9125975e+000
  3.9989191e+000
  3.8507980e+000
  3.8442297e+000
  3.9380732e+000
  3.9136309e+000
  3.8824067e+000
  3.8952833e+000
  3.8733750e+000
  3.8976208e+000
  3.9325972e+000
  3.8989901e+000
  3.8788967e+000
  3.8860418e+000
  3.9056855e+000
  3.9032162e+000
  3.9609627e+000
  3.8345508e+000
  3.8332737e+000
  3.9939976e+000
  3.9434309e+000
  3.8189398e+000
  3.8973167e+000
  3.8864580e+000
  3.9045207e+000
  3.9576536e+000
  3.8442181e+000
  3.8420509e+000
  3.9019756e+000
  3.8781833e+000
  4.0256973e+000
  3.9053954e+000
  3.8932491e+000
  3.8820320e+000
  3.8043143e+000
  3.9233267e+000
  3.8399023e+000
  3.9998212e+000
  3.8851632e+000
  3.9606103e+000
  3.8561545e+000
  3.8809744e+000
  3.7990341e+000
  3.8683811e+000
  3.8348865e+000
  3.9300085e+000
  3.8557118e+000
  3.9991590e+000
  3.8877112e+000
  4.0277719e+000
  3.8980060e+000
  3.9470513e+000
  3.9043229e+000
  3.8630895e+000
  3.9292621e+000
  3.8107264e+000
  3.8937042e+000
  3.8694199e+000
  3.8107804e+000
  3.9075884e+000
  3.8230299e+000
  3.8240271e+000
  3.9074377e+000
  3.8112274e+000
  3.8322712e+000
  3.9286238e+000
  3.8461277e+000
  3.8273911e+000
  3.9202727e+000
  3.8908817e+000
  3.8260576e+000
  3.8553461e+000
  3.9416623e+000
  3.9008223e+000
  3.8109873e+000
  3.8386079e+000
  3.8981055e+000
  3.9137714e+000
  3.8515343e+000
  3.8068019e+000
  3.8152694e+000
  3.8863253e+000
  3.9047504e+000
  3.8569520e+000
  3.8020117e+000
  3.7937745e+000
  3.8105323e+000
  3.8343960e+000
  3.8710097e+000
  3.8859083e+000
  3.9179908e+000
  3.9105899e+000
  3.8920291e+000
  3.8999559e+000
  3.8642441e+000
  3.8717211e+000
  3.8742547e+000
  3.8713374e+000
  3.8669962e+000
