  3.7433690e+000
  3.8401524e+000
  3.8445693e+000
  3.8598469e+000
  3.7621766e+000
  3.7795805e+000
  3.8429928e+000
  3.8649775e+000
  3.8234591e+000
  3.7776404e+000
  3.8375885e+000
  3.8878419e+000
  3.8321085e+000
  3.7997609e+000
  3.8796679e+000
  3.8515486e+000
  3.8036820e+000
  3.8682666e+000
  3.8109559e+000
  3.7651221e+000
  3.8438312e+000
  3.7914960e+000
  3.7637023e+000
  3.7990791e+000
  3.7666029e+000
  3.7569817e+000
  3.8392575e+000
  3.7169987e+000
  3.8014698e+000
  3.7483239e+000
  3.7946369e+000
  3.8537848e+000
  3.7771127e+000
  3.8751324e+000
  3.8135483e+000
  3.9095298e+000
  3.8310804e+000
  3.8973767e+000
  3.7911063e+000
  3.8534850e+000
  3.7083612e+000
  3.8143723e+000
  3.7227013e+000
  3.8939619e+000
  3.7951413e+000
  3.9218792e+000
  3.8330840e+000
  3.8380307e+000
  3.8063824e+000
  3.7407766e+000
  3.8209413e+000
  3.7518689e+000
  3.8872137e+000
  3.8401016e+000
  3.8003324e+000
  3.8309947e+000
  3.7166535e+000
  3.8100464e+000
  3.9231312e+000
  3.7790769e+000
  3.8278572e+000
  3.7830097e+000
  3.7650106e+000
  3.8929210e+000
  3.8872506e+000
  3.7336543e+000
  3.7735407e+000
  3.9031117e+000
  3.8450918e+000
  3.7489853e+000
  3.8016704e+000
  3.8944900e+000
  3.8224477e+000
  3.7318171e+000
  3.8274394e+000
  3.9278400e+000
  3.7757754e+000
  3.7476302e+000
  3.8822725e+000
  3.8892560e+000
  3.7540193e+000
  3.8040225e+000
  3.8178832e+000
  3.8158899e+000
  3.9047542e+000
  3.8283890e+000
  3.7147116e+000
  3.8591876e+000
  3.8087937e+000
  3.8658382e+000
  3.9222407e+000
  3.7611206e+000
  3.8054770e+000
  3.7186483e+000
  3.7996076e+000
  3.8376185e+000
  3.8440174e+000
  3.9120806e+000
  3.7842213e+000
  3.8418446e+000
  3.7244933e+000
  3.8165228e+000
  3.7203813e+000
  3.8468109e+000
  3.7727933e+000
  3.9154703e+000
  3.8271057e+000
  3.9345600e+000
  3.8210039e+000
  3.9080094e+000
  3.7899340e+000
  3.8442611e+000
  3.7810759e+000
  3.7566910e+000
  3.7962713e+000
  3.7024256e+000
  3.8104215e+000
  3.7428155e+000
  3.7645703e+000
  3.8325568e+000
  3.7511069e+000
  3.8100058e+000
  3.8294167e+000
  3.7690461e+000
  3.8414425e+000
  3.8537769e+000
  3.7865924e+000
  3.8421504e+000
  3.8868992e+000
  3.7998870e+000
  3.8138525e+000
  3.9029281e+000
  3.8515433e+000
  3.7813586e+000
  3.7970366e+000
  3.8674303e+000
  3.8505648e+000
  3.7662785e+000
  3.7658054e+000
  3.8398814e+000
  3.8625320e+000
  3.7912947e+000
  3.7531853e+000
  3.7267113e+000
  3.7458941e+000
  3.8130262e+000
  3.8433242e+000
  3.8202709e+000
  3.7740672e+000
  3.7333048e+000
  3.7065790e+000
  3.7172315e+000
  3.7292869e+000
  3.7793170e+000
  3.7917204e+000
  3.8370026e+000
  3.8570587e+000
  3.8788599e+000
  3.8797174e+000
  3.9074842e+000
