  7.1709593e+002
  7.2255970e+002
  7.2949490e+002
  7.4152956e+002
  7.6068363e+002
  7.8653679e+002
  8.1632069e+002
  8.4590409e+002
  8.7130124e+002
  8.9013608e+002
  9.0251237e+002
  9.1096564e+002
  9.1951972e+002
  9.3220528e+002
  9.5159318e+002
  9.7788169e+002
  1.0088616e+003
  1.0407552e+003
  1.0696080e+003
  1.0927221e+003
  1.1096209e+003
  1.1222145e+003
  1.1341280e+003
  1.1494408e+003
  1.1712847e+003
  1.2007812e+003
  1.2366758e+003
  1.2757804e+003
  1.3140659e+003
  1.3480251e+003
  1.3758443e+003
  1.3979920e+003
  1.4170415e+003
  1.4368036e+003
  1.4610788e+003
  1.4924488e+003
  1.5314894e+003
  1.5766274e+003
  1.6246413e+003
  1.6716180e+003
  1.7140598e+003
  1.7498315e+003
  1.7787027e+003
  1.8023585e+003
  1.8238900e+003
  1.8469020e+003
  1.8744850e+003
  1.9083464e+003
  1.9483660e+003
  1.9927128e+003
  2.0384781e+003
  2.0826036e+003
  2.1227916e+003
  2.1581186e+003
  2.1892046e+003
  2.2179563e+003
  2.2470137e+003
  2.2790662e+003
  2.3161804e+003
  2.3592498e+003
  2.4076679e+003
  2.4593300e+003
  2.5110309e+003
  2.5592229e+003
  2.6009580e+003
  2.6347278e+003
  2.6609210e+003
  2.6817493e+003
  2.7006901e+003
  2.7216539e+003
  2.7481267e+003
  2.7824771e+003
  2.8255092e+003
  2.8762844e+003
  2.9322330e+003
  2.9895967e+003
  3.0442022e+003
  3.0924513e+003
  3.1322672e+003
  3.1636752e+003
  3.1887758e+003
  3.2110914e+003
  3.2345066e+003
  3.2621696e+003
  3.2956963e+003
  3.3348706e+003
  3.3778518e+003
  3.4217800e+003
  3.4636248e+003
  3.5011147e+003
  3.5335543e+003
  3.5622903e+003
  3.5905841e+003
  3.6227694e+003
  3.6628148e+003
  3.7127027e+003
  3.7712147e+003
  3.8336642e+003
  3.8928220e+003
  3.9408491e+003
  3.9716651e+003
  3.9829978e+003
  3.9774430e+003
  3.9621617e+003
  3.9472424e+003
  3.9431358e+003
  3.9578352e+003
  3.9945844e+003
  4.0508101e+003
  4.1186976e+003
  4.1873886e+003
  4.2462592e+003
  4.2883125e+003
  4.3125517e+003
  4.3244230e+003
  4.3340099e+003
  4.3524525e+003
  4.3877636e+003
  4.4415358e+003
  4.5078102e+003
  4.5746611e+003
  4.6280751e+003
  4.6568350e+003
  4.6566853e+003
  4.6322385e+003
  4.5958338e+003
  4.5636273e+003
  4.5502000e+003
  4.5635515e+003
  4.6022784e+003
  4.6560204e+003
  4.7091213e+003
  4.7462856e+003
  4.7582427e+003
  4.7453369e+003
  4.7176344e+003
  4.6913491e+003
  4.6827411e+003
  4.7016365e+003
  4.7469786e+003
  4.8062037e+003
  4.8589362e+003
  4.8839445e+003
  4.8670612e+003
  4.8073039e+003
  4.7189322e+003
  4.6284883e+003
  4.5675484e+003
  4.5633845e+003
  4.6304797e+003
  4.7656063e+003
  4.9480389e+003
  5.1448221e+003
  5.3194276e+003
  5.4411475e+003
  5.4925060e+003
  5.4727831e+003
  5.3970760e+003
  5.2916397e+003
  5.1871118e+003
