  3.7061799e+000
  3.7086168e+000
  3.7358765e+000
  3.7423654e+000
  3.6186257e+000
  3.6781722e+000
  3.7571834e+000
  3.7040446e+000
  3.7268311e+000
  3.6718294e+000
  3.7674564e+000
  3.7868742e+000
  3.6667436e+000
  3.6974457e+000
  3.7915554e+000
  3.6945100e+000
  3.6671943e+000
  3.7276569e+000
  3.7077423e+000
  3.6915494e+000
  3.7352568e+000
  3.7132779e+000
  3.6937202e+000
  3.7163149e+000
  3.7096535e+000
  3.7209674e+000
  3.7057778e+000
  3.6700977e+000
  3.7144794e+000
  3.6291182e+000
  3.7116363e+000
  3.6543042e+000
  3.6067232e+000
  3.6423738e+000
  3.5781504e+000
  3.6460481e+000
  3.5823891e+000
  3.6784111e+000
  3.6238949e+000
  3.7288559e+000
  3.6370802e+000
  3.7696815e+000
  3.6544084e+000
  3.7358954e+000
  3.6171255e+000
  3.6285783e+000
  3.6116077e+000
  3.5883059e+000
  3.7369234e+000
  3.6569906e+000
  3.7450558e+000
  3.6645548e+000
  3.6330552e+000
  3.6764978e+000
  3.5787960e+000
  3.7058911e+000
  3.7324220e+000
  3.6386592e+000
  3.7089364e+000
  3.5911239e+000
  3.5958318e+000
  3.7210428e+000
  3.7366397e+000
  3.5825299e+000
  3.6374988e+000
  3.6752941e+000
  3.6513401e+000
  3.6727807e+000
  3.6525275e+000
  3.6036601e+000
  3.6295972e+000
  3.7395537e+000
  3.6632232e+000
  3.5965747e+000
  3.6749417e+000
  3.6974063e+000
  3.6551495e+000
  3.6738706e+000
  3.6431796e+000
  3.6019782e+000
  3.6985424e+000
  3.7415222e+000
  3.5907546e+000
  3.6140962e+000
  3.6818491e+000
  3.6577650e+000
  3.7208229e+000
  3.6791707e+000
  3.5703556e+000
  3.6494984e+000
  3.6323996e+000
  3.6742575e+000
  3.7840628e+000
  3.6368689e+000
  3.7312662e+000
  3.5883843e+000
  3.6344536e+000
  3.6333482e+000
  3.6438229e+000
  3.7332982e+000
  3.6706261e+000
  3.7403941e+000
  3.6726718e+000
  3.7522649e+000
  3.6191962e+000
  3.6661874e+000
  3.5615299e+000
  3.6475052e+000
  3.5738149e+000
  3.6515004e+000
  3.6228918e+000
  3.6647002e+000
  3.6834837e+000
  3.6551945e+000
  3.7474627e+000
  3.6439874e+000
  3.7305616e+000
  3.7324165e+000
  3.6814730e+000
  3.7418076e+000
  3.6787859e+000
  3.7432901e+000
  3.7573599e+000
  3.6590528e+000
  3.7144431e+000
  3.7568969e+000
  3.6677490e+000
  3.7090916e+000
  3.7424746e+000
  3.6646216e+000
  3.6668079e+000
  3.7523022e+000
  3.7502058e+000
  3.6499348e+000
  3.7052726e+000
  3.7639817e+000
  3.7649952e+000
  3.6785994e+000
  3.6650451e+000
  3.7034539e+000
  3.7379018e+000
  3.7457705e+000
  3.6598206e+000
  3.6102247e+000
  3.6421984e+000
  3.6655467e+000
  3.6804756e+000
  3.6725176e+000
  3.6331574e+000
  3.5956636e+000
  3.5643626e+000
  3.5619879e+000
  3.5773196e+000
  3.6046766e+000
  3.6530308e+000
  3.6636824e+000
  3.6780254e+000
  3.6890942e+000
  3.7362294e+000
  3.7647838e+000
