  3.5314770e+000
  3.5356950e+000
  3.6518872e+000
  3.5319823e+000
  3.5096980e+000
  3.5346605e+000
  3.5450572e+000
  3.6091979e+000
  3.4811598e+000
  3.4558029e+000
  3.5679733e+000
  3.5106604e+000
  3.4170048e+000
  3.4714847e+000
  3.5428081e+000
  3.4645930e+000
  3.4296114e+000
  3.5194755e+000
  3.4505966e+000
  3.4323962e+000
  3.5196053e+000
  3.4792153e+000
  3.4381063e+000
  3.5643970e+000
  3.4433984e+000
  3.5045125e+000
  3.5186369e+000
  3.5014170e+000
  3.5310480e+000
  3.4916117e+000
  3.5952996e+000
  3.5120043e+000
  3.5876905e+000
  3.5549183e+000
  3.5694349e+000
  3.5837111e+000
  3.5469100e+000
  3.5355856e+000
  3.4817555e+000
  3.4894809e+000
  3.4479558e+000
  3.4781544e+000
  3.4582643e+000
  3.4765661e+000
  3.5191144e+000
  3.5160066e+000
  3.5960243e+000
  3.5241926e+000
  3.5394856e+000
  3.4686905e+000
  3.4449976e+000
  3.4969608e+000
  3.4667736e+000
  3.6048887e+000
  3.5233008e+000
  3.5025623e+000
  3.5391830e+000
  3.4447295e+000
  3.4997960e+000
  3.5786560e+000
  3.5495439e+000
  3.5029902e+000
  3.5210616e+000
  3.4486819e+000
  3.5240351e+000
  3.5928599e+000
  3.5337746e+000
  3.4177147e+000
  3.5221590e+000
  3.6421009e+000
  3.4956338e+000
  3.4275195e+000
  3.5054139e+000
  3.6093346e+000
  3.5247080e+000
  3.4099150e+000
  3.5079415e+000
  3.5929309e+000
  3.4906239e+000
  3.4555615e+000
  3.5257809e+000
  3.4946636e+000
  3.5151887e+000
  3.5865770e+000
  3.4788264e+000
  3.4374371e+000
  3.5258119e+000
  3.4970371e+000
  3.5643501e+000
  3.5716176e+000
  3.4722822e+000
  3.5060959e+000
  3.4540255e+000
  3.4541938e+000
  3.5732128e+000
  3.4941291e+000
  3.6203864e+000
  3.5119111e+000
  3.5379233e+000
  3.4749314e+000
  3.4525685e+000
  3.4731512e+000
  3.4636685e+000
  3.4920305e+000
  3.4761779e+000
  3.5433273e+000
  3.5370540e+000
  3.5865635e+000
  3.5378746e+000
  3.5489123e+000
  3.5545883e+000
  3.5273918e+000
  3.5731867e+000
  3.4659643e+000
  3.5358015e+000
  3.4798810e+000
  3.4945380e+000
  3.5065015e+000
  3.4284833e+000
  3.5418131e+000
  3.4543028e+000
  3.4535353e+000
  3.5033139e+000
  3.4265648e+000
  3.4855209e+000
  3.5214726e+000
  3.4279810e+000
  3.4543587e+000
  3.5358435e+000
  3.4557455e+000
  3.4433725e+000
  3.5185689e+000
  3.5245088e+000
  3.4520966e+000
  3.4768329e+000
  3.5530051e+000
  3.5436884e+000
  3.5059491e+000
  3.5079219e+000
  3.5699331e+000
  3.6044411e+000
  3.5731627e+000
  3.5349795e+000
  3.5098265e+000
  3.5355831e+000
  3.5838196e+000
  3.5821425e+000
  3.5620059e+000
  3.5216718e+000
  3.4504426e+000
  3.4311558e+000
  3.4222539e+000
  3.4229469e+000
  3.4462932e+000
  3.4651516e+000
  3.5145874e+000
  3.5109176e+000
  3.5599829e+000
  3.5373281e+000
  3.6044519e+000
