  3.4746604e+000
  3.4684189e+000
  3.4355024e+000
  3.4310886e+000
  3.5417132e+000
  3.4475350e+000
  3.3721970e+000
  3.3985528e+000
  3.4316599e+000
  3.4249607e+000
  3.3609377e+000
  3.3492015e+000
  3.4226993e+000
  3.4194102e+000
  3.3495046e+000
  3.4158432e+000
  3.4108775e+000
  3.3499056e+000
  3.3846869e+000
  3.4344065e+000
  3.3525937e+000
  3.4176571e+000
  3.4015967e+000
  3.3797945e+000
  3.4217649e+000
  3.3495853e+000
  3.4134348e+000
  3.4146574e+000
  3.3347511e+000
  3.4752456e+000
  3.3582838e+000
  3.4478490e+000
  3.4124354e+000
  3.4408858e+000
  3.4311583e+000
  3.4681549e+000
  3.4722596e+000
  3.4586613e+000
  3.4878015e+000
  3.4713419e+000
  3.4707675e+000
  3.4554259e+000
  3.3749547e+000
  3.4317589e+000
  3.3516722e+000
  3.4551234e+000
  3.3803212e+000
  3.5223685e+000
  3.4343709e+000
  3.4836543e+000
  3.4880218e+000
  3.3608357e+000
  3.4503256e+000
  3.3885096e+000
  3.3836813e+000
  3.5399530e+000
  3.4576941e+000
  3.4545193e+000
  3.4638183e+000
  3.3304762e+000
  3.4311749e+000
  3.5154803e+000
  3.4347185e+000
  3.4041145e+000
  3.4509020e+000
  3.4023980e+000
  3.4453799e+000
  3.5004877e+000
  3.4447307e+000
  3.3644941e+000
  3.4122017e+000
  3.5337573e+000
  3.4148577e+000
  3.3681207e+000
  3.4603145e+000
  3.4981132e+000
  3.4318183e+000
  3.4078047e+000
  3.4435675e+000
  3.4303718e+000
  3.4492501e+000
  3.5218172e+000
  3.4316714e+000
  3.3548414e+000
  3.4678556e+000
  3.4558250e+000
  3.4379806e+000
  3.5311524e+000
  3.4138451e+000
  3.3794620e+000
  3.4519392e+000
  3.3589719e+000
  3.4892396e+000
  3.4664157e+000
  3.4773275e+000
  3.5066435e+000
  3.3918677e+000
  3.4552172e+000
  3.3443804e+000
  3.4173850e+000
  3.3802666e+000
  3.4468491e+000
  3.4550755e+000
  3.4615689e+000
  3.5088367e+000
  3.4646849e+000
  3.4770346e+000
  3.4811338e+000
  3.4377703e+000
  3.4503344e+000
  3.3961106e+000
  3.4483233e+000
  3.3621950e+000
  3.4443885e+000
  3.3414710e+000
  3.4263547e+000
  3.3897100e+000
  3.3628804e+000
  3.4204484e+000
  3.3561868e+000
  3.4127705e+000
  3.4127382e+000
  3.3383729e+000
  3.4365846e+000
  3.4144101e+000
  3.3464336e+000
  3.4238195e+000
  3.3978673e+000
  3.3378377e+000
  3.4018358e+000
  3.4446581e+000
  3.3591680e+000
  3.3489177e+000
  3.4395743e+000
  3.4278701e+000
  3.3701199e+000
  3.3745251e+000
  3.4739136e+000
  3.4982549e+000
  3.4605081e+000
  3.4384635e+000
  3.4529499e+000
  3.5010829e+000
  3.5539332e+000
  3.5217064e+000
  3.4803645e+000
  3.4351825e+000
  3.4141506e+000
  3.4322447e+000
  3.4549941e+000
  3.4643513e+000
  3.4577439e+000
  3.4159163e+000
  3.4042187e+000
  3.3747559e+000
  3.3828464e+000
  3.3727417e+000
  3.3831247e+000
  3.3787923e+000
  3.4079765e+000
