  3.3492307e+000
  3.4674687e+000
  3.4002875e+000
  3.3535191e+000
  3.3153278e+000
  3.2924568e+000
  3.3490273e+000
  3.3399866e+000
  3.2956023e+000
  3.2681088e+000
  3.3593065e+000
  3.3502854e+000
  3.2843363e+000
  3.3326530e+000
  3.3845075e+000
  3.3351154e+000
  3.3098100e+000
  3.4160167e+000
  3.3236992e+000
  3.3402693e+000
  3.3986780e+000
  3.3184486e+000
  3.3678710e+000
  3.4170671e+000
  3.2773381e+000
  3.3872462e+000
  3.3321613e+000
  3.3099640e+000
  3.3750670e+000
  3.3094538e+000
  3.3621413e+000
  3.2785363e+000
  3.3649052e+000
  3.2918474e+000
  3.3312947e+000
  3.3269372e+000
  3.3484559e+000
  3.3517909e+000
  3.3920425e+000
  3.4016663e+000
  3.4408338e+000
  3.3923009e+000
  3.4262684e+000
  3.3672398e+000
  3.4235704e+000
  3.2909553e+000
  3.3783842e+000
  3.3122377e+000
  3.3152079e+000
  3.4212953e+000
  3.3589431e+000
  3.4588168e+000
  3.3933983e+000
  3.3247374e+000
  3.3681491e+000
  3.2929643e+000
  3.3835582e+000
  3.4379398e+000
  3.3752431e+000
  3.3565318e+000
  3.3539593e+000
  3.2742170e+000
  3.3748360e+000
  3.4518354e+000
  3.3611342e+000
  3.3072230e+000
  3.3752507e+000
  3.3816577e+000
  3.3485041e+000
  3.3464815e+000
  3.3557869e+000
  3.3711100e+000
  3.3451515e+000
  3.3950977e+000
  3.3594596e+000
  3.3871453e+000
  3.3788496e+000
  3.3053671e+000
  3.3664417e+000
  3.4852532e+000
  3.3754711e+000
  3.2790876e+000
  3.3753401e+000
  3.4005501e+000
  3.3647668e+000
  3.4363465e+000
  3.3551761e+000
  3.2899035e+000
  3.3713058e+000
  3.3435409e+000
  3.3859627e+000
  3.4284837e+000
  3.3381304e+000
  3.3922760e+000
  3.3279422e+000
  3.3055468e+000
  3.3725449e+000
  3.3006307e+000
  3.4170410e+000
  3.3465912e+000
  3.4401123e+000
  3.3830958e+000
  3.4224874e+000
  3.3713027e+000
  3.4102394e+000
  3.3413077e+000
  3.3476537e+000
  3.3222697e+000
  3.3413008e+000
  3.3020502e+000
  3.3657662e+000
  3.2660074e+000
  3.3741820e+000
  3.2802268e+000
  3.3799518e+000
  3.3480702e+000
  3.3550370e+000
  3.4004374e+000
  3.3039620e+000
  3.4053343e+000
  3.3592560e+000
  3.3326856e+000
  3.4148654e+000
  3.3376543e+000
  3.3189421e+000
  3.3898568e+000
  3.3336741e+000
  3.3208294e+000
  3.3746264e+000
  3.3354243e+000
  3.2915280e+000
  3.3475702e+000
  3.3466000e+000
  3.2881111e+000
  3.2909666e+000
  3.3537025e+000
  3.3624008e+000
  3.3241061e+000
  3.3004645e+000
  3.3439086e+000
  3.4444066e+000
  3.4317581e+000
  3.3719890e+000
  3.3615882e+000
  3.3912522e+000
  3.4235907e+000
  3.4683103e+000
  3.4405361e+000
  3.3937869e+000
  3.3644573e+000
  3.3166511e+000
  3.2994593e+000
  3.2871356e+000
  3.2945528e+000
  3.3211654e+000
  3.3352935e+000
  3.3778280e+000
  3.3739117e+000
  3.4140859e+000
  3.4144768e+000
