  3.3133330e+000
  3.2766389e+000
  3.2210977e+000
  3.2631954e+000
  3.2892539e+000
  3.2601935e+000
  3.2133793e+000
  3.2183215e+000
  3.3051617e+000
  3.2905646e+000
  3.2502895e+000
  3.2764171e+000
  3.3377491e+000
  3.2732637e+000
  3.2580292e+000
  3.3707582e+000
  3.3301789e+000
  3.2878291e+000
  3.3447382e+000
  3.3505211e+000
  3.2866270e+000
  3.3717041e+000
  3.3574207e+000
  3.3128265e+000
  3.3442039e+000
  3.3195975e+000
  3.3313471e+000
  3.3238396e+000
  3.3216953e+000
  3.3711356e+000
  3.2464614e+000
  3.3508239e+000
  3.2464185e+000
  3.3366821e+000
  3.2391470e+000
  3.3179398e+000
  3.2246997e+000
  3.2798729e+000
  3.2217826e+000
  3.3008815e+000
  3.2288389e+000
  3.3405069e+000
  3.2614249e+000
  3.4068141e+000
  3.2900104e+000
  3.3690357e+000
  3.3223726e+000
  3.2706955e+000
  3.2838539e+000
  3.2204218e+000
  3.3130342e+000
  3.2689963e+000
  3.3213733e+000
  3.3702137e+000
  3.3062377e+000
  3.2999386e+000
  3.2866897e+000
  3.2107021e+000
  3.3309107e+000
  3.3145986e+000
  3.2950951e+000
  3.3254460e+000
  3.2856937e+000
  3.2220915e+000
  3.3234353e+000
  3.3965718e+000
  3.2864129e+000
  3.2026209e+000
  3.2821375e+000
  3.3523312e+000
  3.2985199e+000
  3.2352013e+000
  3.2883565e+000
  3.4057847e+000
  3.2734479e+000
  3.2204090e+000
  3.2937880e+000
  3.3830303e+000
  3.3166526e+000
  3.2213417e+000
  3.2656158e+000
  3.3096893e+000
  3.3097891e+000
  3.3552627e+000
  3.3039490e+000
  3.2023516e+000
  3.2619876e+000
  3.3292342e+000
  3.2699080e+000
  3.3847806e+000
  3.3157875e+000
  3.2480949e+000
  3.2888425e+000
  3.1921430e+000
  3.2774328e+000
  3.2740401e+000
  3.3083823e+000
  3.3834179e+000
  3.3093558e+000
  3.3905008e+000
  3.2754816e+000
  3.3421592e+000
  3.2444866e+000
  3.2892118e+000
  3.2321417e+000
  3.2713138e+000
  3.2348100e+000
  3.2950936e+000
  3.2255457e+000
  3.3374517e+000
  3.2488895e+000
  3.3317976e+000
  3.2566581e+000
  3.3264932e+000
  3.3114266e+000
  3.3289975e+000
  3.3729452e+000
  3.2807975e+000
  3.3891366e+000
  3.3143102e+000
  3.3355219e+000
  3.3719483e+000
  3.2924647e+000
  3.3506598e+000
  3.3272822e+000
  3.2715091e+000
  3.3575607e+000
  3.3583676e+000
  3.2682510e+000
  3.3205407e+000
  3.3419826e+000
  3.2624998e+000
  3.2385921e+000
  3.2885871e+000
  3.3063492e+000
  3.2259292e+000
  3.2136315e+000
  3.2713809e+000
  3.2978565e+000
  3.2499575e+000
  3.2271646e+000
  3.2473059e+000
  3.3207328e+000
  3.3547684e+000
  3.3664795e+000
  3.3144693e+000
  3.2956977e+000
  3.3029170e+000
  3.3106332e+000
  3.3540919e+000
  3.3461165e+000
  3.3290457e+000
  3.3043780e+000
  3.2546932e+000
  3.2401601e+000
  3.2161936e+000
  3.2312194e+000
  3.2297082e+000
  3.2400435e+000
  3.2683272e+000
