  3.0230224e+000
  2.9583443e+000
  2.9460111e+000
  3.0483718e+000
  3.0448654e+000
  3.1029984e+000
  2.9889590e+000
  3.0899128e+000
  3.0862924e+000
  3.0646110e+000
  2.9771898e+000
  3.0411791e+000
  3.0824657e+000
  2.9761608e+000
  2.9570193e+000
  3.0455890e+000
  2.9602879e+000
  2.9520400e+000
  3.0203203e+000
  2.9605761e+000
  2.9609993e+000
  3.0248789e+000
  2.9419679e+000
  2.9937689e+000
  3.0070529e+000
  2.9207021e+000
  3.0657469e+000
  2.9641196e+000
  3.0222065e+000
  2.9762710e+000
  2.9796521e+000
  3.0211580e+000
  2.9435224e+000
  3.0186677e+000
  2.9554381e+000
  3.0091800e+000
  2.9414758e+000
  3.0328753e+000
  2.9489535e+000
  3.0281637e+000
  3.0023589e+000
  3.0466000e+000
  3.0332993e+000
  3.0365537e+000
  3.1087448e+000
  3.0197705e+000
  3.1048164e+000
  3.0004708e+000
  3.0309048e+000
  2.9876545e+000
  2.9374380e+000
  3.0385127e+000
  2.9808684e+000
  3.0041377e+000
  3.1187711e+000
  3.0314549e+000
  3.0201556e+000
  2.9998208e+000
  2.9411840e+000
  3.0033185e+000
  3.0476052e+000
  3.0525739e+000
  3.0469261e+000
  3.0329418e+000
  2.9962973e+000
  2.9760589e+000
  3.0635327e+000
  3.0973834e+000
  2.9923496e+000
  2.9405851e+000
  3.0377427e+000
  3.0829070e+000
  3.0440960e+000
  2.9360102e+000
  2.9920646e+000
  3.1044611e+000
  3.0771553e+000
  2.9650196e+000
  2.9889431e+000
  3.0214540e+000
  3.0181638e+000
  3.0358887e+000
  3.0703004e+000
  3.0059129e+000
  2.9516376e+000
  3.0016452e+000
  3.0222963e+000
  3.0104573e+000
  3.1039947e+000
  3.0321015e+000
  2.9890253e+000
  3.0337084e+000
  2.9375336e+000
  3.0101924e+000
  3.0077424e+000
  2.9983965e+000
  3.0910061e+000
  3.0251266e+000
  3.0721542e+000
  3.0301174e+000
  3.0425773e+000
  3.0522397e+000
  2.9838989e+000
  3.0376552e+000
  2.9578413e+000
  3.0031857e+000
  2.9388694e+000
  3.0297999e+000
  2.9526317e+000
  2.9992392e+000
  2.9663335e+000
  2.9987888e+000
  2.9734385e+000
  2.9751887e+000
  3.0113426e+000
  2.9600033e+000
  3.0623914e+000
  2.9634341e+000
  3.0005194e+000
  2.9920525e+000
  2.9468440e+000
  3.0436019e+000
  2.9627033e+000
  2.9583488e+000
  3.0141273e+000
  2.9561110e+000
  2.9716493e+000
  3.0294807e+000
  2.9574424e+000
  2.9679022e+000
  3.0460096e+000
  3.0273090e+000
  2.9883832e+000
  3.0517737e+000
  3.0991045e+000
  3.0557507e+000
  3.0316458e+000
  3.0770898e+000
  3.1047757e+000
  3.0368057e+000
  2.9818094e+000
  2.9544008e+000
  2.9920226e+000
  3.0355360e+000
  3.0240984e+000
  2.9833393e+000
  2.9824363e+000
  3.0036234e+000
  3.0448688e+000
  3.0701803e+000
  3.1174400e+000
  3.0936638e+000
  3.0639638e+000
  3.0431769e+000
  2.9972250e+000
  2.9604123e+000
  2.9348887e+000
  2.9261456e+000
  2.9478880e+000
  2.9792791e+000
