  1.2007152e+003
  1.1904437e+003
  1.1857204e+003
  1.1912911e+003
  1.2077224e+003
  1.2313119e+003
  1.2557525e+003
  1.2748179e+003
  1.2849452e+003
  1.2866610e+003
  1.2842974e+003
  1.2841494e+003
  1.2918549e+003
  1.3100787e+003
  1.3374363e+003
  1.3690771e+003
  1.3986661e+003
  1.4209395e+003
  1.4337858e+003
  1.4390126e+003
  1.4415037e+003
  1.4471359e+003
  1.4603249e+003
  1.4822056e+003
  1.5101730e+003
  1.5389346e+003
  1.5626152e+003
  1.5770497e+003
  1.5813737e+003
  1.5783399e+003
  1.5733089e+003
  1.5723538e+003
  1.5802039e+003
  1.5987457e+003
  1.6265567e+003
  1.6595648e+003
  1.6925536e+003
  1.7209686e+003
  1.7424031e+003
  1.7572650e+003
  1.7684192e+003
  1.7799723e+003
  1.7956758e+003
  1.8175550e+003
  1.8452536e+003
  1.8762800e+003
  1.9069829e+003
  1.9338376e+003
  1.9545769e+003
  1.9688335e+003
  1.9781770e+003
  1.9856101e+003
  1.9947035e+003
  2.0085954e+003
  2.0291072e+003
  2.0562206e+003
  2.0880962e+003
  2.1216557e+003
  2.1535426e+003
  2.1811191e+003
  2.2031457e+003
  2.2199464e+003
  2.2330967e+003
  2.2448430e+003
  2.2574934e+003
  2.2729232e+003
  2.2922260e+003
  2.3155094e+003
  2.3418702e+003
  2.3696209e+003
  2.3967840e+003
  2.4217319e+003
  2.4437265e+003
  2.4631164e+003
  2.4811058e+003
  2.4992250e+003
  2.5187611e+003
  2.5403793e+003
  2.5640120e+003
  2.5889555e+003
  2.6140754e+003
  2.6380826e+003
  2.6598945e+003
  2.6790605e+003
  2.6961131e+003
  2.7126250e+003
  2.7308094e+003
  2.7527132e+003
  2.7793016e+003
  2.8098456e+003
  2.8419254e+003
  2.8720911e+003
  2.8969437e+003
  2.9142507e+003
  2.9237341e+003
  2.9273109e+003
  2.9287225e+003
  2.9326171e+003
  2.9432653e+003
  2.9632125e+003
  2.9922815e+003
  3.0273479e+003
  3.0631312e+003
  3.0938858e+003
  3.1154673e+003
  3.1269960e+003
  3.1313993e+003
  3.1345100e+003
  3.1429630e+003
  3.1616394e+003
  3.1916250e+003
  3.2294932e+003
  3.2682528e+003
  3.2996966e+003
  3.3173601e+003
  3.3190367e+003
  3.3078893e+003
  3.2916463e+003
  3.2800348e+003
  3.2812840e+003
  3.2989648e+003
  3.3304181e+003
  3.3675165e+003
  3.3996374e+003
  3.4178197e+003
  3.4185096e+003
  3.4053424e+003
  3.3880998e+003
  3.3790904e+003
  3.3882822e+003
  3.4191172e+003
  3.4667707e+003
  3.5196987e+003
  3.5640031e+003
  3.5889456e+003
  3.5913818e+003
  3.5772215e+003
  3.5591575e+003
  3.5514172e+003
  3.5635621e+003
  3.5958690e+003
  3.6383155e+003
  3.6738368e+003
  3.6848278e+003
  3.6605082e+003
  3.6023034e+003
  3.5250289e+003
  3.4531721e+003
  3.4133846e+003
  3.4257254e+003
  3.4967049e+003
  3.6165648e+003
  3.7617368e+003
  3.9016108e+003
  4.0073007e+003
  4.0595474e+003
  4.0533979e+003
  3.9985720e+003
  3.9158962e+003
  3.8312719e+003
