  2.8554506e+000
  2.8589843e+000
  2.8633320e+000
  2.9334007e+000
  2.9832554e+000
  2.9581733e+000
  2.8868027e+000
  2.8819585e+000
  2.8860475e+000
  2.8631006e+000
  2.7981744e+000
  2.8577988e+000
  2.8858321e+000
  2.8243203e+000
  2.8449906e+000
  2.9110456e+000
  2.8896809e+000
  2.8834757e+000
  2.9194965e+000
  2.8916396e+000
  2.9487419e+000
  2.9118722e+000
  2.9074660e+000
  2.9679172e+000
  2.9116109e+000
  2.8991704e+000
  2.9711509e+000
  2.8937975e+000
  2.9713247e+000
  2.8944206e+000
  2.9157506e+000
  2.9349475e+000
  2.9135201e+000
  2.9693038e+000
  2.9124704e+000
  2.9423249e+000
  2.9280597e+000
  2.9657447e+000
  2.9041753e+000
  2.9202494e+000
  2.8960015e+000
  2.8895461e+000
  2.8803518e+000
  2.8361714e+000
  2.9044841e+000
  2.7948317e+000
  2.8793204e+000
  2.8723930e+000
  2.8473996e+000
  2.9602982e+000
  2.8956581e+000
  2.9447425e+000
  2.9430184e+000
  2.8771253e+000
  2.8806205e+000
  2.8670271e+000
  2.8020646e+000
  2.9191793e+000
  2.9598905e+000
  2.8695571e+000
  2.9406222e+000
  2.9112771e+000
  2.8243719e+000
  2.8612804e+000
  2.9699506e+000
  2.9081034e+000
  2.8646629e+000
  2.8781716e+000
  2.8986109e+000
  2.9059429e+000
  2.9078573e+000
  2.8848086e+000
  2.9015070e+000
  2.8856190e+000
  2.8903192e+000
  2.8467887e+000
  2.8526103e+000
  2.9148833e+000
  2.9616378e+000
  2.8741517e+000
  2.8202978e+000
  2.8976450e+000
  2.9259234e+000
  2.8851614e+000
  2.9265696e+000
  2.9378843e+000
  2.8293346e+000
  2.8738354e+000
  2.8736250e+000
  2.8505679e+000
  2.9257962e+000
  2.9640984e+000
  2.8923440e+000
  2.9492054e+000
  2.8540617e+000
  2.8792711e+000
  2.8944396e+000
  2.8149316e+000
  2.8937176e+000
  2.8398220e+000
  2.9204932e+000
  2.8718821e+000
  2.8942946e+000
  2.9171243e+000
  2.9211440e+000
  2.9500683e+000
  2.9306861e+000
  2.9269340e+000
  2.9104561e+000
  2.9657180e+000
  2.9302947e+000
  2.9309552e+000
  2.9687226e+000
  2.9193475e+000
  2.9486082e+000
  2.8819283e+000
  2.9478119e+000
  2.8970953e+000
  2.9391466e+000
  2.9861062e+000
  2.8931357e+000
  2.9683553e+000
  2.9095821e+000
  2.8770944e+000
  2.9624397e+000
  2.8663183e+000
  2.8706083e+000
  2.9145209e+000
  2.8434773e+000
  2.8119368e+000
  2.8912352e+000
  2.8791325e+000
  2.8177343e+000
  2.8905456e+000
  2.9174016e+000
  2.8861694e+000
  2.8551326e+000
  2.9027348e+000
  2.9602092e+000
  2.9461685e+000
  2.8966801e+000
  2.8768263e+000
  2.8926001e+000
  2.9103993e+000
  2.8588821e+000
  2.8449342e+000
  2.8211465e+000
  2.8363494e+000
  2.8963633e+000
  2.9337362e+000
  2.9591426e+000
  2.9466758e+000
  2.9486088e+000
  2.9081457e+000
  2.8818318e+000
  2.8451081e+000
  2.8148955e+000
  2.8086120e+000
  2.8015765e+000
  2.8570476e+000
