  2.8236746e+000
  2.8715262e+000
  2.9035582e+000
  2.8657379e+000
  2.8414602e+000
  2.8602093e+000
  2.8877509e+000
  2.7811610e+000
  2.7271396e+000
  2.7973166e+000
  2.8249506e+000
  2.7769382e+000
  2.7845584e+000
  2.8498890e+000
  2.8763475e+000
  2.8086481e+000
  2.9013931e+000
  2.8804717e+000
  2.7900541e+000
  2.8980738e+000
  2.8649379e+000
  2.7942378e+000
  2.9427992e+000
  2.8035551e+000
  2.8489946e+000
  2.8724058e+000
  2.7848820e+000
  2.8987340e+000
  2.7762152e+000
  2.8533643e+000
  2.7843965e+000
  2.8549534e+000
  2.8185645e+000
  2.8476722e+000
  2.8084154e+000
  2.8357182e+000
  2.8470237e+000
  2.8644863e+000
  2.8170871e+000
  2.8770074e+000
  2.8389868e+000
  2.9235267e+000
  2.8018636e+000
  2.9088014e+000
  2.8178491e+000
  2.8570037e+000
  2.8195253e+000
  2.7818599e+000
  2.8064585e+000
  2.7573707e+000
  2.8282430e+000
  2.8404750e+000
  2.8267508e+000
  2.9155135e+000
  2.8217910e+000
  2.8363119e+000
  2.8318467e+000
  2.7871644e+000
  2.7686675e+000
  2.8261137e+000
  2.8712014e+000
  2.8317947e+000
  2.8562503e+000
  2.8367833e+000
  2.7664207e+000
  2.7804761e+000
  2.8990788e+000
  2.9082138e+000
  2.7946291e+000
  2.7667542e+000
  2.8598380e+000
  2.8950812e+000
  2.8486557e+000
  2.7533336e+000
  2.7907910e+000
  2.8897822e+000
  2.9071606e+000
  2.7761309e+000
  2.7672917e+000
  2.8570845e+000
  2.8614189e+000
  2.8208671e+000
  2.8596200e+000
  2.8433110e+000
  2.7620383e+000
  2.7970510e+000
  2.8581643e+000
  2.8192825e+000
  2.8348021e+000
  2.9144391e+000
  2.8098918e+000
  2.8512800e+000
  2.8281877e+000
  2.7502436e+000
  2.8258210e+000
  2.7871747e+000
  2.8184806e+000
  2.8454361e+000
  2.8079981e+000
  2.9173202e+000
  2.8356209e+000
  2.9031283e+000
  2.8338109e+000
  2.8781689e+000
  2.8490070e+000
  2.8535456e+000
  2.8489761e+000
  2.8186128e+000
  2.8412849e+000
  2.8522352e+000
  2.8127017e+000
  2.8449533e+000
  2.7931588e+000
  2.8823614e+000
  2.7851942e+000
  2.8631841e+000
  2.7847480e+000
  2.8463155e+000
  2.8571613e+000
  2.8290640e+000
  2.9097628e+000
  2.8299489e+000
  2.8650581e+000
  2.8817879e+000
  2.8236900e+000
  2.8513925e+000
  2.8751484e+000
  2.8095878e+000
  2.8732118e+000
  2.8401602e+000
  2.7705866e+000
  2.7808701e+000
  2.8323186e+000
  2.8059048e+000
  2.7502723e+000
  2.8136347e+000
  2.8384135e+000
  2.8263010e+000
  2.8067478e+000
  2.8509741e+000
  2.9163276e+000
  2.9200675e+000
  2.8454190e+000
  2.7840107e+000
  2.7688709e+000
  2.8007742e+000
  2.8075138e+000
  2.8241155e+000
  2.8438786e+000
  2.8292023e+000
  2.8206998e+000
  2.8143393e+000
  2.8366020e+000
  2.8267048e+000
  2.8222687e+000
  2.8359480e+000
  2.8184816e+000
  2.8232548e+000
  2.8221263e+000
  2.8624643e+000
