  2.8612340e+000
  2.7206200e+000
  2.8014160e+000
  2.8350452e+000
  2.8391613e+000
  2.7344327e+000
  2.6964459e+000
  2.7059163e+000
  2.7651136e+000
  2.7489271e+000
  2.7086638e+000
  2.7743059e+000
  2.8420736e+000
  2.7493370e+000
  2.8275449e+000
  2.8379372e+000
  2.7963360e+000
  2.7743975e+000
  2.7912210e+000
  2.7484192e+000
  2.7555213e+000
  2.7978344e+000
  2.7431991e+000
  2.7576117e+000
  2.7509229e+000
  2.7238983e+000
  2.7404141e+000
  2.7092795e+000
  2.7487066e+000
  2.6896603e+000
  2.7551395e+000
  2.7174849e+000
  2.7386570e+000
  2.7211506e+000
  2.7226176e+000
  2.7288398e+000
  2.7336671e+000
  2.7262038e+000
  2.7426520e+000
  2.7261450e+000
  2.7890626e+000
  2.7382688e+000
  2.7983234e+000
  2.7575153e+000
  2.8390076e+000
  2.7991549e+000
  2.7618462e+000
  2.8340576e+000
  2.7226465e+000
  2.7920743e+000
  2.7491863e+000
  2.6851255e+000
  2.7576110e+000
  2.7149818e+000
  2.7285597e+000
  2.8603526e+000
  2.7532254e+000
  2.7800827e+000
  2.8068728e+000
  2.7110051e+000
  2.6991030e+000
  2.7815112e+000
  2.7929976e+000
  2.7534438e+000
  2.7749909e+000
  2.7807085e+000
  2.7284164e+000
  2.7259688e+000
  2.7821060e+000
  2.8179872e+000
  2.7545310e+000
  2.6860028e+000
  2.7582122e+000
  2.8404124e+000
  2.8285335e+000
  2.7323651e+000
  2.7418288e+000
  2.7687011e+000
  2.7886547e+000
  2.7717786e+000
  2.7956842e+000
  2.7669575e+000
  2.7027730e+000
  2.7261319e+000
  2.8154354e+000
  2.7779476e+000
  2.7812269e+000
  2.8323666e+000
  2.7438675e+000
  2.7327960e+000
  2.7705233e+000
  2.7018975e+000
  2.7359467e+000
  2.7738815e+000
  2.7391239e+000
  2.8384015e+000
  2.7731521e+000
  2.7872335e+000
  2.8200576e+000
  2.7535900e+000
  2.8107316e+000
  2.7386309e+000
  2.7911514e+000
  2.7325256e+000
  2.7554246e+000
  2.7047417e+000
  2.7381292e+000
  2.7100892e+000
  2.7421818e+000
  2.6948559e+000
  2.7302160e+000
  2.6972786e+000
  2.7396163e+000
  2.6920741e+000
  2.7637288e+000
  2.6896280e+000
  2.7529433e+000
  2.7212705e+000
  2.7294473e+000
  2.7735286e+000
  2.7087851e+000
  2.7837878e+000
  2.7734380e+000
  2.7594931e+000
  2.8153904e+000
  2.7633888e+000
  2.7578488e+000
  2.8452869e+000
  2.8118766e+000
  2.7554046e+000
  2.8014082e+000
  2.7714325e+000
  2.7082098e+000
  2.7105611e+000
  2.7536159e+000
  2.7330881e+000
  2.6956349e+000
  2.7722880e+000
  2.8129225e+000
  2.8147889e+000
  2.7739985e+000
  2.7657300e+000
  2.8160048e+000
  2.8078955e+000
  2.7965065e+000
  2.7437521e+000
  2.6857351e+000
  2.6836660e+000
  2.7067182e+000
  2.7660416e+000
  2.8266595e+000
  2.8449342e+000
  2.8468825e+000
  2.8105021e+000
  2.7600321e+000
  2.7372326e+000
  2.7016044e+000
  2.6927467e+000
  2.6976226e+000
  2.7177918e+000
