  2.6395294e+000
  2.6016234e+000
  2.5852532e+000
  2.4976991e+000
  2.5104866e+000
  2.5523847e+000
  2.6303126e+000
  2.5702141e+000
  2.5917528e+000
  2.6111754e+000
  2.6633402e+000
  2.5599688e+000
  2.5418882e+000
  2.6446052e+000
  2.5234728e+000
  2.5103157e+000
  2.5617214e+000
  2.5580775e+000
  2.5306736e+000
  2.5928431e+000
  2.5735944e+000
  2.5772740e+000
  2.6591189e+000
  2.5568034e+000
  2.6344658e+000
  2.6301597e+000
  2.6094292e+000
  2.6204454e+000
  2.5969703e+000
  2.6125679e+000
  2.6053713e+000
  2.6346111e+000
  2.5422371e+000
  2.6585038e+000
  2.5692427e+000
  2.6334332e+000
  2.5578402e+000
  2.6672986e+000
  2.5805128e+000
  2.6543158e+000
  2.5949781e+000
  2.6297902e+000
  2.6292812e+000
  2.5943642e+000
  2.6561192e+000
  2.5616205e+000
  2.6392350e+000
  2.5323716e+000
  2.5593755e+000
  2.5863024e+000
  2.5253338e+000
  2.5674753e+000
  2.5999956e+000
  2.5507004e+000
  2.6096953e+000
  2.6395770e+000
  2.5834706e+000
  2.6483192e+000
  2.5813587e+000
  2.5041638e+000
  2.5476450e+000
  2.6385686e+000
  2.6105510e+000
  2.5805022e+000
  2.6211520e+000
  2.5896389e+000
  2.5231584e+000
  2.5520229e+000
  2.6190376e+000
  2.6403699e+000
  2.5786391e+000
  2.5033606e+000
  2.5593289e+000
  2.6410089e+000
  2.6067461e+000
  2.5364855e+000
  2.5256705e+000
  2.6088249e+000
  2.5981093e+000
  2.5863780e+000
  2.5808197e+000
  2.5926809e+000
  2.5527548e+000
  2.4938411e+000
  2.5690637e+000
  2.6312556e+000
  2.5638003e+000
  2.6012619e+000
  2.6153699e+000
  2.5452551e+000
  2.5794894e+000
  2.5559453e+000
  2.5136405e+000
  2.5823989e+000
  2.5575550e+000
  2.5654090e+000
  2.6311177e+000
  2.5652373e+000
  2.6290427e+000
  2.5911742e+000
  2.6228865e+000
  2.6527296e+000
  2.5787619e+000
  2.6679139e+000
  2.5580978e+000
  2.6636266e+000
  2.5814379e+000
  2.6418432e+000
  2.5842406e+000
  2.6627404e+000
  2.5836775e+000
  2.6490494e+000
  2.5765277e+000
  2.6427822e+000
  2.5888967e+000
  2.6315973e+000
  2.6267929e+000
  2.6082731e+000
  2.6626897e+000
  2.5760205e+000
  2.6287419e+000
  2.5863540e+000
  2.5471306e+000
  2.6028821e+000
  2.5200348e+000
  2.5465079e+000
  2.5707484e+000
  2.5358667e+000
  2.5569886e+000
  2.6157964e+000
  2.5832177e+000
  2.5808601e+000
  2.6344073e+000
  2.6468772e+000
  2.5870930e+000
  2.5907927e+000
  2.6036445e+000
  2.5375202e+000
  2.5064096e+000
  2.5173490e+000
  2.5925880e+000
  2.6439681e+000
  2.6060714e+000
  2.5832139e+000
  2.5742288e+000
  2.5939050e+000
  2.5892236e+000
  2.5854300e+000
  2.5728566e+000
  2.5516349e+000
  2.5440811e+000
  2.5808602e+000
  2.5697103e+000
  2.6070761e+000
  2.5920472e+000
  2.6024601e+000
  2.5732870e+000
  2.5808243e+000
  2.5651881e+000
  2.6208486e+000
