  2.4482408e+000
  2.4378813e+000
  2.4558659e+000
  2.4327801e+000
  2.4532459e+000
  2.4896666e+000
  2.5450601e+000
  2.5075191e+000
  2.4696166e+000
  2.4690189e+000
  2.4878000e+000
  2.4020855e+000
  2.4213858e+000
  2.4649017e+000
  2.4229101e+000
  2.4471977e+000
  2.5271303e+000
  2.4752415e+000
  2.4959526e+000
  2.5304865e+000
  2.4581855e+000
  2.5046507e+000
  2.4965067e+000
  2.4121775e+000
  2.5087541e+000
  2.4332591e+000
  2.4417649e+000
  2.4436078e+000
  2.4107204e+000
  2.4364354e+000
  2.4173109e+000
  2.4703854e+000
  2.4037103e+000
  2.4703071e+000
  2.4025717e+000
  2.4559363e+000
  2.3986690e+000
  2.4684568e+000
  2.4204985e+000
  2.4384802e+000
  2.4215156e+000
  2.4395057e+000
  2.4472785e+000
  2.3903698e+000
  2.4703044e+000
  2.4069957e+000
  2.4753184e+000
  2.4721115e+000
  2.4476497e+000
  2.4981936e+000
  2.4911364e+000
  2.4755989e+000
  2.5124891e+000
  2.4800614e+000
  2.4349429e+000
  2.4899099e+000
  2.4174811e+000
  2.4288527e+000
  2.4758287e+000
  2.4740919e+000
  2.4652401e+000
  2.5219171e+000
  2.5017519e+000
  2.4021865e+000
  2.3898482e+000
  2.4593746e+000
  2.4962075e+000
  2.4815376e+000
  2.4362745e+000
  2.4481468e+000
  2.4739324e+000
  2.4703595e+000
  2.4715319e+000
  2.4548721e+000
  2.4356135e+000
  2.4887831e+000
  2.5152437e+000
  2.4721079e+000
  2.4018963e+000
  2.4281442e+000
  2.4771632e+000
  2.5141952e+000
  2.4612385e+000
  2.4748788e+000
  2.4846524e+000
  2.4197847e+000
  2.4003119e+000
  2.4921894e+000
  2.4451435e+000
  2.4640963e+000
  2.5470591e+000
  2.4726716e+000
  2.4820097e+000
  2.4950640e+000
  2.4417880e+000
  2.4635203e+000
  2.4482553e+000
  2.4145896e+000
  2.5028709e+000
  2.4049802e+000
  2.4486432e+000
  2.4234022e+000
  2.4295481e+000
  2.4319105e+000
  2.4053695e+000
  2.4763380e+000
  2.3919075e+000
  2.4710470e+000
  2.4125190e+000
  2.4722497e+000
  2.4022509e+000
  2.4743805e+000
  2.4103873e+000
  2.4507249e+000
  2.4189482e+000
  2.4357096e+000
  2.4637043e+000
  2.4136987e+000
  2.4759387e+000
  2.4459375e+000
  2.4740273e+000
  2.4839165e+000
  2.4739031e+000
  2.5520246e+000
  2.4881683e+000
  2.4743366e+000
  2.5230626e+000
  2.4460236e+000
  2.4294777e+000
  2.4718016e+000
  2.4079897e+000
  2.4029834e+000
  2.4852945e+000
  2.4965083e+000
  2.4723544e+000
  2.4791251e+000
  2.5393460e+000
  2.5070732e+000
  2.4397109e+000
  2.4112256e+000
  2.4460032e+000
  2.4600300e+000
  2.4538220e+000
  2.4505487e+000
  2.4786693e+000
  2.5212439e+000
  2.5349011e+000
  2.5030135e+000
  2.4556313e+000
  2.4242241e+000
  2.4058923e+000
  2.4316312e+000
  2.4546561e+000
  2.4759127e+000
  2.5036763e+000
  2.4880943e+000
  2.4858933e+000
  2.4643532e+000
  2.4495133e+000
  2.4828197e+000
