  2.0621380e+003
  2.0445419e+003
  2.0402817e+003
  2.0529251e+003
  2.0776332e+003
  2.1036996e+003
  2.1196656e+003
  2.1186212e+003
  2.1012816e+003
  2.0755068e+003
  2.0525841e+003
  2.0420576e+003
  2.0474960e+003
  2.0650868e+003
  2.0856041e+003
  2.0987625e+003
  2.0979397e+003
  2.0831742e+003
  2.0611835e+003
  2.0424949e+003
  2.0370051e+003
  2.0498912e+003
  2.0795603e+003
  2.1184186e+003
  2.1560546e+003
  2.1834627e+003
  2.1965473e+003
  2.1974798e+003
  2.1933935e+003
  2.1930159e+003
  2.2027034e+003
  2.2235867e+003
  2.2510375e+003
  2.2766459e+003
  2.2918094e+003
  2.2913747e+003
  2.2758234e+003
  2.2511917e+003
  2.2268889e+003
  2.2123862e+003
  2.2140604e+003
  2.2332740e+003
  2.2662249e+003
  2.3054692e+003
  2.3425114e+003
  2.3705618e+003
  2.3865427e+003
  2.3916800e+003
  2.3905209e+003
  2.3888208e+003
  2.3911895e+003
  2.3994636e+003
  2.4124027e+003
  2.4266830e+003
  2.4386123e+003
  2.4457774e+003
  2.4480125e+003
  2.4474543e+003
  2.4477950e+003
  2.4530307e+003
  2.4660617e+003
  2.4875334e+003
  2.5153113e+003
  2.5448807e+003
  2.5706699e+003
  2.5878953e+003
  2.5942316e+003
  2.5906393e+003
  2.5810486e+003
  2.5710936e+003
  2.5664296e+003
  2.5711967e+003
  2.5869966e+003
  2.6125322e+003
  2.6439394e+003
  2.6757858e+003
  2.7025846e+003
  2.7204463e+003
  2.7283001e+003
  2.7281633e+003
  2.7242972e+003
  2.7215866e+003
  2.7238298e+003
  2.7326092e+003
  2.7470802e+003
  2.7645991e+003
  2.7818445e+003
  2.7960369e+003
  2.8059289e+003
  2.8122957e+003
  2.8177166e+003
  2.8255838e+003
  2.8385804e+003
  2.8572054e+003
  2.8790721e+003
  2.8994710e+003
  2.9131275e+003
  2.9164757e+003
  2.9094611e+003
  2.8960462e+003
  2.8831403e+003
  2.8783159e+003
  2.8871339e+003
  2.9110304e+003
  2.9465324e+003
  2.9861529e+003
  3.0207807e+003
  3.0428357e+003
  3.0490782e+003
  3.0419355e+003
  3.0286569e+003
  3.0184469e+003
  3.0186378e+003
  3.0315037e+003
  3.0531708e+003
  3.0752263e+003
  3.0884397e+003
  3.0870212e+003
  3.0715321e+003
  3.0490948e+003
  3.0306963e+003
  3.0266479e+003
  3.0421047e+003
  3.0745922e+003
  3.1147049e+003
  3.1498223e+003
  3.1693756e+003
  3.1694506e+003
  3.1546737e+003
  3.1364152e+003
  3.1279182e+003
  3.1383789e+003
  3.1685931e+003
  3.2102200e+003
  3.2491753e+003
  3.2717920e+003
  3.2710446e+003
  3.2499628e+003
  3.2205201e+003
  3.1982900e+003
  3.1951334e+003
  3.2132011e+003
  3.2430998e+003
  3.2673219e+003
  3.2677290e+003
  3.2340190e+003
  3.1695396e+003
  3.0918046e+003
  3.0272047e+003
  3.0017910e+003
  3.0316364e+003
  3.1164926e+003
  3.2391692e+003
  3.3708352e+003
  3.4801972e+003
  3.5431681e+003
  3.5497034e+003
  3.5058110e+003
  3.4306392e+003
  3.3501612e+003
