  2.3080100e+000
  2.3426883e+000
  2.3462509e+000
  2.3796451e+000
  2.3538810e+000
  2.3762584e+000
  2.3970258e+000
  2.3639212e+000
  2.2818141e+000
  2.3338908e+000
  2.3375035e+000
  2.3143228e+000
  2.3520944e+000
  2.4305219e+000
  2.3619291e+000
  2.3438485e+000
  2.4265472e+000
  2.3303990e+000
  2.3634552e+000
  2.3667376e+000
  2.2805588e+000
  2.3350284e+000
  2.3057847e+000
  2.3218045e+000
  2.3517729e+000
  2.3138848e+000
  2.4221114e+000
  2.3499275e+000
  2.3468876e+000
  2.3922913e+000
  2.3975456e+000
  2.4044431e+000
  2.3297736e+000
  2.4254942e+000
  2.3633163e+000
  2.3703629e+000
  2.3637018e+000
  2.4051681e+000
  2.4194878e+000
  2.3379456e+000
  2.3907516e+000
  2.3657453e+000
  2.3977867e+000
  2.3679396e+000
  2.3981223e+000
  2.3570789e+000
  2.3542116e+000
  2.3907518e+000
  2.3065182e+000
  2.3586480e+000
  2.3634256e+000
  2.2939945e+000
  2.3373074e+000
  2.3578811e+000
  2.2899063e+000
  2.3918612e+000
  2.4113663e+000
  2.3625745e+000
  2.3608972e+000
  2.4230661e+000
  2.3169805e+000
  2.2975513e+000
  2.3433648e+000
  2.3598762e+000
  2.3525640e+000
  2.3838427e+000
  2.3915349e+000
  2.3443401e+000
  2.2992034e+000
  2.3034567e+000
  2.3686527e+000
  2.4308312e+000
  2.3683058e+000
  2.3064376e+000
  2.3010657e+000
  2.3428542e+000
  2.3869548e+000
  2.3622898e+000
  2.3541736e+000
  2.3738771e+000
  2.3385837e+000
  2.2958702e+000
  2.3156477e+000
  2.4146766e+000
  2.3719426e+000
  2.3688298e+000
  2.3939539e+000
  2.3522486e+000
  2.2921581e+000
  2.3425685e+000
  2.3310057e+000
  2.2899941e+000
  2.3794793e+000
  2.3437038e+000
  2.3384554e+000
  2.3927439e+000
  2.3462122e+000
  2.3884792e+000
  2.3872115e+000
  2.3436152e+000
  2.4221923e+000
  2.3549704e+000
  2.4070290e+000
  2.3873164e+000
  2.3837138e+000
  2.3902368e+000
  2.3562731e+000
  2.3810301e+000
  2.3610611e+000
  2.4069517e+000
  2.3777048e+000
  2.3975758e+000
  2.3539022e+000
  2.3750520e+000
  2.3726007e+000
  2.3372530e+000
  2.3808756e+000
  2.3136251e+000
  2.3682635e+000
  2.3023597e+000
  2.3233744e+000
  2.3589586e+000
  2.2957392e+000
  2.3656093e+000
  2.3663746e+000
  2.3621652e+000
  2.4080128e+000
  2.3674215e+000
  2.3564333e+000
  2.3998620e+000
  2.3624963e+000
  2.3024617e+000
  2.3427326e+000
  2.3563438e+000
  2.3028056e+000
  2.3211742e+000
  2.3731121e+000
  2.4288213e+000
  2.3443983e+000
  2.3560104e+000
  2.3572668e+000
  2.3474287e+000
  2.3332387e+000
  2.3096692e+000
  2.3331220e+000
  2.3516668e+000
  2.4145415e+000
  2.4094012e+000
  2.3512288e+000
  2.3401324e+000
  2.3052555e+000
  2.2963335e+000
  2.3479035e+000
  2.3703610e+000
  2.3767572e+000
  2.3916886e+000
  2.3646366e+000
  2.3345568e+000
  2.3391811e+000
  2.3750683e+000
