  2.2248359e+000
  2.2534593e+000
  2.2844382e+000
  2.3904462e+000
  2.3461057e+000
  2.2992624e+000
  2.2631489e+000
  2.2970494e+000
  2.2663050e+000
  2.2600049e+000
  2.2592652e+000
  2.3489790e+000
  2.3262340e+000
  2.3095435e+000
  2.3587846e+000
  2.3095259e+000
  2.2673771e+000
  2.3011573e+000
  2.2551799e+000
  2.2444616e+000
  2.2879346e+000
  2.2344895e+000
  2.2896333e+000
  2.3353704e+000
  2.2695927e+000
  2.3776214e+000
  2.3083500e+000
  2.3425866e+000
  2.3027922e+000
  2.3476846e+000
  2.3120224e+000
  2.3085570e+000
  2.2816779e+000
  2.3298611e+000
  2.2986434e+000
  2.2675849e+000
  2.2926289e+000
  2.3124363e+000
  2.2817500e+000
  2.2882131e+000
  2.2764954e+000
  2.3382167e+000
  2.2592035e+000
  2.3386537e+000
  2.2976649e+000
  2.2852528e+000
  2.3662474e+000
  2.2981199e+000
  2.3328578e+000
  2.3678029e+000
  2.2926455e+000
  2.3538902e+000
  2.3077366e+000
  2.2733302e+000
  2.2993074e+000
  2.2829476e+000
  2.2332470e+000
  2.2861431e+000
  2.3158871e+000
  2.3171289e+000
  2.2967756e+000
  2.3781119e+000
  2.3155170e+000
  2.2296676e+000
  2.2556527e+000
  2.3408215e+000
  2.3266155e+000
  2.2881832e+000
  2.3086525e+000
  2.3009619e+000
  2.2890787e+000
  2.3021325e+000
  2.2915105e+000
  2.2892712e+000
  2.3016194e+000
  2.2892219e+000
  2.3303629e+000
  2.3175468e+000
  2.2620255e+000
  2.2383584e+000
  2.3006222e+000
  2.3578174e+000
  2.2994287e+000
  2.2945746e+000
  2.3083558e+000
  2.2989333e+000
  2.2194963e+000
  2.2546487e+000
  2.2986365e+000
  2.2578576e+000
  2.3002095e+000
  2.3370185e+000
  2.3012844e+000
  2.3300069e+000
  2.3408816e+000
  2.2947317e+000
  2.3535357e+000
  2.3195233e+000
  2.2980536e+000
  2.3233848e+000
  2.2828383e+000
  2.3275286e+000
  2.2574037e+000
  2.3363788e+000
  2.2745449e+000
  2.2992004e+000
  2.3009942e+000
  2.2884948e+000
  2.3029878e+000
  2.2944699e+000
  2.3078744e+000
  2.3100347e+000
  2.3078950e+000
  2.3351306e+000
  2.3224182e+000
  2.3416995e+000
  2.2923066e+000
  2.3742601e+000
  2.2836602e+000
  2.2992793e+000
  2.2993132e+000
  2.2499425e+000
  2.2874384e+000
  2.2305653e+000
  2.2574689e+000
  2.3239035e+000
  2.2691681e+000
  2.3199625e+000
  2.3477875e+000
  2.2911082e+000
  2.3422681e+000
  2.3274843e+000
  2.2646235e+000
  2.2456513e+000
  2.2791770e+000
  2.2868002e+000
  2.2566378e+000
  2.3008379e+000
  2.3575262e+000
  2.3724389e+000
  2.3046078e+000
  2.2453889e+000
  2.2487593e+000
  2.2681036e+000
  2.3142547e+000
  2.2950843e+000
  2.3002081e+000
  2.3090950e+000
  2.2895100e+000
  2.2767317e+000
  2.2865946e+000
  2.3115196e+000
  2.3461320e+000
  2.3485364e+000
  2.3280360e+000
  2.3159064e+000
  2.2663493e+000
  2.2356679e+000
  2.2212465e+000
  2.2640690e+000
