  2.1496631e+000
  2.2043627e+000
  2.1961276e+000
  2.2719215e+000
  2.2059139e+000
  2.1674039e+000
  2.1121946e+000
  2.1802798e+000
  2.1932940e+000
  2.2002500e+000
  2.2021870e+000
  2.2212865e+000
  2.2179049e+000
  2.1551073e+000
  2.2240072e+000
  2.1594335e+000
  2.1354890e+000
  2.2156740e+000
  2.1785270e+000
  2.1987370e+000
  2.2152291e+000
  2.2022180e+000
  2.2215651e+000
  2.2143234e+000
  2.1922425e+000
  2.2242965e+000
  2.1232503e+000
  2.1944893e+000
  2.1401852e+000
  2.1734409e+000
  2.1496813e+000
  2.1893893e+000
  2.1555490e+000
  2.2008291e+000
  2.1399160e+000
  2.1887003e+000
  2.1943065e+000
  2.2232295e+000
  2.1614878e+000
  2.2356594e+000
  2.1529792e+000
  2.2216540e+000
  2.1721550e+000
  2.1677746e+000
  2.2106686e+000
  2.1437768e+000
  2.2013399e+000
  2.1561933e+000
  2.1363036e+000
  2.1794528e+000
  2.1316572e+000
  2.1582141e+000
  2.1834497e+000
  2.1649229e+000
  2.1847019e+000
  2.2350042e+000
  2.1939379e+000
  2.1827364e+000
  2.2511811e+000
  2.1927629e+000
  2.1329059e+000
  2.1624159e+000
  2.1950153e+000
  2.1854708e+000
  2.1806652e+000
  2.2233900e+000
  2.2099191e+000
  2.1975598e+000
  2.1364953e+000
  2.1414574e+000
  2.2376199e+000
  2.2760372e+000
  2.2127352e+000
  2.1344825e+000
  2.1428259e+000
  2.1832856e+000
  2.2617005e+000
  2.2019818e+000
  2.1798022e+000
  2.1909998e+000
  2.2062814e+000
  2.1583011e+000
  2.1460108e+000
  2.2107833e+000
  2.2627689e+000
  2.2106136e+000
  2.2041406e+000
  2.2637749e+000
  2.2008999e+000
  2.1600586e+000
  2.2003201e+000
  2.1601415e+000
  2.1417340e+000
  2.1835692e+000
  2.1429232e+000
  2.1584396e+000
  2.2128453e+000
  2.1470869e+000
  2.1979002e+000
  2.1984689e+000
  2.1847583e+000
  2.1944223e+000
  2.1606957e+000
  2.2325317e+000
  2.1548741e+000
  2.2046714e+000
  2.1526284e+000
  2.2090339e+000
  2.1789402e+000
  2.1952731e+000
  2.1499716e+000
  2.1698885e+000
  2.1485563e+000
  2.1855859e+000
  2.1280173e+000
  2.1980204e+000
  2.1425900e+000
  2.2110768e+000
  2.1915272e+000
  2.2231631e+000
  2.2516223e+000
  2.1949288e+000
  2.2606402e+000
  2.1760336e+000
  2.1910139e+000
  2.1929098e+000
  2.1300444e+000
  2.1716008e+000
  2.2051579e+000
  2.1555708e+000
  2.1938439e+000
  2.2602588e+000
  2.2118312e+000
  2.1822734e+000
  2.2028461e+000
  2.1940412e+000
  2.1463787e+000
  2.1413982e+000
  2.2130904e+000
  2.2213848e+000
  2.2295930e+000
  2.1780203e+000
  2.1776350e+000
  2.1986212e+000
  2.1925610e+000
  2.2036694e+000
  2.1740711e+000
  2.1884678e+000
  2.1887728e+000
  2.2065829e+000
  2.2017109e+000
  2.1859629e+000
  2.1919012e+000
  2.2191888e+000
  2.2383053e+000
  2.2045499e+000
  2.1726008e+000
  2.1525305e+000
  2.1238296e+000
  2.1477954e+000
