  2.0653406e+000
  2.0985789e+000
  2.1009505e+000
  2.1306559e+000
  2.0842796e+000
  2.0524720e+000
  2.0397063e+000
  2.1287337e+000
  2.1310397e+000
  2.0833149e+000
  2.1053646e+000
  2.0967291e+000
  2.0501855e+000
  2.0375181e+000
  2.0796454e+000
  2.1048700e+000
  2.0718282e+000
  2.1354203e+000
  2.0969576e+000
  2.0632035e+000
  2.1307766e+000
  2.0632882e+000
  2.0689208e+000
  2.0459844e+000
  2.0745977e+000
  2.0697598e+000
  2.0892407e+000
  2.0911237e+000
  2.0971419e+000
  2.1366020e+000
  2.1050364e+000
  2.1212810e+000
  2.0946124e+000
  2.1631085e+000
  2.0749752e+000
  2.1495607e+000
  2.0681997e+000
  2.1059046e+000
  2.0733720e+000
  2.1413181e+000
  2.0768185e+000
  2.0947290e+000
  2.0857896e+000
  2.0643261e+000
  2.1316535e+000
  2.0665304e+000
  2.1064728e+000
  2.1528925e+000
  2.0819032e+000
  2.1154750e+000
  2.1362225e+000
  2.0889280e+000
  2.1593937e+000
  2.1373303e+000
  2.0666622e+000
  2.0714264e+000
  2.0921533e+000
  2.0305234e+000
  2.0633384e+000
  2.0799517e+000
  2.0829988e+000
  2.0820911e+000
  2.1091014e+000
  2.1331488e+000
  2.0985424e+000
  2.0576458e+000
  2.0398898e+000
  2.0970827e+000
  2.1212492e+000
  2.1226623e+000
  2.0827914e+000
  2.0588984e+000
  2.0876199e+000
  2.0917201e+000
  2.1352479e+000
  2.0993546e+000
  2.0403808e+000
  2.0389140e+000
  2.1201232e+000
  2.1508605e+000
  2.1051398e+000
  2.0653611e+000
  2.0818637e+000
  2.1053705e+000
  2.0452413e+000
  2.0369836e+000
  2.1058744e+000
  2.0865086e+000
  2.0628046e+000
  2.1097412e+000
  2.1489259e+000
  2.0940728e+000
  2.1465854e+000
  2.1418782e+000
  2.0794150e+000
  2.1348059e+000
  2.1126966e+000
  2.0625188e+000
  2.1395065e+000
  2.0616417e+000
  2.1065736e+000
  2.0789925e+000
  2.0795865e+000
  2.1151667e+000
  2.0585848e+000
  2.1335693e+000
  2.0845971e+000
  2.1411109e+000
  2.0795681e+000
  2.1318948e+000
  2.0963374e+000
  2.1520152e+000
  2.0931032e+000
  2.1397851e+000
  2.0780179e+000
  2.1479050e+000
  2.0632364e+000
  2.0762963e+000
  2.0734989e+000
  2.0414500e+000
  2.0728838e+000
  2.0369490e+000
  2.1125935e+000
  2.0969991e+000
  2.1057782e+000
  2.1341101e+000
  2.0908046e+000
  2.0847648e+000
  2.0804247e+000
  2.0346464e+000
  2.0391364e+000
  2.1124158e+000
  2.1074540e+000
  2.0734882e+000
  2.1157733e+000
  2.1347317e+000
  2.0651791e+000
  2.0449291e+000
  2.1044190e+000
  2.1301601e+000
  2.0930616e+000
  2.0812152e+000
  2.1175606e+000
  2.1028964e+000
  2.0880714e+000
  2.0610612e+000
  2.0606331e+000
  2.0731508e+000
  2.0913514e+000
  2.0999127e+000
  2.0849784e+000
  2.0860818e+000
  2.0837596e+000
  2.0975451e+000
  2.0933839e+000
  2.0984134e+000
  2.0834512e+000
  2.0471357e+000
  2.0303646e+000
  2.0387240e+000
