  2.0663523e+000
  2.0992458e+000
  2.0748818e+000
  1.9738010e+000
  2.0067835e+000
  2.0641650e+000
  2.0504150e+000
  2.0230848e+000
  2.0641341e+000
  2.0593273e+000
  2.0456746e+000
  1.9641656e+000
  2.0411538e+000
  2.0217054e+000
  2.0151328e+000
  2.1017697e+000
  2.0600397e+000
  2.0202431e+000
  2.0621494e+000
  2.0169237e+000
  2.0090065e+000
  2.0393053e+000
  1.9722092e+000
  2.0429915e+000
  2.0643516e+000
  2.0248862e+000
  2.1332571e+000
  2.0059427e+000
  2.1213104e+000
  2.0327766e+000
  2.1036395e+000
  2.0074812e+000
  2.0767009e+000
  2.0106005e+000
  2.0544418e+000
  1.9820399e+000
  2.0238870e+000
  1.9839056e+000
  2.0409473e+000
  2.0086331e+000
  1.9940840e+000
  2.0136341e+000
  1.9717781e+000
  2.0478587e+000
  1.9931314e+000
  2.0164421e+000
  2.0470943e+000
  2.0025301e+000
  2.0422915e+000
  2.0164963e+000
  2.0193248e+000
  2.0593100e+000
  2.0555368e+000
  2.0283387e+000
  2.0771696e+000
  2.0512925e+000
  2.0356837e+000
  2.0611451e+000
  2.0981412e+000
  1.9943776e+000
  2.0055171e+000
  2.0359757e+000
  2.0374151e+000
  2.0157771e+000
  2.0335801e+000
  2.0974185e+000
  2.0651227e+000
  2.0120327e+000
  1.9832103e+000
  2.0141221e+000
  2.0644936e+000
  2.0867598e+000
  2.0855776e+000
  1.9894312e+000
  1.9896205e+000
  2.0208538e+000
  2.0721456e+000
  2.0901167e+000
  2.0345491e+000
  2.0216791e+000
  2.0324852e+000
  2.0346149e+000
  1.9857214e+000
  2.0105941e+000
  2.0654604e+000
  2.0751832e+000
  2.0331608e+000
  2.0642521e+000
  2.0942941e+000
  2.0165756e+000
  2.0475201e+000
  2.0624878e+000
  2.0086777e+000
  2.0278824e+000
  2.0360415e+000
  1.9858393e+000
  2.0354256e+000
  2.0116136e+000
  1.9998391e+000
  2.0238913e+000
  1.9804953e+000
  2.0155867e+000
  2.0147348e+000
  2.0034974e+000
  2.0200739e+000
  1.9925589e+000
  2.0742521e+000
  1.9941842e+000
  2.0512230e+000
  1.9872119e+000
  2.0647455e+000
  2.0221698e+000
  2.0788562e+000
  2.0319369e+000
  2.1279972e+000
  2.0574780e+000
  2.0986301e+000
  2.0322067e+000
  2.0192919e+000
  2.0257921e+000
  1.9845823e+000
  2.0268512e+000
  1.9916907e+000
  2.0394624e+000
  2.0676834e+000
  2.0294852e+000
  2.1084067e+000
  2.0863613e+000
  2.0109164e+000
  2.0346269e+000
  2.0231746e+000
  1.9924215e+000
  2.0148721e+000
  2.0521241e+000
  2.0465177e+000
  2.0576270e+000
  2.0898543e+000
  2.0623450e+000
  2.0134477e+000
  1.9994193e+000
  2.0338978e+000
  2.0796473e+000
  2.1003544e+000
  2.0198372e+000
  2.0023375e+000
  1.9947894e+000
  2.0487616e+000
  2.0905185e+000
  2.0893896e+000
  2.0557916e+000
  2.0096753e+000
  1.9837558e+000
  1.9928493e+000
  2.0075521e+000
  2.0734156e+000
  2.0829118e+000
  2.0717924e+000
  2.0511886e+000
  2.0320217e+000
  2.0563520e+000
