  2.0326314e+000
  1.9790708e+000
  1.9925870e+000
  1.9582442e+000
  1.9755099e+000
  1.9893748e+000
  2.0010667e+000
  2.0160847e+000
  2.0354613e+000
  1.9480057e+000
  1.9694983e+000
  1.9731471e+000
  1.9839659e+000
  1.9509126e+000
  2.0734002e+000
  1.9854874e+000
  1.9899690e+000
  2.0061275e+000
  1.9483794e+000
  1.9741247e+000
  1.9660469e+000
  1.9366853e+000
  2.0108647e+000
  1.9982954e+000
  2.0524145e+000
  2.0126077e+000
  2.0435837e+000
  1.9988402e+000
  1.9859669e+000
  2.0034189e+000
  1.9381206e+000
  1.9910226e+000
  1.9374303e+000
  1.9872650e+000
  1.9414140e+000
  1.9687357e+000
  1.9489324e+000
  1.9906840e+000
  1.9672218e+000
  1.9850954e+000
  1.9764634e+000
  1.9525174e+000
  2.0219518e+000
  1.9781907e+000
  2.0096127e+000
  2.0100662e+000
  1.9900883e+000
  2.0115975e+000
  1.9719119e+000
  1.9478663e+000
  2.0047875e+000
  1.9346788e+000
  1.9476069e+000
  1.9755444e+000
  1.9501390e+000
  1.9575571e+000
  2.0129269e+000
  2.0045361e+000
  1.9994918e+000
  2.0031043e+000
  2.0694878e+000
  1.9904310e+000
  1.9705679e+000
  1.9650650e+000
  1.9873063e+000
  1.9944837e+000
  1.9695186e+000
  2.0052914e+000
  2.0356285e+000
  2.0132593e+000
  1.9611093e+000
  1.9312756e+000
  1.9692662e+000
  1.9932088e+000
  2.0410669e+000
  1.9851819e+000
  1.9733065e+000
  1.9887205e+000
  1.9747434e+000
  1.9723507e+000
  1.9579234e+000
  2.0043694e+000
  2.0338401e+000
  2.0165874e+000
  1.9717758e+000
  2.0163055e+000
  1.9945933e+000
  1.9475071e+000
  1.9644046e+000
  1.9832061e+000
  1.9554362e+000
  1.9525513e+000
  1.9981237e+000
  1.9541052e+000
  1.9693401e+000
  2.0147575e+000
  1.9652718e+000
  1.9894775e+000
  2.0138817e+000
  1.9585577e+000
  2.0285275e+000
  1.9666273e+000
  2.0040157e+000
  1.9962156e+000
  1.9700786e+000
  2.0102372e+000
  1.9574215e+000
  1.9799458e+000
  1.9485210e+000
  1.9822331e+000
  1.9294277e+000
  1.9946904e+000
  1.9381066e+000
  2.0057652e+000
  1.9821164e+000
  2.0155803e+000
  2.0074571e+000
  2.0374597e+000
  2.0042724e+000
  1.9926759e+000
  2.0253376e+000
  1.9494167e+000
  1.9837880e+000
  1.9790526e+000
  1.9494216e+000
  2.0228680e+000
  2.0113149e+000
  2.0108477e+000
  2.0591726e+000
  1.9962757e+000
  1.9621169e+000
  2.0055623e+000
  1.9535400e+000
  1.9524661e+000
  2.0270389e+000
  2.0640199e+000
  2.0175720e+000
  1.9787506e+000
  1.9645990e+000
  1.9849872e+000
  1.9733574e+000
  1.9714642e+000
  1.9969897e+000
  2.0077023e+000
  2.0291657e+000
  1.9772852e+000
  1.9530866e+000
  1.9629156e+000
  1.9977349e+000
  2.0388335e+000
  2.0294637e+000
  2.0009851e+000
  1.9950494e+000
  1.9890006e+000
  2.0279350e+000
  2.0144136e+000
  1.9889308e+000
  1.9692016e+000
  1.9358192e+000
  1.9362642e+000
