  2.9292204e+003
  2.9096811e+003
  2.9176610e+003
  2.9495851e+003
  2.9907615e+003
  3.0230442e+003
  3.0339133e+003
  3.0225850e+003
  3.0002785e+003
  2.9846071e+003
  2.9908653e+003
  3.0244301e+003
  3.0779214e+003
  3.1344591e+003
  3.1754229e+003
  3.1889793e+003
  3.1752985e+003
  3.1460218e+003
  3.1183312e+003
  3.1065679e+003
  3.1154714e+003
  3.1382314e+003
  3.1601419e+003
  3.1659413e+003
  3.1472529e+003
  3.1066594e+003
  3.0566960e+003
  3.0144580e+003
  2.9944273e+003
  3.0027056e+003
  3.0350019e+003
  3.0789763e+003
  3.1197228e+003
  3.1459740e+003
  3.1544389e+003
  3.1505243e+003
  3.1452150e+003
  3.1495171e+003
  3.1689468e+003
  3.2005603e+003
  3.2339011e+003
  3.2554516e+003
  3.2545812e+003
  3.2283563e+003
  3.1832038e+003
  3.1328895e+003
  3.0938011e+003
  3.0794299e+003
  3.0959794e+003
  3.1404304e+003
  3.2015283e+003
  3.2633057e+003
  3.3100357e+003
  3.3310342e+003
  3.3237053e+003
  3.2938040e+003
  3.2529509e+003
  3.2145144e+003
  3.1895069e+003
  3.1838721e+003
  3.1977171e+003
  3.2262127e+003
  3.2614929e+003
  3.2949173e+003
  3.3192460e+003
  3.3303341e+003
  3.3279467e+003
  3.3154313e+003
  3.2983817e+003
  3.2828644e+003
  3.2739126e+003
  3.2746884e+003
  3.2862214e+003
  3.3073752e+003
  3.3348647e+003
  3.3635216e+003
  3.3871631e+003
  3.4001398e+003
  3.3991365e+003
  3.3844983e+003
  3.3605147e+003
  3.3345446e+003
  3.3152761e+003
  3.3105428e+003
  3.3250906e+003
  3.3587359e+003
  3.4055273e+003
  3.4545615e+003
  3.4927102e+003
  3.5086900e+003
  3.4970926e+003
  3.4607415e+003
  3.4102979e+003
  3.3611410e+003
  3.3286019e+003
  3.3231748e+003
  3.3472459e+003
  3.3943586e+003
  3.4512966e+003
  3.5024518e+003
  3.5351359e+003
  3.5439676e+003
  3.5325439e+003
  3.5115218e+003
  3.4937403e+003
  3.4884368e+003
  3.4971620e+003
  3.5132978e+003
  3.5254312e+003
  3.5230418e+003
  3.5019084e+003
  3.4667772e+003
  3.4300468e+003
  3.4069390e+003
  3.4091243e+003
  3.4394900e+003
  3.4903787e+003
  3.5462788e+003
  3.5900699e+003
  3.6102582e+003
  3.6059690e+003
  3.5872476e+003
  3.5702661e+003
  3.5694647e+003
  3.5902915e+003
  3.6261190e+003
  3.6610310e+003
  3.6773349e+003
  3.6642666e+003
  3.6236390e+003
  3.5695737e+003
  3.5222847e+003
  3.4987980e+003
  3.5050397e+003
  3.5331417e+003
  3.5653408e+003
  3.5826745e+003
  3.5743139e+003
  3.5429858e+003
  3.5037356e+003
  3.4764545e+003
  3.4756489e+003
  3.5024027e+003
  3.5426159e+003
  3.5727504e+003
  3.5707627e+003
  3.5273372e+003
  3.4521741e+003
  3.3721451e+003
  3.3216994e+003
  3.3293465e+003
  3.4058375e+003
  3.5389904e+003
  3.6972945e+003
  3.8407522e+003
  3.9345343e+003
  3.9601785e+003
  3.9204870e+003
  3.8370957e+003
  3.7424611e+003
