  1.8413828e+000
  1.8720514e+000
  1.8118873e+000
  1.8288749e+000
  1.8667971e+000
  1.9011023e+000
  1.8586318e+000
  1.8207346e+000
  1.8058791e+000
  1.8538194e+000
  1.8493862e+000
  1.8146560e+000
  1.9063056e+000
  1.8668978e+000
  1.8201544e+000
  1.8536556e+000
  1.8242745e+000
  1.8163854e+000
  1.8611825e+000
  1.8772162e+000
  1.8695947e+000
  1.8542421e+000
  1.8370208e+000
  1.8454199e+000
  1.7833706e+000
  1.8484964e+000
  1.8170288e+000
  1.8506637e+000
  1.8901567e+000
  1.8209537e+000
  1.9116694e+000
  1.8679680e+000
  1.9052816e+000
  1.8259432e+000
  1.8927840e+000
  1.8205474e+000
  1.8386157e+000
  1.8232367e+000
  1.7940619e+000
  1.8498094e+000
  1.8006687e+000
  1.8508500e+000
  1.8096409e+000
  1.7998645e+000
  1.8485458e+000
  1.7889464e+000
  1.8299265e+000
  1.8195664e+000
  1.7853041e+000
  1.8273358e+000
  1.8197196e+000
  1.7944843e+000
  1.8599928e+000
  1.8557722e+000
  1.8110080e+000
  1.8538066e+000
  1.8842408e+000
  1.8384921e+000
  1.8758809e+000
  1.8973628e+000
  1.8815777e+000
  1.8120007e+000
  1.8301945e+000
  1.8288763e+000
  1.8442464e+000
  1.8150330e+000
  1.8336890e+000
  1.8496966e+000
  1.9083526e+000
  1.8765053e+000
  1.8273146e+000
  1.7963579e+000
  1.8321045e+000
  1.8929585e+000
  1.8941093e+000
  1.8512263e+000
  1.8343235e+000
  1.8095199e+000
  1.8593801e+000
  1.8273337e+000
  1.8145490e+000
  1.8252055e+000
  1.8899375e+000
  1.8657013e+000
  1.8571684e+000
  1.8666803e+000
  1.9002930e+000
  1.8541356e+000
  1.8109734e+000
  1.8467687e+000
  1.8209559e+000
  1.8152483e+000
  1.8317662e+000
  1.8504612e+000
  1.7944011e+000
  1.8385987e+000
  1.8496607e+000
  1.7954600e+000
  1.8538641e+000
  1.8254085e+000
  1.8129616e+000
  1.8521297e+000
  1.8005644e+000
  1.8417579e+000
  1.8181391e+000
  1.8373429e+000
  1.8329283e+000
  1.8545524e+000
  1.8517998e+000
  1.8400262e+000
  1.8970591e+000
  1.8639188e+000
  1.8924457e+000
  1.8707923e+000
  1.8567561e+000
  1.8670587e+000
  1.8398353e+000
  1.8474655e+000
  1.7896998e+000
  1.8385068e+000
  1.8258760e+000
  1.8802109e+000
  1.8823284e+000
  1.8555524e+000
  1.8896012e+000
  1.8123220e+000
  1.8136801e+000
  1.8453427e+000
  1.8120169e+000
  1.8595286e+000
  1.8935724e+000
  1.8579597e+000
  1.8463194e+000
  1.8634170e+000
  1.8073990e+000
  1.8018452e+000
  1.8792521e+000
  1.8975103e+000
  1.8795601e+000
  1.8239771e+000
  1.8272536e+000
  1.8453517e+000
  1.8633102e+000
  1.8658925e+000
  1.8463567e+000
  1.8569664e+000
  1.8525910e+000
  1.8554706e+000
  1.8733739e+000
  1.8504581e+000
  1.8520168e+000
  1.8369217e+000
  1.8054121e+000
  1.8008051e+000
  1.8395821e+000
  1.8754525e+000
  1.9208785e+000
  1.8691607e+000
  1.8418126e+000
  1.8726793e+000
