  1.7483427e+000
  1.7547635e+000
  1.7998391e+000
  1.8355931e+000
  1.8101658e+000
  1.8124986e+000
  1.7818027e+000
  1.8219625e+000
  1.7651316e+000
  1.7780833e+000
  1.8432519e+000
  1.8472309e+000
  1.8008551e+000
  1.7948653e+000
  1.7882444e+000
  1.7737477e+000
  1.8151024e+000
  1.8104603e+000
  1.7909004e+000
  1.8492595e+000
  1.7939646e+000
  1.7732530e+000
  1.8171132e+000
  1.7515985e+000
  1.8011856e+000
  1.7894643e+000
  1.8170930e+000
  1.8535524e+000
  1.8471130e+000
  1.8024555e+000
  1.8284428e+000
  1.8116188e+000
  1.8041639e+000
  1.7845568e+000
  1.7899583e+000
  1.7583212e+000
  1.7788497e+000
  1.7370260e+000
  1.8097637e+000
  1.7703080e+000
  1.8460451e+000
  1.7962854e+000
  1.7704195e+000
  1.8197543e+000
  1.7905689e+000
  1.8221653e+000
  1.8136897e+000
  1.7749765e+000
  1.8008851e+000
  1.7767574e+000
  1.7940782e+000
  1.8375706e+000
  1.7991415e+000
  1.7672546e+000
  1.7960477e+000
  1.7823343e+000
  1.7551999e+000
  1.7732572e+000
  1.8209793e+000
  1.7828150e+000
  1.7713535e+000
  1.8066132e+000
  1.8708369e+000
  1.8037575e+000
  1.7746784e+000
  1.7867447e+000
  1.8032950e+000
  1.8043131e+000
  1.8053191e+000
  1.7919869e+000
  1.8241368e+000
  1.8086119e+000
  1.8218651e+000
  1.7987309e+000
  1.7929361e+000
  1.7901105e+000
  1.7961177e+000
  1.7819575e+000
  1.7892654e+000
  1.8161886e+000
  1.8622215e+000
  1.8316384e+000
  1.7952680e+000
  1.7756546e+000
  1.8311753e+000
  1.8076669e+000
  1.7605644e+000
  1.7806749e+000
  1.8018389e+000
  1.7563776e+000
  1.7617276e+000
  1.8495013e+000
  1.7690708e+000
  1.7841611e+000
  1.8165297e+000
  1.7870636e+000
  1.8077429e+000
  1.8154439e+000
  1.7834233e+000
  1.8453285e+000
  1.8103915e+000
  1.7818596e+000
  1.8107788e+000
  1.7733558e+000
  1.8283123e+000
  1.7565433e+000
  1.7942505e+000
  1.7856622e+000
  1.7693180e+000
  1.7804799e+000
  1.7903439e+000
  1.8218366e+000
  1.8088189e+000
  1.8207518e+000
  1.8107721e+000
  1.8285809e+000
  1.8435249e+000
  1.7898188e+000
  1.7959312e+000
  1.7538437e+000
  1.8190160e+000
  1.7916619e+000
  1.7915343e+000
  1.8355829e+000
  1.8068846e+000
  1.8392039e+000
  1.8046719e+000
  1.7800567e+000
  1.8001632e+000
  1.7819813e+000
  1.7814160e+000
  1.8516845e+000
  1.8382474e+000
  1.7889731e+000
  1.7933715e+000
  1.8063589e+000
  1.8051960e+000
  1.7973762e+000
  1.8564044e+000
  1.8251952e+000
  1.8071623e+000
  1.7584887e+000
  1.7739012e+000
  1.8214114e+000
  1.8664084e+000
  1.8449505e+000
  1.7928100e+000
  1.7463649e+000
  1.7659129e+000
  1.8100784e+000
  1.8629293e+000
  1.8626733e+000
  1.8248330e+000
  1.7734027e+000
  1.7909865e+000
  1.8107443e+000
  1.8298483e+000
  1.7798199e+000
  1.7589522e+000
  1.7784798e+000
