  1.7412047e+000
  1.7295427e+000
  1.7868523e+000
  1.7300840e+000
  1.7648231e+000
  1.8131780e+000
  1.7189653e+000
  1.7331060e+000
  1.7518639e+000
  1.7973252e+000
  1.7783979e+000
  1.7512646e+000
  1.7765236e+000
  1.7187784e+000
  1.7113426e+000
  1.8076848e+000
  1.7820094e+000
  1.7405990e+000
  1.8062116e+000
  1.7066232e+000
  1.7562697e+000
  1.7408836e+000
  1.7449305e+000
  1.7901849e+000
  1.7517593e+000
  1.7975860e+000
  1.7726799e+000
  1.8191766e+000
  1.7606830e+000
  1.7391175e+000
  1.7398853e+000
  1.7394453e+000
  1.7396640e+000
  1.7418090e+000
  1.7210672e+000
  1.7550523e+000
  1.7452318e+000
  1.7812619e+000
  1.7747118e+000
  1.8053173e+000
  1.7927459e+000
  1.7759349e+000
  1.7603291e+000
  1.7777423e+000
  1.8166246e+000
  1.7688876e+000
  1.7976612e+000
  1.7812818e+000
  1.7517702e+000
  1.7972662e+000
  1.8254206e+000
  1.7671350e+000
  1.7595420e+000
  1.7823535e+000
  1.7591052e+000
  1.7606420e+000
  1.8017558e+000
  1.7691250e+000
  1.7149857e+000
  1.7214356e+000
  1.7395549e+000
  1.7420350e+000
  1.7450355e+000
  1.7381173e+000
  1.7945956e+000
  1.8239371e+000
  1.7749095e+000
  1.7520249e+000
  1.7131326e+000
  1.7401141e+000
  1.7795856e+000
  1.7668732e+000
  1.7776784e+000
  1.7276085e+000
  1.7358078e+000
  1.7361347e+000
  1.7799290e+000
  1.8222870e+000
  1.7987612e+000
  1.7600824e+000
  1.7401394e+000
  1.7500183e+000
  1.7542497e+000
  1.7176057e+000
  1.7395333e+000
  1.7882926e+000
  1.7843359e+000
  1.7663584e+000
  1.7739569e+000
  1.8031010e+000
  1.7842645e+000
  1.7827149e+000
  1.7839443e+000
  1.7718040e+000
  1.7538589e+000
  1.7931300e+000
  1.7658001e+000
  1.7527143e+000
  1.7915226e+000
  1.7701136e+000
  1.7997270e+000
  1.7716347e+000
  1.7589885e+000
  1.8102859e+000
  1.7685235e+000
  1.7781215e+000
  1.7559543e+000
  1.7803837e+000
  1.7373800e+000
  1.7471331e+000
  1.7357353e+000
  1.7371642e+000
  1.7355279e+000
  1.7451936e+000
  1.7597046e+000
  1.7823992e+000
  1.7693707e+000
  1.8016539e+000
  1.7481218e+000
  1.7974700e+000
  1.7348454e+000
  1.7612188e+000
  1.7461202e+000
  1.7290643e+000
  1.8010998e+000
  1.7725564e+000
  1.7839340e+000
  1.8158243e+000
  1.7234053e+000
  1.7202753e+000
  1.7682158e+000
  1.7531337e+000
  1.7816508e+000
  1.8121490e+000
  1.7721573e+000
  1.7174981e+000
  1.7372670e+000
  1.7915834e+000
  1.7964319e+000
  1.7558995e+000
  1.7651072e+000
  1.7779315e+000
  1.7603542e+000
  1.7484651e+000
  1.7681171e+000
  1.7720553e+000
  1.7806104e+000
  1.7469291e+000
  1.7451099e+000
  1.7688007e+000
  1.7854449e+000
  1.7697023e+000
  1.7267692e+000
  1.7140711e+000
  1.7333686e+000
  1.7831071e+000
  1.7956156e+000
  1.7828772e+000
  1.7761152e+000
  1.7782571e+000
