  1.6970604e+000
  1.6466669e+000
  1.7852081e+000
  1.7216401e+000
  1.7393518e+000
  1.6739436e+000
  1.6696090e+000
  1.7739554e+000
  1.7331479e+000
  1.6946144e+000
  1.7480171e+000
  1.6955216e+000
  1.6772763e+000
  1.6971674e+000
  1.7252333e+000
  1.7080058e+000
  1.7601398e+000
  1.7204091e+000
  1.6969303e+000
  1.6847937e+000
  1.6947797e+000
  1.6992516e+000
  1.7814838e+000
  1.7035410e+000
  1.7827604e+000
  1.6999868e+000
  1.7495866e+000
  1.6951911e+000
  1.7024956e+000
  1.6748510e+000
  1.6827791e+000
  1.7090230e+000
  1.7218179e+000
  1.7190828e+000
  1.7227732e+000
  1.7154113e+000
  1.7779582e+000
  1.7166615e+000
  1.7829541e+000
  1.7072460e+000
  1.7386588e+000
  1.7077344e+000
  1.6885033e+000
  1.7543391e+000
  1.6931416e+000
  1.7059355e+000
  1.7339796e+000
  1.6618210e+000
  1.7321722e+000
  1.7307548e+000
  1.6810125e+000
  1.6992560e+000
  1.7058511e+000
  1.6820472e+000
  1.7204568e+000
  1.7656654e+000
  1.7474863e+000
  1.7203470e+000
  1.7352125e+000
  1.7694313e+000
  1.7156424e+000
  1.6990579e+000
  1.7146316e+000
  1.7154695e+000
  1.7048933e+000
  1.6870774e+000
  1.6966269e+000
  1.7647390e+000
  1.7364612e+000
  1.7390376e+000
  1.6847605e+000
  1.6550571e+000
  1.6859132e+000
  1.7253652e+000
  1.7893851e+000
  1.7428282e+000
  1.6948519e+000
  1.6894949e+000
  1.6915656e+000
  1.7166006e+000
  1.7069547e+000
  1.6890775e+000
  1.7093207e+000
  1.7361827e+000
  1.7482719e+000
  1.7202362e+000
  1.7213636e+000
  1.7774348e+000
  1.7313165e+000
  1.7105781e+000
  1.7503937e+000
  1.7128532e+000
  1.6809997e+000
  1.7187786e+000
  1.7245977e+000
  1.6759775e+000
  1.7170386e+000
  1.7039180e+000
  1.6824408e+000
  1.7334883e+000
  1.6790584e+000
  1.7168261e+000
  1.7455823e+000
  1.7162936e+000
  1.7730695e+000
  1.7134918e+000
  1.7741402e+000
  1.7220381e+000
  1.7474363e+000
  1.7242964e+000
  1.7284934e+000
  1.6883951e+000
  1.6989014e+000
  1.6861416e+000
  1.7158041e+000
  1.6824540e+000
  1.7314587e+000
  1.7015270e+000
  1.7797480e+000
  1.7284738e+000
  1.7288024e+000
  1.7161753e+000
  1.6848922e+000
  1.7230535e+000
  1.6886097e+000
  1.7296611e+000
  1.7614590e+000
  1.7116957e+000
  1.7362297e+000
  1.7004255e+000
  1.6858254e+000
  1.7165927e+000
  1.7546589e+000
  1.7290985e+000
  1.7149424e+000
  1.7393401e+000
  1.6843551e+000
  1.6811606e+000
  1.7202793e+000
  1.7844781e+000
  1.7458558e+000
  1.6978033e+000
  1.6745121e+000
  1.7295658e+000
  1.7642672e+000
  1.7523066e+000
  1.7188139e+000
  1.6809141e+000
  1.6731405e+000
  1.7254017e+000
  1.7651875e+000
  1.7751651e+000
  1.7253548e+000
  1.7053263e+000
  1.6981047e+000
  1.7244724e+000
  1.7188790e+000
  1.7103352e+000
  1.6726722e+000
  1.6731605e+000
