  1.6349709e+000
  1.5780670e+000
  1.6898508e+000
  1.6287114e+000
  1.6354859e+000
  1.5579825e+000
  1.6361717e+000
  1.7097725e+000
  1.6321472e+000
  1.5957133e+000
  1.6361485e+000
  1.6269649e+000
  1.6280565e+000
  1.6187443e+000
  1.6757685e+000
  1.6093776e+000
  1.6607912e+000
  1.6157030e+000
  1.6000852e+000
  1.6597530e+000
  1.6189422e+000
  1.6959951e+000
  1.6222694e+000
  1.5970662e+000
  1.6678765e+000
  1.5653946e+000
  1.6319292e+000
  1.5878689e+000
  1.6775186e+000
  1.6357725e+000
  1.6520224e+000
  1.6278457e+000
  1.6673741e+000
  1.5979795e+000
  1.6404021e+000
  1.5876212e+000
  1.6243284e+000
  1.5866120e+000
  1.6058880e+000
  1.6112661e+000
  1.6085165e+000
  1.6748562e+000
  1.6077277e+000
  1.6384252e+000
  1.6701043e+000
  1.6101898e+000
  1.6979031e+000
  1.6498793e+000
  1.6404724e+000
  1.6807780e+000
  1.6558385e+000
  1.6162350e+000
  1.6903146e+000
  1.6474827e+000
  1.6163294e+000
  1.6554994e+000
  1.6520509e+000
  1.5971148e+000
  1.5940468e+000
  1.6383671e+000
  1.6403085e+000
  1.6085916e+000
  1.6052585e+000
  1.6364185e+000
  1.6785519e+000
  1.6540994e+000
  1.6440876e+000
  1.6098876e+000
  1.6095407e+000
  1.6376334e+000
  1.6444138e+000
  1.6390579e+000
  1.6321400e+000
  1.6547830e+000
  1.5980762e+000
  1.6132262e+000
  1.6413062e+000
  1.6865281e+000
  1.6449835e+000
  1.6495676e+000
  1.5994575e+000
  1.6053529e+000
  1.6494752e+000
  1.6418515e+000
  1.5923301e+000
  1.6080729e+000
  1.6415595e+000
  1.6570756e+000
  1.6006642e+000
  1.6535801e+000
  1.6567222e+000
  1.6409513e+000
  1.6409850e+000
  1.6516637e+000
  1.6514533e+000
  1.6370685e+000
  1.6781116e+000
  1.6350440e+000
  1.6613057e+000
  1.6569177e+000
  1.6138339e+000
  1.6746760e+000
  1.6099471e+000
  1.6226214e+000
  1.6140121e+000
  1.5939895e+000
  1.6350052e+000
  1.5856714e+000
  1.6458235e+000
  1.6154915e+000
  1.6487334e+000
  1.6505298e+000
  1.6886607e+000
  1.6240984e+000
  1.6562045e+000
  1.6093588e+000
  1.6406906e+000
  1.5806787e+000
  1.6234259e+000
  1.6177469e+000
  1.6625675e+000
  1.6647744e+000
  1.6224804e+000
  1.6383991e+000
  1.6063911e+000
  1.6220731e+000
  1.6308325e+000
  1.6152036e+000
  1.6548374e+000
  1.6621473e+000
  1.6186775e+000
  1.6074331e+000
  1.6180725e+000
  1.6149556e+000
  1.6589483e+000
  1.6870570e+000
  1.6396888e+000
  1.5827341e+000
  1.5989046e+000
  1.6500774e+000
  1.6645020e+000
  1.6278140e+000
  1.6100479e+000
  1.6319976e+000
  1.6222750e+000
  1.6599206e+000
  1.6395369e+000
  1.6192722e+000
  1.5991589e+000
  1.6289625e+000
  1.6408691e+000
  1.6846433e+000
  1.6774979e+000
  1.6295421e+000
  1.6222188e+000
  1.6378177e+000
  1.6497593e+000
  1.6411183e+000
  1.5919656e+000
  1.5849398e+000
