  1.5738026e+000
  1.5283846e+000
  1.5425278e+000
  1.5701861e+000
  1.5325943e+000
  1.5335189e+000
  1.5608000e+000
  1.6174776e+000
  1.5337878e+000
  1.5120000e+000
  1.5624549e+000
  1.5188585e+000
  1.5576754e+000
  1.5280772e+000
  1.5657961e+000
  1.5172978e+000
  1.5611648e+000
  1.5366057e+000
  1.5626650e+000
  1.5930119e+000
  1.5099782e+000
  1.5686088e+000
  1.5053532e+000
  1.5503202e+000
  1.5492166e+000
  1.5274520e+000
  1.6130055e+000
  1.5328725e+000
  1.6044748e+000
  1.5092787e+000
  1.5753747e+000
  1.5035389e+000
  1.5912386e+000
  1.5159142e+000
  1.6012427e+000
  1.5322621e+000
  1.6047543e+000
  1.5712594e+000
  1.5683789e+000
  1.5770013e+000
  1.5549351e+000
  1.5771336e+000
  1.5110280e+000
  1.5422806e+000
  1.5547242e+000
  1.4995303e+000
  1.5415548e+000
  1.5469239e+000
  1.5207656e+000
  1.5291915e+000
  1.5235190e+000
  1.5039775e+000
  1.5396839e+000
  1.5471779e+000
  1.5257296e+000
  1.5281064e+000
  1.5463645e+000
  1.5646198e+000
  1.5363405e+000
  1.5526309e+000
  1.5752900e+000
  1.5881344e+000
  1.5732818e+000
  1.5431231e+000
  1.5318654e+000
  1.5467265e+000
  1.5672521e+000
  1.5144621e+000
  1.5238889e+000
  1.5571211e+000
  1.5884748e+000
  1.5788337e+000
  1.5946611e+000
  1.5417003e+000
  1.5139217e+000
  1.5464853e+000
  1.5543336e+000
  1.5582515e+000
  1.5436002e+000
  1.5549669e+000
  1.5708502e+000
  1.5830327e+000
  1.5916131e+000
  1.5506699e+000
  1.5280054e+000
  1.5520362e+000
  1.5508241e+000
  1.5252985e+000
  1.5142711e+000
  1.5560674e+000
  1.5383779e+000
  1.5218582e+000
  1.5471387e+000
  1.5468736e+000
  1.5161070e+000
  1.5341488e+000
  1.5490864e+000
  1.5203872e+000
  1.5731671e+000
  1.5325736e+000
  1.5484606e+000
  1.5676943e+000
  1.5391021e+000
  1.5784322e+000
  1.5689965e+000
  1.5573733e+000
  1.5804063e+000
  1.5522266e+000
  1.5665750e+000
  1.5242604e+000
  1.5425235e+000
  1.5148619e+000
  1.5506892e+000
  1.5178181e+000
  1.5841990e+000
  1.5454401e+000
  1.6031517e+000
  1.5680263e+000
  1.5891685e+000
  1.5304869e+000
  1.5150971e+000
  1.5524786e+000
  1.5352370e+000
  1.6125635e+000
  1.5713945e+000
  1.5720347e+000
  1.5676655e+000
  1.5271548e+000
  1.5415206e+000
  1.5890257e+000
  1.5495423e+000
  1.5852027e+000
  1.5542324e+000
  1.5124644e+000
  1.5276171e+000
  1.5612692e+000
  1.5969600e+000
  1.5449480e+000
  1.5233804e+000
  1.5604092e+000
  1.5549098e+000
  1.5531467e+000
  1.5458335e+000
  1.5507058e+000
  1.5546510e+000
  1.5581176e+000
  1.5726565e+000
  1.5444318e+000
  1.5387451e+000
  1.5330992e+000
  1.5597661e+000
  1.5897604e+000
  1.5860975e+000
  1.5687646e+000
  1.5242396e+000
  1.5464527e+000
  1.5542083e+000
  1.5457559e+000
  1.5306737e+000
  1.5170054e+000
