  1.5982545e+000
  1.5376063e+000
  1.4632634e+000
  1.4878677e+000
  1.5175625e+000
  1.5919130e+000
  1.4810492e+000
  1.5167613e+000
  1.5106133e+000
  1.4741140e+000
  1.5212535e+000
  1.4754961e+000
  1.5715799e+000
  1.4718674e+000
  1.5026434e+000
  1.5099902e+000
  1.5054889e+000
  1.5290251e+000
  1.5322159e+000
  1.4847278e+000
  1.4948685e+000
  1.4953202e+000
  1.4958734e+000
  1.5265605e+000
  1.5126196e+000
  1.5460662e+000
  1.5241793e+000
  1.5198049e+000
  1.4727091e+000
  1.4846956e+000
  1.5042050e+000
  1.5235879e+000
  1.5312905e+000
  1.5215216e+000
  1.5440852e+000
  1.5161334e+000
  1.5412207e+000
  1.4935061e+000
  1.5306764e+000
  1.4853927e+000
  1.5264552e+000
  1.4854360e+000
  1.4808152e+000
  1.5120883e+000
  1.4721456e+000
  1.5027591e+000
  1.4901210e+000
  1.5120855e+000
  1.5365207e+000
  1.5060107e+000
  1.4911967e+000
  1.5533928e+000
  1.5296650e+000
  1.4924062e+000
  1.5008658e+000
  1.5386263e+000
  1.4913243e+000
  1.4743206e+000
  1.4894843e+000
  1.5297574e+000
  1.4920462e+000
  1.4738101e+000
  1.4956916e+000
  1.5311952e+000
  1.5229183e+000
  1.5183474e+000
  1.5319008e+000
  1.4869748e+000
  1.5357103e+000
  1.5434349e+000
  1.5257746e+000
  1.5066242e+000
  1.5309844e+000
  1.5070862e+000
  1.5302480e+000
  1.5219655e+000
  1.5165085e+000
  1.5213800e+000
  1.5366941e+000
  1.5425489e+000
  1.5209417e+000
  1.4764147e+000
  1.5044309e+000
  1.5193719e+000
  1.5019778e+000
  1.4779928e+000
  1.5024763e+000
  1.5337974e+000
  1.5141087e+000
  1.5022839e+000
  1.5350987e+000
  1.5244828e+000
  1.5061541e+000
  1.5270934e+000
  1.5186131e+000
  1.4921901e+000
  1.5164933e+000
  1.5258015e+000
  1.4942552e+000
  1.5142905e+000
  1.5057704e+000
  1.4776238e+000
  1.5396443e+000
  1.4816385e+000
  1.5314702e+000
  1.5138914e+000
  1.5191449e+000
  1.5535663e+000
  1.5197538e+000
  1.5595236e+000
  1.5084928e+000
  1.5382613e+000
  1.4833224e+000
  1.5303797e+000
  1.4946276e+000
  1.5366146e+000
  1.5046018e+000
  1.5467475e+000
  1.5569502e+000
  1.5360837e+000
  1.5035442e+000
  1.4897903e+000
  1.5266617e+000
  1.5116492e+000
  1.5429219e+000
  1.5684176e+000
  1.5210174e+000
  1.5195460e+000
  1.4969194e+000
  1.4940117e+000
  1.5536286e+000
  1.5608872e+000
  1.5246417e+000
  1.5336390e+000
  1.5022569e+000
  1.4860860e+000
  1.5234850e+000
  1.5889608e+000
  1.5245206e+000
  1.4872775e+000
  1.5066083e+000
  1.5571569e+000
  1.5525310e+000
  1.5205428e+000
  1.4854211e+000
  1.5005171e+000
  1.5450729e+000
  1.5747701e+000
  1.5557881e+000
  1.5020387e+000
  1.5025149e+000
  1.5144726e+000
  1.5338398e+000
  1.5062045e+000
  1.5100891e+000
  1.5401773e+000
  1.5274446e+000
  1.5504955e+000
  1.5219665e+000
  1.5263348e+000
