  4.1285177e+003
  4.1181320e+003
  4.1439619e+003
  4.1869671e+003
  4.2185333e+003
  4.2157721e+003
  4.1734007e+003
  4.1061913e+003
  4.0410331e+003
  4.0030244e+003
  4.0029245e+003
  4.0323364e+003
  4.0688006e+003
  4.0878611e+003
  4.0757642e+003
  4.0363984e+003
  3.9892034e+003
  3.9593655e+003
  3.9653322e+003
  4.0098052e+003
  4.0784924e+003
  4.1470497e+003
  4.1926916e+003
  4.2047600e+003
  4.1891213e+003
  4.1643266e+003
  4.1515441e+003
  4.1633672e+003
  4.1971376e+003
  4.2361069e+003
  4.2577687e+003
  4.2451133e+003
  4.1952396e+003
  4.1212900e+003
  4.0470845e+003
  3.9972571e+003
  3.9874645e+003
  4.0187677e+003
  4.0781375e+003
  4.1444019e+003
  4.1969138e+003
  4.2233649e+003
  4.2236667e+003
  4.2084460e+003
  4.1929677e+003
  4.1893278e+003
  4.2005902e+003
  4.2196160e+003
  4.2330089e+003
  4.2280899e+003
  4.1994778e+003
  4.1523159e+003
  4.1009656e+003
  4.0639663e+003
  4.0573123e+003
  4.0883899e+003
  4.1525605e+003
  4.2336384e+003
  4.3084362e+003
  4.3541629e+003
  4.3561810e+003
  4.3132069e+003
  4.2379302e+003
  4.1529114e+003
  4.0834732e+003
  4.0501555e+003
  4.0629782e+003
  4.1188064e+003
  4.2022329e+003
  4.2897670e+003
  4.3564708e+003
  4.3833651e+003
  4.3633005e+003
  4.3031952e+003
  4.2217911e+003
  4.1437979e+003
  4.0925319e+003
  4.0833386e+003
  4.1194524e+003
  4.1911242e+003
  4.2782174e+003
  4.3558646e+003
  4.4019114e+003
  4.4039303e+003
  4.3632575e+003
  4.2943570e+003
  4.2196585e+003
  4.1618887e+003
  4.1367916e+003
  4.1486974e+003
  4.1901179e+003
  4.2451749e+003
  4.2956099e+003
  4.3274131e+003
  4.3357594e+003
  4.3262303e+003
  4.3115441e+003
  4.3049816e+003
  4.3134688e+003
  4.3337280e+003
  4.3535534e+003
  4.3577440e+003
  4.3359035e+003
  4.2884180e+003
  4.2277980e+003
  4.1746456e+003
  4.1497759e+003
  4.1656253e+003
  4.2205043e+003
  4.2983475e+003
  4.3745325e+003
  4.4257262e+003
  4.4396171e+003
  4.4199988e+003
  4.3844989e+003
  4.3557103e+003
  4.3498709e+003
  4.3687035e+003
  4.3986141e+003
  4.4177759e+003
  4.4076030e+003
  4.3628351e+003
  4.2951080e+003
  4.2281067e+003
  4.1865734e+003
  4.1845034e+003
  4.2183470e+003
  4.2686803e+003
  4.3097189e+003
  4.3221431e+003
  4.3029009e+003
  4.2669396e+003
  4.2397188e+003
  4.2440400e+003
  4.2878294e+003
  4.3592988e+003
  4.4323047e+003
  4.4794474e+003
  4.4862313e+003
  4.4587770e+003
  4.4207143e+003
  4.4005020e+003
  4.4155803e+003
  4.4617249e+003
  4.5135747e+003
  4.5366907e+003
  4.5055344e+003
  4.4184954e+003
  4.3022613e+003
  4.2028267e+003
  4.1668143e+003
  4.2214101e+003
  4.3619069e+003
  4.5523479e+003
  4.7388231e+003
  4.8694732e+003
  4.9127682e+003
  4.8671056e+003
  4.7590987e+003
  4.6326586e+003
