  1.5235169e+000
  1.4091221e+000
  1.4233021e+000
  1.4032279e+000
  1.5195946e+000
  1.4629544e+000
  1.4170511e+000
  1.3980066e+000
  1.4497338e+000
  1.4622847e+000
  1.4717191e+000
  1.4243755e+000
  1.4666532e+000
  1.4140762e+000
  1.4696666e+000
  1.4496137e+000
  1.4582811e+000
  1.4717805e+000
  1.4467944e+000
  1.4033945e+000
  1.4879959e+000
  1.4701319e+000
  1.4695426e+000
  1.4648586e+000
  1.4562213e+000
  1.4369918e+000
  1.4301689e+000
  1.4741633e+000
  1.4336837e+000
  1.5070553e+000
  1.4923806e+000
  1.4732619e+000
  1.4619869e+000
  1.4500798e+000
  1.4596795e+000
  1.4466695e+000
  1.4518033e+000
  1.4624011e+000
  1.4855193e+000
  1.4875240e+000
  1.5198085e+000
  1.5202693e+000
  1.4460449e+000
  1.5469616e+000
  1.4824024e+000
  1.5000682e+000
  1.5112296e+000
  1.4962205e+000
  1.4711895e+000
  1.5007510e+000
  1.4752033e+000
  1.4627989e+000
  1.4937176e+000
  1.5001436e+000
  1.4666883e+000
  1.4892151e+000
  1.5287952e+000
  1.5048098e+000
  1.4911807e+000
  1.5314566e+000
  1.5563622e+000
  1.5417966e+000
  1.5212173e+000
  1.5217660e+000
  1.5361369e+000
  1.5113634e+000
  1.5053848e+000
  1.4754842e+000
  1.4960600e+000
  1.5022584e+000
  1.5173370e+000
  1.5704015e+000
  1.5609323e+000
  1.5240990e+000
  1.5078390e+000
  1.4937875e+000
  1.5142582e+000
  1.5353293e+000
  1.5637611e+000
  1.5253259e+000
  1.5481905e+000
  1.5506608e+000
  1.5906395e+000
  1.5546019e+000
  1.5240848e+000
  1.5482670e+000
  1.5745632e+000
  1.5468703e+000
  1.5281946e+000
  1.5386411e+000
  1.5744315e+000
  1.5254846e+000
  1.5449949e+000
  1.5777155e+000
  1.5467730e+000
  1.5424512e+000
  1.5662327e+000
  1.5470470e+000
  1.5658588e+000
  1.5756469e+000
  1.5675783e+000
  1.5886725e+000
  1.5960590e+000
  1.5528891e+000
  1.6137972e+000
  1.5597072e+000
  1.5710520e+000
  1.5572266e+000
  1.5602520e+000
  1.5631577e+000
  1.5631998e+000
  1.5960721e+000
  1.5717160e+000
  1.6130877e+000
  1.5803214e+000
  1.5758378e+000
  1.5519664e+000
  1.5588195e+000
  1.5669401e+000
  1.5897782e+000
  1.6322693e+000
  1.5947247e+000
  1.5954926e+000
  1.5599083e+000
  1.5700244e+000
  1.5946077e+000
  1.5847358e+000
  1.6214770e+000
  1.6004862e+000
  1.5582723e+000
  1.5837254e+000
  1.5774123e+000
  1.5924242e+000
  1.6131349e+000
  1.6116616e+000
  1.5656952e+000
  1.5778598e+000
  1.6197435e+000
  1.6538112e+000
  1.5877744e+000
  1.5624475e+000
  1.6012661e+000
  1.6361027e+000
  1.6170821e+000
  1.5833373e+000
  1.5524939e+000
  1.5928193e+000
  1.6382441e+000
  1.6257469e+000
  1.5796830e+000
  1.5755695e+000
  1.5799563e+000
  1.5990592e+000
  1.6011513e+000
  1.5690065e+000
  1.5724107e+000
  1.6414407e+000
  1.6593872e+000
  1.6133022e+000
  1.5950731e+000
