  1.3978797e+000
  1.3782790e+000
  1.4069885e+000
  1.4079616e+000
  1.4580307e+000
  1.4386229e+000
  1.4317359e+000
  1.4064581e+000
  1.5072657e+000
  1.4364104e+000
  1.4592573e+000
  1.4560541e+000
  1.4880901e+000
  1.4769606e+000
  1.5101509e+000
  1.5274741e+000
  1.4819908e+000
  1.5222643e+000
  1.5440543e+000
  1.5533108e+000
  1.5769243e+000
  1.5343539e+000
  1.5513907e+000
  1.5285015e+000
  1.5981898e+000
  1.6005719e+000
  1.6126922e+000
  1.6674071e+000
  1.5945530e+000
  1.6361365e+000
  1.6327073e+000
  1.6500208e+000
  1.6557951e+000
  1.7022934e+000
  1.7313393e+000
  1.7046840e+000
  1.7185443e+000
  1.7482259e+000
  1.7476174e+000
  1.7507727e+000
  1.7300351e+000
  1.7565517e+000
  1.7662750e+000
  1.8211237e+000
  1.7902302e+000
  1.8535761e+000
  1.8691470e+000
  1.8700692e+000
  1.8971357e+000
  1.8817698e+000
  1.9171173e+000
  1.9219962e+000
  1.9578604e+000
  1.9735398e+000
  1.9477781e+000
  1.9907120e+000
  2.0252512e+000
  1.9987359e+000
  2.0075916e+000
  2.0145267e+000
  2.0496614e+000
  2.0526289e+000
  2.0291394e+000
  2.0501185e+000
  2.0716461e+000
  2.0985592e+000
  2.1438314e+000
  2.1438589e+000
  2.1296850e+000
  2.1715646e+000
  2.2169091e+000
  2.1903485e+000
  2.2165061e+000
  2.2109860e+000
  2.2290349e+000
  2.2307918e+000
  2.2385923e+000
  2.2723009e+000
  2.2750727e+000
  2.2658721e+000
  2.2951745e+000
  2.3367405e+000
  2.3474288e+000
  2.3714816e+000
  2.3624009e+000
  2.4087655e+000
  2.4068399e+000
  2.4147756e+000
  2.4414946e+000
  2.4304701e+000
  2.4699864e+000
  2.4781578e+000
  2.4941347e+000
  2.4846221e+000
  2.5312413e+000
  2.5204465e+000
  2.5610463e+000
  2.5548955e+000
  2.5385399e+000
  2.5611433e+000
  2.5525347e+000
  2.5469424e+000
  2.5533966e+000
  2.5437058e+000
  2.5730180e+000
  2.6062404e+000
  2.6167239e+000
  2.6719447e+000
  2.6561500e+000
  2.7062546e+000
  2.6690957e+000
  2.6875140e+000
  2.6501682e+000
  2.6633627e+000
  2.7003730e+000
  2.7294705e+000
  2.7583687e+000
  2.7766030e+000
  2.7288566e+000
  2.7418441e+000
  2.7116207e+000
  2.7639077e+000
  2.7956545e+000
  2.8286697e+000
  2.8176834e+000
  2.7701012e+000
  2.7800248e+000
  2.8033199e+000
  2.8325564e+000
  2.8724477e+000
  2.8125181e+000
  2.7896088e+000
  2.8415266e+000
  2.8620707e+000
  2.8716841e+000
  2.8944953e+000
  2.8509233e+000
  2.8152095e+000
  2.8769750e+000
  2.9476383e+000
  2.8913727e+000
  2.8321745e+000
  2.8589184e+000
  2.9337129e+000
  2.9476171e+000
  2.9029259e+000
  2.8887086e+000
  2.8971348e+000
  2.9443292e+000
  2.9349327e+000
  2.8939371e+000
  2.9192989e+000
  2.9773781e+000
  2.9841306e+000
  2.9148404e+000
  2.8840013e+000
  2.9254125e+000
  2.9362868e+000
  2.9364734e+000
  2.9074415e+000
