  1.4145071e+000
  1.4039240e+000
  1.4876685e+000
  1.5183683e+000
  1.5056454e+000
  1.4797424e+000
  1.5603663e+000
  1.5295153e+000
  1.6082797e+000
  1.5249342e+000
  1.6183925e+000
  1.5879145e+000
  1.6314116e+000
  1.6588390e+000
  1.6636849e+000
  1.6801506e+000
  1.6947688e+000
  1.7076601e+000
  1.8020925e+000
  1.7807150e+000
  1.7854430e+000
  1.8108158e+000
  1.8133280e+000
  1.8575898e+000
  1.9532037e+000
  1.9309935e+000
  1.9732192e+000
  1.9658852e+000
  1.9629175e+000
  2.0073529e+000
  2.0898950e+000
  2.0798177e+000
  2.1366354e+000
  2.1789802e+000
  2.1665313e+000
  2.1782282e+000
  2.2101923e+000
  2.2670552e+000
  2.2543480e+000
  2.3399461e+000
  2.3188299e+000
  2.4213150e+000
  2.4569024e+000
  2.4630934e+000
  2.5162669e+000
  2.5824264e+000
  2.5357065e+000
  2.5971629e+000
  2.6405812e+000
  2.5968559e+000
  2.6946813e+000
  2.7217882e+000
  2.7272942e+000
  2.7847198e+000
  2.8119932e+000
  2.8653686e+000
  2.8694814e+000
  2.9122609e+000
  2.9921884e+000
  2.9985471e+000
  3.0257169e+000
  3.0612903e+000
  3.1199896e+000
  3.2221426e+000
  3.2090656e+000
  3.1948447e+000
  3.2306545e+000
  3.2693527e+000
  3.3068624e+000
  3.3704920e+000
  3.4046618e+000
  3.3724803e+000
  3.4546686e+000
  3.4925244e+000
  3.5248467e+000
  3.5546050e+000
  3.5801000e+000
  3.6420877e+000
  3.7069307e+000
  3.7873745e+000
  3.8042776e+000
  3.7644013e+000
  3.7475041e+000
  3.8506923e+000
  3.9109407e+000
  3.9033743e+000
  3.8560791e+000
  3.8969336e+000
  4.0301148e+000
  4.0204482e+000
  3.9952024e+000
  4.0802016e+000
  4.1562826e+000
  4.0983637e+000
  4.1937093e+000
  4.2896383e+000
  4.2658374e+000
  4.2992920e+000
  4.4323719e+000
  4.3701758e+000
  4.4336451e+000
  4.5214353e+000
  4.4040242e+000
  4.5350971e+000
  4.4632980e+000
  4.4569197e+000
  4.5437087e+000
  4.4881477e+000
  4.6464887e+000
  4.6209425e+000
  4.7772729e+000
  4.7228271e+000
  4.8088413e+000
  4.6812965e+000
  4.7586399e+000
  4.6966489e+000
  4.8741813e+000
  4.8312818e+000
  5.0090368e+000
  4.8596362e+000
  4.9469123e+000
  4.8033985e+000
  4.9314393e+000
  5.0337462e+000
  4.9899244e+000
  5.1358575e+000
  4.9363898e+000
  4.9730461e+000
  5.1175240e+000
  5.0603919e+000
  5.1779717e+000
  5.1772447e+000
  5.0182876e+000
  5.1030615e+000
  5.2999288e+000
  5.2176769e+000
  5.1045486e+000
  5.1707296e+000
  5.2714669e+000
  5.2651389e+000
  5.1943872e+000
  5.2187606e+000
  5.2922386e+000
  5.3415735e+000
  5.2831530e+000
  5.2257570e+000
  5.2263896e+000
  5.3507787e+000
  5.4843653e+000
  5.4227563e+000
  5.2588701e+000
  5.2209902e+000
  5.3194548e+000
  5.3494138e+000
  5.2988644e+000
  5.2797620e+000
  5.3895157e+000
  5.4880464e+000
  5.4490741e+000
  5.3981072e+000
