  1.5582805e+000
  1.5675679e+000
  1.6210322e+000
  1.6441067e+000
  1.6742451e+000
  1.7015237e+000
  1.7712021e+000
  1.7507602e+000
  1.8732664e+000
  1.8142623e+000
  1.8889762e+000
  1.9119671e+000
  2.0112388e+000
  2.0137506e+000
  2.0237861e+000
  2.1156091e+000
  2.1292655e+000
  2.2004929e+000
  2.3140169e+000
  2.2573146e+000
  2.3341980e+000
  2.3858445e+000
  2.4431883e+000
  2.5538657e+000
  2.6133533e+000
  2.6337562e+000
  2.6312795e+000
  2.7372778e+000
  2.7582590e+000
  2.9391694e+000
  2.9518535e+000
  3.0301955e+000
  3.0213847e+000
  3.1428974e+000
  3.0991434e+000
  3.2223047e+000
  3.3189794e+000
  3.3737690e+000
  3.5208707e+000
  3.5346615e+000
  3.6507474e+000
  3.7215872e+000
  3.7043358e+000
  3.8254422e+000
  3.8234955e+000
  3.9068687e+000
  3.9975713e+000
  3.9992324e+000
  4.1067213e+000
  4.2466551e+000
  4.2731624e+000
  4.3043322e+000
  4.4797433e+000
  4.5701771e+000
  4.5277768e+000
  4.6414691e+000
  4.7982484e+000
  4.8507846e+000
  4.8394895e+000
  4.8997480e+000
  5.0735330e+000
  5.1733484e+000
  5.1919212e+000
  5.2529015e+000
  5.3259502e+000
  5.5144530e+000
  5.7149494e+000
  5.8033840e+000
  5.8023815e+000
  5.8185814e+000
  5.8211629e+000
  5.8616494e+000
  5.9942140e+000
  6.1392452e+000
  6.3148553e+000
  6.4879513e+000
  6.5502610e+000
  6.5097142e+000
  6.4199519e+000
  6.4645374e+000
  6.6205459e+000
  6.7651188e+000
  6.8008163e+000
  6.7761090e+000
  6.8461399e+000
  7.0703097e+000
  7.2284102e+000
  7.1338094e+000
  7.1727316e+000
  7.4205105e+000
  7.5200148e+000
  7.3767645e+000
  7.4729895e+000
  7.7255079e+000
  7.6310258e+000
  7.6148674e+000
  7.9093403e+000
  7.8491641e+000
  7.8744305e+000
  8.2075265e+000
  8.1260643e+000
  8.3101538e+000
  8.5536522e+000
  8.3831008e+000
  8.7006264e+000
  8.5335017e+000
  8.5683140e+000
  8.6726189e+000
  8.4488184e+000
  8.8456175e+000
  8.6449893e+000
  9.1445470e+000
  8.9400494e+000
  9.3057261e+000
  8.9189533e+000
  9.1998821e+000
  8.8960972e+000
  9.3668745e+000
  9.1933621e+000
  9.6587612e+000
  9.3810168e+000
  9.4324706e+000
  9.4192339e+000
  9.3279317e+000
  9.8442714e+000
  9.6356736e+000
  9.7578728e+000
  9.7326877e+000
  9.4415953e+000
  9.9443964e+000
  1.0099022e+001
  9.7777727e+000
  9.9535401e+000
  9.9526589e+000
  9.8216782e+000
  1.0140506e+001
  1.0344544e+001
  9.9798564e+000
  9.8010966e+000
  1.0240368e+001
  1.0549440e+001
  1.0241419e+001
  9.9134425e+000
  1.0076265e+001
  1.0499578e+001
  1.0617793e+001
  1.0309507e+001
  1.0160507e+001
  1.0252591e+001
  1.0306038e+001
  1.0273626e+001
  1.0399065e+001
  1.0695730e+001
  1.0800312e+001
  1.0605366e+001
  1.0391508e+001
  1.0460572e+001
  1.0581565e+001
  1.0379304e+001
  1.0219200e+001
