  2.4897703e+000
  2.7358555e+000
  2.8663662e+000
  3.0739468e+000
  3.1119049e+000
  3.3317242e+000
  3.5984175e+000
  3.7655581e+000
  3.8391549e+000
  4.0571770e+000
  4.4803388e+000
  4.5543118e+000
  4.6181722e+000
  5.0085449e+000
  5.2473015e+000
  5.4933532e+000
  5.8348845e+000
  5.8270108e+000
  6.1374756e+000
  6.5610485e+000
  6.7756512e+000
  7.2302701e+000
  7.1262303e+000
  7.6374812e+000
  7.7768115e+000
  8.2920229e+000
  8.6427162e+000
  8.9363419e+000
  9.0890380e+000
  9.3261314e+000
  9.6423259e+000
  1.0172860e+001
  1.0430701e+001
  1.1140621e+001
  1.1058974e+001
  1.1782342e+001
  1.1523305e+001
  1.2175692e+001
  1.2375333e+001
  1.2680045e+001
  1.3602939e+001
  1.3565566e+001
  1.4369128e+001
  1.4863639e+001
  1.4762055e+001
  1.5595984e+001
  1.5860445e+001
  1.5679353e+001
  1.6458153e+001
  1.6920858e+001
  1.6714334e+001
  1.7252043e+001
  1.8141912e+001
  1.8216934e+001
  1.8194982e+001
  1.8968002e+001
  1.9804406e+001
  1.9896980e+001
  1.9862916e+001
  2.0435225e+001
  2.1423270e+001
  2.2048439e+001
  2.2132954e+001
  2.2280251e+001
  2.2933624e+001
  2.3940324e+001
  2.4881355e+001
  2.5367649e+001
  2.5386078e+001
  2.5232894e+001
  2.5183022e+001
  2.5422300e+001
  2.6016582e+001
  2.6962731e+001
  2.8050369e+001
  2.8982611e+001
  2.9431179e+001
  2.9321818e+001
  2.9003140e+001
  2.9142842e+001
  2.9885830e+001
  3.0819195e+001
  3.1014245e+001
  3.0646899e+001
  3.0730293e+001
  3.1857522e+001
  3.2840321e+001
  3.2596315e+001
  3.2307660e+001
  3.3445356e+001
  3.4561522e+001
  3.4086621e+001
  3.4150922e+001
  3.5861293e+001
  3.6206652e+001
  3.5669610e+001
  3.7390077e+001
  3.8182122e+001
  3.7388400e+001
  3.9158323e+001
  3.9302498e+001
  3.8361181e+001
  4.0059109e+001
  3.8810545e+001
  3.9235107e+001
  4.0302521e+001
  3.9400183e+001
  4.2061145e+001
  4.1080260e+001
  4.3032019e+001
  4.2153978e+001
  4.2492950e+001
  4.2178823e+001
  4.2381734e+001
  4.3379182e+001
  4.4098665e+001
  4.4746547e+001
  4.4884100e+001
  4.3909097e+001
  4.4952451e+001
  4.4022937e+001
  4.7096617e+001
  4.5445554e+001
  4.6977215e+001
  4.5733598e+001
  4.5406115e+001
  4.8242103e+001
  4.6886014e+001
  4.7842141e+001
  4.7981264e+001
  4.6108077e+001
  4.8671212e+001
  5.0031938e+001
  4.7545518e+001
  4.7792306e+001
  4.9843662e+001
  4.9475331e+001
  4.8603232e+001
  4.9472165e+001
  5.0236573e+001
  4.9831649e+001
  4.9374023e+001
  4.9724063e+001
  5.0662178e+001
  5.1463369e+001
  5.0932782e+001
  4.9456994e+001
  4.9039966e+001
  5.0815651e+001
  5.2808235e+001
  5.2567748e+001
  5.1261539e+001
  5.1036596e+001
  5.1290657e+001
  5.0376063e+001
  4.9308981e+001
  4.9828017e+001
  5.1026031e+001
  5.0929095e+001
  5.0333151e+001
