  3.0372918e+000
  3.3607636e+000
  3.3514446e+000
  3.5456891e+000
  3.8404923e+000
  4.2767748e+000
  4.3078151e+000
  4.4559217e+000
  4.9417348e+000
  5.2045615e+000
  5.3846828e+000
  5.7035336e+000
  6.0148936e+000
  6.1631185e+000
  6.8113916e+000
  7.1128464e+000
  7.0684203e+000
  7.6990577e+000
  7.8838280e+000
  8.4557122e+000
  8.9533513e+000
  8.8581218e+000
  9.5834261e+000
  9.5823969e+000
  1.0579103e+001
  1.0650836e+001
  1.1387609e+001
  1.1303371e+001
  1.1911176e+001
  1.2107340e+001
  1.3064032e+001
  1.3239131e+001
  1.4202974e+001
  1.4003357e+001
  1.4917566e+001
  1.4664560e+001
  1.5567205e+001
  1.6000371e+001
  1.6461715e+001
  1.7687393e+001
  1.7570846e+001
  1.8580888e+001
  1.9021981e+001
  1.8793994e+001
  1.9920237e+001
  2.0098828e+001
  2.0027747e+001
  2.1255523e+001
  2.1727315e+001
  2.1635392e+001
  2.2773680e+001
  2.3795056e+001
  2.3743062e+001
  2.4146187e+001
  2.5458397e+001
  2.6197667e+001
  2.6063484e+001
  2.6396276e+001
  2.7567409e+001
  2.8534268e+001
  2.8636538e+001
  2.8493538e+001
  2.8930508e+001
  3.0008815e+001
  3.1039198e+001
  3.1576452e+001
  3.1792078e+001
  3.2133567e+001
  3.2939494e+001
  3.4183852e+001
  3.5499012e+001
  3.6388410e+001
  3.6736972e+001
  3.6644235e+001
  3.6517260e+001
  3.6824007e+001
  3.7686824e+001
  3.8754706e+001
  3.9400672e+001
  3.9420617e+001
  3.9311050e+001
  4.0029487e+001
  4.1628406e+001
  4.3006236e+001
  4.3022592e+001
  4.2620013e+001
  4.3550677e+001
  4.5374675e+001
  4.5751534e+001
  4.4874851e+001
  4.5640522e+001
  4.7507979e+001
  4.7159924e+001
  4.6388490e+001
  4.8300672e+001
  4.9116698e+001
  4.7955853e+001
  4.9873475e+001
  5.1416389e+001
  5.0375985e+001
  5.2901692e+001
  5.3742721e+001
  5.2685931e+001
  5.5278889e+001
  5.3413809e+001
  5.4007585e+001
  5.4785890e+001
  5.3550086e+001
  5.6937461e+001
  5.5520405e+001
  5.8992958e+001
  5.7147597e+001
  5.8799989e+001
  5.6910142e+001
  5.8513893e+001
  5.8102042e+001
  6.0972246e+001
  5.9948417e+001
  6.2138155e+001
  5.8908682e+001
  6.1819585e+001
  5.9984880e+001
  6.3734221e+001
  6.3069434e+001
  6.1984121e+001
  6.3646021e+001
  6.1458790e+001
  6.5194661e+001
  6.5735000e+001
  6.2817434e+001
  6.5072096e+001
  6.5180082e+001
  6.4595256e+001
  6.7362024e+001
  6.6517719e+001
  6.3856799e+001
  6.6365548e+001
  6.9495708e+001
  6.7205550e+001
  6.4574357e+001
  6.6905451e+001
  7.0302850e+001
  6.9302118e+001
  6.6144452e+001
  6.6155735e+001
  6.9010462e+001
  7.0487054e+001
  6.9600656e+001
  6.9012763e+001
  6.9011928e+001
  6.7864124e+001
  6.6756664e+001
  6.8067938e+001
  7.0617710e+001
  7.1172964e+001
  7.0329185e+001
  7.1024175e+001
  7.2482433e+001
  7.1997248e+001
  7.0690673e+001
