  3.3484551e+000
  3.6256961e+000
  3.8488061e+000
  4.1546989e+000
  4.3561242e+000
  4.6806405e+000
  4.9902674e+000
  5.2822294e+000
  5.5102261e+000
  5.9591310e+000
  6.4484224e+000
  6.3920299e+000
  6.8785929e+000
  7.5542842e+000
  7.6918124e+000
  8.1205699e+000
  8.5110469e+000
  8.6648613e+000
  9.6566007e+000
  9.8009355e+000
  1.0194439e+001
  1.0654644e+001
  1.0856156e+001
  1.1929199e+001
  1.2015318e+001
  1.2956334e+001
  1.2699467e+001
  1.3660011e+001
  1.3702461e+001
  1.5022575e+001
  1.5054981e+001
  1.6260002e+001
  1.5890402e+001
  1.6973284e+001
  1.6843745e+001
  1.7893210e+001
  1.8622011e+001
  1.9043896e+001
  2.0486589e+001
  2.0168784e+001
  2.1244985e+001
  2.1635998e+001
  2.1430813e+001
  2.2834831e+001
  2.3027474e+001
  2.3324508e+001
  2.4979121e+001
  2.5392171e+001
  2.5619168e+001
  2.7256980e+001
  2.8117659e+001
  2.7928726e+001
  2.8959642e+001
  3.0473698e+001
  3.0739416e+001
  3.0661626e+001
  3.1734293e+001
  3.3307894e+001
  3.3888083e+001
  3.3756883e+001
  3.4143802e+001
  3.5454099e+001
  3.6772242e+001
  3.7336825e+001
  3.7162857e+001
  3.7033896e+001
  3.7473513e+001
  3.8458155e+001
  3.9643419e+001
  4.0722107e+001
  4.1626590e+001
  4.2361858e+001
  4.3073128e+001
  4.3630569e+001
  4.3945406e+001
  4.4104184e+001
  4.4443984e+001
  4.5438252e+001
  4.7181542e+001
  4.9077002e+001
  5.0109045e+001
  4.9992731e+001
  4.9830106e+001
  5.0979907e+001
  5.3006908e+001
  5.3976754e+001
  5.3309026e+001
  5.3307000e+001
  5.5419223e+001
  5.6949374e+001
  5.6007810e+001
  5.5999926e+001
  5.8447590e+001
  5.8812040e+001
  5.7243929e+001
  5.8871026e+001
  6.0214380e+001
  5.8302613e+001
  5.9757580e+001
  6.1662615e+001
  6.0113470e+001
  6.3033683e+001
  6.4425905e+001
  6.3543524e+001
  6.7110380e+001
  6.4963261e+001
  6.6054821e+001
  6.6188021e+001
  6.4817317e+001
  6.8224733e+001
  6.6624273e+001
  7.1253743e+001
  6.8693748e+001
  7.1677396e+001
  6.8149547e+001
  7.1245168e+001
  6.9270299e+001
  7.4230342e+001
  7.1718654e+001
  7.5022528e+001
  7.1101959e+001
  7.3740718e+001
  7.3983131e+001
  7.5029143e+001
  7.7597114e+001
  7.3236348e+001
  7.6192506e+001
  7.6343163e+001
  7.6378008e+001
  7.9855799e+001
  7.6255824e+001
  7.5644448e+001
  8.0623422e+001
  7.9674035e+001
  7.7188115e+001
  7.9413480e+001
  8.0680283e+001
  7.9348523e+001
  7.9673366e+001
  8.1254510e+001
  8.1429693e+001
  8.0547513e+001
  8.0214708e+001
  8.1089707e+001
  8.2957825e+001
  8.4025485e+001
  8.2086098e+001
  7.9396750e+001
  8.0148183e+001
  8.3743476e+001
  8.5413007e+001
  8.4239447e+001
  8.3891948e+001
  8.4701918e+001
  8.3483170e+001
  8.0934318e+001
  8.0742289e+001
  8.2296313e+001
  8.2018760e+001
  8.0732446e+001
