  4.7340133e+003
  4.7727926e+003
  4.8483337e+003
  4.9264800e+003
  4.9729897e+003
  4.9723536e+003
  4.9359370e+003
  4.8951839e+003
  4.8838109e+003
  4.9188726e+003
  4.9910989e+003
  5.0697192e+003
  5.1189904e+003
  5.1172472e+003
  5.0680385e+003
  4.9974340e+003
  4.9393008e+003
  4.9169073e+003
  4.9309782e+003
  4.9604639e+003
  4.9751357e+003
  4.9527791e+003
  4.8916513e+003
  4.8118503e+003
  4.7453554e+003
  4.7202705e+003
  4.7473616e+003
  4.8153616e+003
  4.8969236e+003
  4.9619433e+003
  4.9916124e+003
  4.9864157e+003
  4.9643079e+003
  4.9501348e+003
  4.9617357e+003
  4.9998931e+003
  5.0473549e+003
  5.0774294e+003
  5.0676648e+003
  5.0116125e+003
  4.9229334e+003
  4.8302162e+003
  4.7653594e+003
  4.7509357e+003
  4.7917423e+003
  4.8734863e+003
  4.9686227e+003
  5.0468276e+003
  5.0860424e+003
  5.0798200e+003
  5.0381270e+003
  4.9815358e+003
  4.9317541e+003
  4.9030289e+003
  4.8981413e+003
  4.9100021e+003
  4.9270247e+003
  4.9391513e+003
  4.9419473e+003
  4.9376511e+003
  4.9333343e+003
  4.9370662e+003
  4.9534975e+003
  4.9807174e+003
  5.0101109e+003
  5.0297410e+003
  5.0298592e+003
  5.0077536e+003
  4.9694203e+003
  4.9273586e+003
  4.8958134e+003
  4.8856953e+003
  4.9009740e+003
  4.9374040e+003
  4.9837938e+003
  5.0256358e+003
  5.0502433e+003
  5.0515798e+003
  5.0325144e+003
  5.0031451e+003
  4.9758817e+003
  4.9598215e+003
  4.9572442e+003
  4.9636644e+003
  4.9709438e+003
  4.9717425e+003
  4.9634441e+003
  4.9501065e+003
  4.9415064e+003
  4.9490902e+003
  4.9799381e+003
  5.0313407e+003
  5.0891531e+003
  5.1317756e+003
  5.1387581e+003
  5.1002903e+003
  5.0230077e+003
  4.9291533e+003
  4.8491687e+003
  4.8105972e+003
  4.8275980e+003
  4.8951507e+003
  4.9904504e+003
  5.0814458e+003
  5.1395332e+003
  5.1511720e+003
  5.1230041e+003
  5.0776427e+003
  5.0418133e+003
  5.0326376e+003
  5.0490935e+003
  5.0731248e+003
  5.0798403e+003
  5.0514906e+003
  4.9880011e+003
  4.9086228e+003
  4.8437106e+003
  4.8205003e+003
  4.8497692e+003
  4.9200397e+003
  5.0025524e+003
  5.0650034e+003
  5.0874434e+003
  5.0721752e+003
  5.0421344e+003
  5.0281067e+003
  5.0512881e+003
  5.1106459e+003
  5.1823353e+003
  5.2319692e+003
  5.2333144e+003
  5.1831311e+003
  5.1037402e+003
  5.0315879e+003
  4.9978886e+003
  5.0119552e+003
  5.0564678e+003
  5.0973964e+003
  5.1031779e+003
  5.0625549e+003
  4.9911060e+003
  4.9226278e+003
  4.8898675e+003
  4.9051135e+003
  4.9515302e+003
  4.9905724e+003
  4.9822381e+003
  4.9078762e+003
  4.7835402e+003
  4.6564103e+003
  4.5852658e+003
  4.6140143e+003
  4.7508219e+003
  4.9626998e+003
  5.1879480e+003
  5.3604696e+003
  5.4348898e+003
  5.4019620e+003
  5.2891166e+003
  5.1478738e+003
