  3.5675633e+000
  3.8001574e+000
  4.0972916e+000
  4.3245763e+000
  4.5734113e+000
  4.8691638e+000
  5.1816257e+000
  5.4282378e+000
  5.7871420e+000
  6.2554333e+000
  6.3991364e+000
  6.6129393e+000
  7.3414096e+000
  7.7114895e+000
  7.6964693e+000
  8.3420971e+000
  8.6912389e+000
  9.1440557e+000
  9.8170439e+000
  9.6532188e+000
  1.0480736e+001
  1.0761455e+001
  1.1566184e+001
  1.1918939e+001
  1.2104084e+001
  1.2739957e+001
  1.2983602e+001
  1.4139095e+001
  1.4285356e+001
  1.5116591e+001
  1.5057218e+001
  1.5762433e+001
  1.6203337e+001
  1.6973327e+001
  1.8046135e+001
  1.8044824e+001
  1.9277878e+001
  1.8851419e+001
  1.9788200e+001
  2.0285481e+001
  2.0456432e+001
  2.2132317e+001
  2.2284799e+001
  2.3038012e+001
  2.4464938e+001
  2.4294687e+001
  2.4803579e+001
  2.6121506e+001
  2.5976410e+001
  2.6068153e+001
  2.7484402e+001
  2.8071522e+001
  2.7848326e+001
  2.8661406e+001
  3.0165255e+001
  3.0673672e+001
  3.0532561e+001
  3.1175623e+001
  3.2623665e+001
  3.3667610e+001
  3.3812146e+001
  3.3783583e+001
  3.4497527e+001
  3.5900900e+001
  3.7262569e+001
  3.8156294e+001
  3.8578275e+001
  3.8970638e+001
  3.9711883e+001
  4.0813793e+001
  4.2051877e+001
  4.2980930e+001
  4.3518236e+001
  4.3707614e+001
  4.3967907e+001
  4.4630346e+001
  4.5691372e+001
  4.6784316e+001
  4.7308111e+001
  4.7115310e+001
  4.6852860e+001
  4.7455706e+001
  4.9136369e+001
  5.0661499e+001
  5.0835345e+001
  5.0278485e+001
  5.0939299e+001
  5.3029318e+001
  5.4011247e+001
  5.3178729e+001
  5.3483548e+001
  5.5937498e+001
  5.6790648e+001
  5.5828295e+001
  5.7644536e+001
  6.0187564e+001
  5.9277904e+001
  6.0172560e+001
  6.2995846e+001
  6.1412374e+001
  6.1768777e+001
  6.3632014e+001
  6.1138749e+001
  6.3097542e+001
  6.4044846e+001
  6.3429429e+001
  6.7618840e+001
  6.5821874e+001
  6.8364850e+001
  6.6976356e+001
  6.6774088e+001
  6.7853791e+001
  6.7543045e+001
  7.1095959e+001
  6.9843509e+001
  7.2180824e+001
  6.9252070e+001
  7.1293629e+001
  7.0833477e+001
  7.3543413e+001
  7.4188000e+001
  7.2408888e+001
  7.4210040e+001
  7.1779871e+001
  7.6954486e+001
  7.5401931e+001
  7.4913184e+001
  7.6407528e+001
  7.4080295e+001
  7.8273560e+001
  7.9049384e+001
  7.4832421e+001
  7.7401729e+001
  7.9989286e+001
  7.7817984e+001
  7.8061584e+001
  7.9882092e+001
  7.9283473e+001
  7.8788056e+001
  8.0165057e+001
  8.1008972e+001
  8.0614888e+001
  7.9882641e+001
  7.9708072e+001
  8.1000961e+001
  8.3345749e+001
  8.3444454e+001
  8.0340401e+001
  7.8565589e+001
  8.0836961e+001
  8.3517763e+001
  8.3426045e+001
  8.3369981e+001
  8.4929376e+001
  8.4718841e+001
  8.2088671e+001
  8.1130279e+001
  8.2403024e+001
  8.2054475e+001
  8.0442978e+001
