  6.5398566e+000
  6.7072641e+000
  6.9854306e+000
  6.9972807e+000
  6.8931949e+000
  7.1450672e+000
  7.3755262e+000
  7.4489779e+000
  7.4066020e+000
  7.6488694e+000
  7.8495993e+000
  7.9824155e+000
  8.0822845e+000
  8.0993994e+000
  8.3335056e+000
  8.7238342e+000
  8.6255304e+000
  8.7421889e+000
  8.9920372e+000
  9.2203647e+000
  9.4920677e+000
  9.4695796e+000
  9.6019439e+000
  9.8677722e+000
  1.0187724e+001
  1.0412332e+001
  1.0436773e+001
  1.0572606e+001
  1.0775447e+001
  1.1165597e+001
  1.1370426e+001
  1.1673898e+001
  1.1649307e+001
  1.1841235e+001
  1.2035785e+001
  1.2384695e+001
  1.2761954e+001
  1.2930300e+001
  1.3248735e+001
  1.3272219e+001
  1.3427184e+001
  1.3733158e+001
  1.3835875e+001
  1.4237655e+001
  1.4601665e+001
  1.4819884e+001
  1.5197647e+001
  1.5525158e+001
  1.5590890e+001
  1.5831196e+001
  1.6234482e+001
  1.6319487e+001
  1.6385793e+001
  1.6721079e+001
  1.7119490e+001
  1.7251956e+001
  1.7341059e+001
  1.7641655e+001
  1.8109940e+001
  1.8431129e+001
  1.8539099e+001
  1.8661597e+001
  1.8976250e+001
  1.9448772e+001
  1.9932090e+001
  2.0252832e+001
  2.0472769e+001
  2.0628013e+001
  2.0860310e+001
  2.1217567e+001
  2.1533516e+001
  2.1880420e+001
  2.2089122e+001
  2.2292212e+001
  2.2520711e+001
  2.2846727e+001
  2.3246480e+001
  2.3646974e+001
  2.3854258e+001
  2.3838499e+001
  2.3807475e+001
  2.3984396e+001
  2.4481675e+001
  2.5040428e+001
  2.5203453e+001
  2.5104245e+001
  2.5251714e+001
  2.5933513e+001
  2.6493402e+001
  2.6464813e+001
  2.6474377e+001
  2.7262982e+001
  2.7916743e+001
  2.7700100e+001
  2.7921944e+001
  2.8809644e+001
  2.8687259e+001
  2.8321652e+001
  2.9052604e+001
  2.8923647e+001
  2.8553075e+001
  2.9603003e+001
  2.9600349e+001
  2.9918923e+001
  3.1108126e+001
  3.0421597e+001
  3.1068502e+001
  3.0700413e+001
  3.0503432e+001
  3.1481960e+001
  3.1191381e+001
  3.2716472e+001
  3.1817106e+001
  3.2643895e+001
  3.1499605e+001
  3.2773761e+001
  3.2436117e+001
  3.3990889e+001
  3.2792236e+001
  3.3573905e+001
  3.2590866e+001
  3.4278155e+001
  3.4085855e+001
  3.4186374e+001
  3.4162771e+001
  3.3474849e+001
  3.5411586e+001
  3.4856518e+001
  3.4493700e+001
  3.5100745e+001
  3.4619903e+001
  3.5721278e+001
  3.6075844e+001
  3.4568695e+001
  3.5279742e+001
  3.6944157e+001
  3.5989863e+001
  3.4843969e+001
  3.6193694e+001
  3.7415722e+001
  3.6253305e+001
  3.5209230e+001
  3.6408705e+001
  3.7760275e+001
  3.7073539e+001
  3.5997352e+001
  3.6338271e+001
  3.6905632e+001
  3.6804050e+001
  3.7312260e+001
  3.8207527e+001
  3.7683085e+001
  3.6490200e+001
  3.6590589e+001
  3.7030743e+001
  3.6462256e+001
  3.6140495e+001
  3.7125852e+001
  3.7503467e+001
  3.6998291e+001
