  1.0777033e+001
  1.0608393e+001
  1.1017047e+001
  1.1263055e+001
  1.1035851e+001
  1.0937529e+001
  1.1267296e+001
  1.1555597e+001
  1.1155257e+001
  1.1252177e+001
  1.1858727e+001
  1.1636623e+001
  1.1317670e+001
  1.1914708e+001
  1.1965037e+001
  1.1887776e+001
  1.2060358e+001
  1.1842125e+001
  1.2408677e+001
  1.2485763e+001
  1.2246063e+001
  1.2508927e+001
  1.2391040e+001
  1.3055795e+001
  1.2784176e+001
  1.3009464e+001
  1.2745260e+001
  1.3259878e+001
  1.3274468e+001
  1.3691768e+001
  1.3367200e+001
  1.3655366e+001
  1.3470887e+001
  1.3968312e+001
  1.4076514e+001
  1.4315725e+001
  1.4416074e+001
  1.4227153e+001
  1.4474024e+001
  1.4488663e+001
  1.4699594e+001
  1.5137614e+001
  1.5132507e+001
  1.5343996e+001
  1.5548968e+001
  1.5488099e+001
  1.5526242e+001
  1.5726007e+001
  1.5799380e+001
  1.5859438e+001
  1.6140009e+001
  1.6376046e+001
  1.6451760e+001
  1.6601171e+001
  1.6868983e+001
  1.7109446e+001
  1.7207763e+001
  1.7293419e+001
  1.7479373e+001
  1.7680522e+001
  1.7862482e+001
  1.8000330e+001
  1.8066658e+001
  1.8192085e+001
  1.8312026e+001
  1.8450270e+001
  1.8652156e+001
  1.8812272e+001
  1.8951017e+001
  1.9114105e+001
  1.9225210e+001
  1.9409211e+001
  1.9552995e+001
  1.9735945e+001
  1.9903445e+001
  2.0023023e+001
  2.0150749e+001
  2.0264771e+001
  2.0437438e+001
  2.0648983e+001
  2.0899388e+001
  2.1071530e+001
  2.1162724e+001
  2.1297502e+001
  2.1456391e+001
  2.1661486e+001
  2.1790765e+001
  2.1860101e+001
  2.1965614e+001
  2.2144670e+001
  2.2245796e+001
  2.2285105e+001
  2.2427208e+001
  2.2671538e+001
  2.2777772e+001
  2.2918218e+001
  2.3333490e+001
  2.3509675e+001
  2.3607820e+001
  2.3911961e+001
  2.3877535e+001
  2.3736671e+001
  2.3922612e+001
  2.3874242e+001
  2.4127722e+001
  2.4602837e+001
  2.4643329e+001
  2.5045281e+001
  2.4751857e+001
  2.4762602e+001
  2.4793093e+001
  2.4993044e+001
  2.5590076e+001
  2.5543332e+001
  2.5704922e+001
  2.5209694e+001
  2.5613949e+001
  2.5719033e+001
  2.6391612e+001
  2.6118273e+001
  2.5986855e+001
  2.5978665e+001
  2.6326044e+001
  2.6969150e+001
  2.6383614e+001
  2.6515506e+001
  2.6486502e+001
  2.6978548e+001
  2.7389605e+001
  2.6527390e+001
  2.6789485e+001
  2.7553952e+001
  2.7298925e+001
  2.7082629e+001
  2.7309470e+001
  2.7456302e+001
  2.7595900e+001
  2.7569511e+001
  2.7489268e+001
  2.7673962e+001
  2.7806230e+001
  2.7694637e+001
  2.7883788e+001
  2.8160910e+001
  2.7726646e+001
  2.7447210e+001
  2.8212323e+001
  2.8795130e+001
  2.8147722e+001
  2.7661702e+001
  2.8085615e+001
  2.8142505e+001
  2.7684181e+001
  2.8082211e+001
  2.8810568e+001
  2.8565971e+001
  2.8182248e+001
  2.8779022e+001
  2.9008917e+001
  2.8491466e+001
