  1.7353686e+001
  1.7926059e+001
  1.7837225e+001
  1.7078247e+001
  1.7315317e+001
  1.8179137e+001
  1.7854184e+001
  1.7188251e+001
  1.7793674e+001
  1.8191134e+001
  1.7599724e+001
  1.7811133e+001
  1.7948126e+001
  1.7718210e+001
  1.8467602e+001
  1.7953868e+001
  1.7555624e+001
  1.8597160e+001
  1.8103843e+001
  1.8432909e+001
  1.7987591e+001
  1.8131882e+001
  1.8801087e+001
  1.8341602e+001
  1.8708326e+001
  1.7921042e+001
  1.8934707e+001
  1.8519090e+001
  1.9293015e+001
  1.8384931e+001
  1.8857368e+001
  1.8491809e+001
  1.9172797e+001
  1.9294374e+001
  1.9114400e+001
  1.9415021e+001
  1.8620324e+001
  1.9310792e+001
  1.9206678e+001
  1.9394473e+001
  2.0105798e+001
  1.9532557e+001
  1.9628835e+001
  1.9847062e+001
  1.9268097e+001
  1.9509660e+001
  1.9996335e+001
  1.9784614e+001
  1.9902390e+001
  2.0530510e+001
  2.0593880e+001
  2.0276743e+001
  2.0476956e+001
  2.0900888e+001
  2.0796323e+001
  2.0471175e+001
  2.0482105e+001
  2.0851772e+001
  2.1080824e+001
  2.0931804e+001
  2.0732104e+001
  2.0772409e+001
  2.1043826e+001
  2.1427741e+001
  2.1604787e+001
  2.1591775e+001
  2.1574032e+001
  2.1545530e+001
  2.1578853e+001
  2.1743224e+001
  2.1854926e+001
  2.1988037e+001
  2.2015238e+001
  2.2031024e+001
  2.2058699e+001
  2.2148344e+001
  2.2355644e+001
  2.2548591e+001
  2.2695838e+001
  2.2648464e+001
  2.2512861e+001
  2.2411638e+001
  2.2519716e+001
  2.2869016e+001
  2.3099629e+001
  2.3066904e+001
  2.2912483e+001
  2.3036359e+001
  2.3443880e+001
  2.3625018e+001
  2.3438786e+001
  2.3390505e+001
  2.3743834e+001
  2.3849863e+001
  2.3438807e+001
  2.3422592e+001
  2.3740417e+001
  2.3519866e+001
  2.3485137e+001
  2.4063366e+001
  2.4138135e+001
  2.4122731e+001
  2.4632742e+001
  2.4216093e+001
  2.4082915e+001
  2.4271875e+001
  2.3992366e+001
  2.4681081e+001
  2.4733611e+001
  2.4820578e+001
  2.4796571e+001
  2.4290479e+001
  2.4746450e+001
  2.4633968e+001
  2.5433456e+001
  2.4881811e+001
  2.5110304e+001
  2.4521965e+001
  2.5317584e+001
  2.5243563e+001
  2.5656281e+001
  2.4891163e+001
  2.5127742e+001
  2.5480141e+001
  2.5601358e+001
  2.5735785e+001
  2.4947693e+001
  2.5606817e+001
  2.6010075e+001
  2.5520072e+001
  2.5629893e+001
  2.5529337e+001
  2.5857023e+001
  2.6202180e+001
  2.5576960e+001
  2.5472174e+001
  2.6359324e+001
  2.6283757e+001
  2.5465525e+001
  2.5757683e+001
  2.6562377e+001
  2.6233667e+001
  2.5651997e+001
  2.6006224e+001
  2.6323356e+001
  2.6102281e+001
  2.6270829e+001
  2.6575359e+001
  2.6052267e+001
  2.5559952e+001
  2.6165896e+001
  2.6628716e+001
  2.6246460e+001
  2.6372337e+001
  2.6936024e+001
  2.6582911e+001
  2.6027877e+001
  2.6394606e+001
  2.6640059e+001
  2.6124915e+001
