  2.5248057e+001
  2.5631064e+001
  2.6587785e+001
  2.6370366e+001
  2.5640227e+001
  2.5826893e+001
  2.6666412e+001
  2.6158004e+001
  2.5512041e+001
  2.6487269e+001
  2.6783737e+001
  2.5335509e+001
  2.6091728e+001
  2.7179779e+001
  2.5712747e+001
  2.6140203e+001
  2.6392476e+001
  2.6147943e+001
  2.7148843e+001
  2.5508815e+001
  2.6469671e+001
  2.6516120e+001
  2.6679088e+001
  2.6620328e+001
  2.5763659e+001
  2.6748595e+001
  2.6493862e+001
  2.7260370e+001
  2.6142533e+001
  2.6489079e+001
  2.6257734e+001
  2.6855008e+001
  2.7308658e+001
  2.6525337e+001
  2.7087973e+001
  2.5816536e+001
  2.6986082e+001
  2.6873761e+001
  2.6955119e+001
  2.7844953e+001
  2.6588676e+001
  2.6794168e+001
  2.6994146e+001
  2.6155329e+001
  2.6964697e+001
  2.7651456e+001
  2.7015120e+001
  2.7426330e+001
  2.8118220e+001
  2.7432861e+001
  2.6871330e+001
  2.7376449e+001
  2.7598854e+001
  2.6927067e+001
  2.6506837e+001
  2.6984057e+001
  2.7499271e+001
  2.7345254e+001
  2.6820199e+001
  2.6705677e+001
  2.7134157e+001
  2.7626701e+001
  2.7699452e+001
  2.7424076e+001
  2.7032585e+001
  2.6871000e+001
  2.7086422e+001
  2.7492141e+001
  2.7923191e+001
  2.8334745e+001
  2.8528326e+001
  2.8664365e+001
  2.8616734e+001
  2.8466501e+001
  2.8144242e+001
  2.7780084e+001
  2.7457146e+001
  2.7337469e+001
  2.7572990e+001
  2.8015980e+001
  2.8401205e+001
  2.8366746e+001
  2.7942201e+001
  2.7618331e+001
  2.7791784e+001
  2.8371416e+001
  2.8606334e+001
  2.8165017e+001
  2.7787724e+001
  2.8227603e+001
  2.8977081e+001
  2.8849203e+001
  2.8411435e+001
  2.9074494e+001
  2.9768179e+001
  2.9136315e+001
  2.8802372e+001
  2.9446464e+001
  2.8860501e+001
  2.8151133e+001
  2.9029275e+001
  2.8968274e+001
  2.8817734e+001
  3.0055766e+001
  2.9307870e+001
  2.9179743e+001
  2.9378010e+001
  2.8351622e+001
  2.9601638e+001
  2.9229062e+001
  2.9916594e+001
  2.9599132e+001
  2.8965643e+001
  2.9319004e+001
  2.9071711e+001
  3.0268183e+001
  2.9449576e+001
  2.9747446e+001
  2.8851068e+001
  2.9814838e+001
  2.9922425e+001
  2.9797156e+001
  2.9644050e+001
  2.8922406e+001
  3.0499478e+001
  2.9615467e+001
  2.9853621e+001
  2.9532858e+001
  2.9403054e+001
  3.0794598e+001
  2.9636095e+001
  2.9068274e+001
  3.0535404e+001
  3.0188494e+001
  2.9305451e+001
  2.9992283e+001
  3.0425146e+001
  2.9754489e+001
  2.9587440e+001
  3.0284102e+001
  3.0523761e+001
  2.9623104e+001
  2.9314133e+001
  3.0439203e+001
  3.1058396e+001
  2.9905861e+001
  2.9177623e+001
  2.9877024e+001
  3.0327288e+001
  3.0149372e+001
  3.0700917e+001
  3.0953303e+001
  2.9965854e+001
  2.9479708e+001
  2.9945508e+001
  2.9683297e+001
  2.9140033e+001
  2.9702592e+001
  3.0256468e+001
  2.9816787e+001
