  3.5240598e+001
  3.5823868e+001
  3.4399206e+001
  3.3704129e+001
  3.5456822e+001
  3.5937238e+001
  3.4052897e+001
  3.4103265e+001
  3.6031662e+001
  3.5007948e+001
  3.3991844e+001
  3.5336210e+001
  3.4947257e+001
  3.4827600e+001
  3.5442307e+001
  3.3859655e+001
  3.5428450e+001
  3.5777240e+001
  3.4031199e+001
  3.5300698e+001
  3.4355893e+001
  3.6114670e+001
  3.4718967e+001
  3.4707215e+001
  3.4715808e+001
  3.5362953e+001
  3.5669912e+001
  3.4892160e+001
  3.4583213e+001
  3.4921958e+001
  3.5143102e+001
  3.6129876e+001
  3.4671257e+001
  3.5543225e+001
  3.3892436e+001
  3.5536481e+001
  3.5462172e+001
  3.5369564e+001
  3.6283055e+001
  3.4395171e+001
  3.4920601e+001
  3.5192751e+001
  3.4310709e+001
  3.5827652e+001
  3.6293969e+001
  3.5160551e+001
  3.5885268e+001
  3.6177322e+001
  3.4709883e+001
  3.4430216e+001
  3.5413381e+001
  3.5234620e+001
  3.4351601e+001
  3.4655006e+001
  3.5793665e+001
  3.6076070e+001
  3.5384130e+001
  3.5044048e+001
  3.5629087e+001
  3.6471709e+001
  3.6599905e+001
  3.6069823e+001
  3.5417129e+001
  3.5281331e+001
  3.5607263e+001
  3.6069163e+001
  3.6310797e+001
  3.6132316e+001
  3.5643339e+001
  3.5113227e+001
  3.4667399e+001
  3.4538615e+001
  3.4703868e+001
  3.5186024e+001
  3.5751838e+001
  3.6297132e+001
  3.6477646e+001
  3.6275969e+001
  3.5859994e+001
  3.5567837e+001
  3.5760163e+001
  3.6399059e+001
  3.6961804e+001
  3.6876483e+001
  3.6089171e+001
  3.5520232e+001
  3.5892225e+001
  3.6602813e+001
  3.6381103e+001
  3.5277261e+001
  3.5023113e+001
  3.5950935e+001
  3.6122818e+001
  3.5215256e+001
  3.5528409e+001
  3.7009142e+001
  3.6731177e+001
  3.6044917e+001
  3.7177634e+001
  3.6783735e+001
  3.5274518e+001
  3.6229497e+001
  3.5960925e+001
  3.5475301e+001
  3.7397175e+001
  3.6522102e+001
  3.6593252e+001
  3.6733165e+001
  3.5089958e+001
  3.6777183e+001
  3.5949892e+001
  3.7455511e+001
  3.6474529e+001
  3.6227531e+001
  3.5970528e+001
  3.6331432e+001
  3.7143631e+001
  3.6772171e+001
  3.6200462e+001
  3.6180875e+001
  3.6288213e+001
  3.7708141e+001
  3.5912831e+001
  3.6900926e+001
  3.5627936e+001
  3.7484559e+001
  3.7048272e+001
  3.5528601e+001
  3.7145461e+001
  3.6571479e+001
  3.6719770e+001
  3.7041751e+001
  3.5771577e+001
  3.6872944e+001
  3.7773558e+001
  3.5902030e+001
  3.5883701e+001
  3.7835399e+001
  3.7268064e+001
  3.5543544e+001
  3.6351818e+001
  3.7764638e+001
  3.7135424e+001
  3.6244378e+001
  3.6374366e+001
  3.6414260e+001
  3.6755096e+001
  3.7880800e+001
  3.7662952e+001
  3.6027443e+001
  3.5760748e+001
  3.6468194e+001
  3.6250912e+001
  3.6371894e+001
  3.7698960e+001
  3.7900030e+001
  3.7146762e+001
  3.7651599e+001
  3.8200146e+001
  3.7448503e+001
