  5.1949516e+003
  5.2326193e+003
  5.2854194e+003
  5.3106668e+003
  5.2821457e+003
  5.2052413e+003
  5.1133343e+003
  5.0481929e+003
  5.0361862e+003
  5.0740924e+003
  5.1322696e+003
  5.1727737e+003
  5.1716102e+003
  5.1323581e+003
  5.0836895e+003
  5.0625606e+003
  5.0928148e+003
  5.1712790e+003
  5.2690492e+003
  5.3470926e+003
  5.3773081e+003
  5.3572040e+003
  5.3100300e+003
  5.2704905e+003
  5.2643635e+003
  5.2937290e+003
  5.3361109e+003
  5.3577203e+003
  5.3329970e+003
  5.2594337e+003
  5.1598152e+003
  5.0712505e+003
  5.0273244e+003
  5.0426586e+003
  5.1071756e+003
  5.1921146e+003
  5.2642364e+003
  5.3011456e+003
  5.3004684e+003
  5.2786820e+003
  5.2604479e+003
  5.2641233e+003
  5.2911998e+003
  5.3253590e+003
  5.3415474e+003
  5.3199846e+003
  5.2575790e+003
  5.1710660e+003
  5.0907630e+003
  5.0482510e+003
  5.0634210e+003
  5.1359528e+003
  5.2443556e+003
  5.3530817e+003
  5.4253563e+003
  5.4369150e+003
  5.3850301e+003
  5.2890201e+003
  5.1823262e+003
  5.1000183e+003
  5.0670431e+003
  5.0911763e+003
  5.1620098e+003
  5.2552465e+003
  5.3406626e+003
  5.3916286e+003
  5.3934918e+003
  5.3479640e+003
  5.2718331e+003
  5.1906879e+003
  5.1304331e+003
  5.1097221e+003
  5.1351730e+003
  5.1997884e+003
  5.2845356e+003
  5.3631662e+003
  5.4098660e+003
  5.4078425e+003
  5.3556685e+003
  5.2685579e+003
  5.1738625e+003
  5.1024956e+003
  5.0792027e+003
  5.1144480e+003
  5.2000873e+003
  5.3104843e+003
  5.4097684e+003
  5.4638364e+003
  5.4530450e+003
  5.3802121e+003
  5.2700351e+003
  5.1598803e+003
  5.0858279e+003
  5.0696837e+003
  5.1118233e+003
  5.1922212e+003
  5.2791056e+003
  5.3420355e+003
  5.3642790e+003
  5.3490320e+003
  5.3161912e+003
  5.2908327e+003
  5.2891399e+003
  5.3093463e+003
  5.3327776e+003
  5.3345483e+003
  5.2981515e+003
  5.2261362e+003
  5.1411894e+003
  5.0768172e+003
  5.0619042e+003
  5.1064780e+003
  5.1957652e+003
  5.2960574e+003
  5.3702642e+003
  5.3957873e+003
  5.3753972e+003
  5.3348222e+003
  5.3077614e+003
  5.3162898e+003
  5.3577311e+003
  5.4057671e+003
  5.4254798e+003
  5.3938728e+003
  5.3140732e+003
  5.2149157e+003
  5.1359190e+003
  5.1059987e+003
  5.1278753e+003
  5.1770238e+003
  5.2159069e+003
  5.2156274e+003
  5.1728045e+003
  5.1119365e+003
  5.0715733e+003
  5.0819034e+003
  5.1465915e+003
  5.2396573e+003
  5.3197114e+003
  5.3536655e+003
  5.3360972e+003
  5.2925113e+003
  5.2639173e+003
  5.2812521e+003
  5.3446492e+003
  5.4203623e+003
  5.4582970e+003
  5.4211482e+003
  5.3090213e+003
  5.1653008e+003
  5.0594312e+003
  5.0546877e+003
  5.1771195e+003
  5.4013293e+003
  5.6600500e+003
  5.8724512e+003
  5.9772672e+003
  5.9556674e+003
  5.8351820e+003
  5.6755714e+003
