  4.5394661e+001
  4.4698873e+001
  4.2812493e+001
  4.3897632e+001
  4.5947803e+001
  4.4312430e+001
  4.2627172e+001
  4.4937722e+001
  4.5587603e+001
  4.3062937e+001
  4.3862721e+001
  4.5493479e+001
  4.3768746e+001
  4.4292216e+001
  4.4257272e+001
  4.3712083e+001
  4.5857546e+001
  4.3307923e+001
  4.3761970e+001
  4.5188683e+001
  4.4076445e+001
  4.5083652e+001
  4.2614495e+001
  4.5384465e+001
  4.4047545e+001
  4.5460183e+001
  4.2864541e+001
  4.4713386e+001
  4.3638761e+001
  4.6082804e+001
  4.3486771e+001
  4.4743961e+001
  4.2978637e+001
  4.4796414e+001
  4.5080446e+001
  4.4339715e+001
  4.5230001e+001
  4.2786984e+001
  4.4167988e+001
  4.4616191e+001
  4.3912220e+001
  4.5971260e+001
  4.4913263e+001
  4.3448167e+001
  4.4615210e+001
  4.3893714e+001
  4.2820615e+001
  4.4462807e+001
  4.5458642e+001
  4.4368707e+001
  4.4457310e+001
  4.5820648e+001
  4.5717656e+001
  4.4198198e+001
  4.3729843e+001
  4.4580454e+001
  4.5021412e+001
  4.4201590e+001
  4.3140704e+001
  4.2988285e+001
  4.3722191e+001
  4.4473896e+001
  4.4535394e+001
  4.3983518e+001
  4.3302595e+001
  4.3017100e+001
  4.3299243e+001
  4.3955120e+001
  4.4753168e+001
  4.5471677e+001
  4.5898458e+001
  4.6063729e+001
  4.5904336e+001
  4.5483918e+001
  4.4775214e+001
  4.3985997e+001
  4.3319126e+001
  4.3061571e+001
  4.3356303e+001
  4.4034200e+001
  4.4578578e+001
  4.4542866e+001
  4.3792667e+001
  4.3062554e+001
  4.3227163e+001
  4.4304319e+001
  4.5128941e+001
  4.4692605e+001
  4.3841118e+001
  4.4328447e+001
  4.5835365e+001
  4.5967563e+001
  4.4571998e+001
  4.4517654e+001
  4.5576522e+001
  4.4597002e+001
  4.2965070e+001
  4.4058252e+001
  4.4787960e+001
  4.3635752e+001
  4.5087341e+001
  4.6127335e+001
  4.4087133e+001
  4.4823020e+001
  4.4344745e+001
  4.2981008e+001
  4.5450348e+001
  4.4540314e+001
  4.5308287e+001
  4.5047860e+001
  4.3173537e+001
  4.4985386e+001
  4.3722035e+001
  4.6347561e+001
  4.3870527e+001
  4.4991927e+001
  4.3090066e+001
  4.5769431e+001
  4.4264148e+001
  4.5676786e+001
  4.2848383e+001
  4.5382614e+001
  4.4328555e+001
  4.5463128e+001
  4.4085031e+001
  4.3588954e+001
  4.6152909e+001
  4.3988467e+001
  4.4557253e+001
  4.4631354e+001
  4.4074800e+001
  4.5776661e+001
  4.4205844e+001
  4.3336834e+001
  4.5962180e+001
  4.5280570e+001
  4.2923105e+001
  4.4639885e+001
  4.6320966e+001
  4.4235728e+001
  4.3116502e+001
  4.4999551e+001
  4.5772500e+001
  4.4645548e+001
  4.4196480e+001
  4.3985876e+001
  4.3820228e+001
  4.5282453e+001
  4.6414808e+001
  4.4950669e+001
  4.3686840e+001
  4.4106357e+001
  4.3657976e+001
  4.3190850e+001
  4.4650119e+001
  4.5413976e+001
  4.4745757e+001
  4.5435430e+001
  4.6430018e+001
  4.5769809e+001
