  4.1882943e+001
  4.3284389e+001
  4.2628255e+001
  4.1655831e+001
  4.1967719e+001
  4.2708819e+001
  4.2415106e+001
  4.1755556e+001
  4.2436226e+001
  4.2769772e+001
  4.1337819e+001
  4.2495313e+001
  4.3380808e+001
  4.0869241e+001
  4.2227789e+001
  4.3583095e+001
  4.1263941e+001
  4.2488785e+001
  4.1654578e+001
  4.2934981e+001
  4.2714863e+001
  4.0946892e+001
  4.2845528e+001
  4.1826456e+001
  4.3609422e+001
  4.0809780e+001
  4.2600321e+001
  4.1386072e+001
  4.3814000e+001
  4.1533910e+001
  4.2414560e+001
  4.1108151e+001
  4.2464141e+001
  4.3014470e+001
  4.2005799e+001
  4.2840553e+001
  4.0643981e+001
  4.2136048e+001
  4.2582545e+001
  4.1950089e+001
  4.3588543e+001
  4.2065570e+001
  4.1057428e+001
  4.2274640e+001
  4.1480949e+001
  4.1250278e+001
  4.3112583e+001
  4.3233646e+001
  4.1937073e+001
  4.2435387e+001
  4.3160271e+001
  4.1987445e+001
  4.0768592e+001
  4.1203578e+001
  4.2136106e+001
  4.1880786e+001
  4.0927659e+001
  4.0736242e+001
  4.1555235e+001
  4.2449091e+001
  4.2535122e+001
  4.1854876e+001
  4.1175017e+001
  4.1004854e+001
  4.1347861e+001
  4.1854789e+001
  4.2226630e+001
  4.2164943e+001
  4.1830235e+001
  4.1366088e+001
  4.0975527e+001
  4.0835903e+001
  4.0973346e+001
  4.1354008e+001
  4.1781135e+001
  4.2130367e+001
  4.2148944e+001
  4.1812082e+001
  4.1263754e+001
  4.0903987e+001
  4.1053781e+001
  4.1753241e+001
  4.2373932e+001
  4.2284885e+001
  4.1383604e+001
  4.0545153e+001
  4.0753694e+001
  4.1697993e+001
  4.1931687e+001
  4.0981864e+001
  4.0533318e+001
  4.1767992e+001
  4.2914193e+001
  4.2202561e+001
  4.1676318e+001
  4.2954438e+001
  4.2836984e+001
  4.0925489e+001
  4.1172154e+001
  4.1974823e+001
  4.0730092e+001
  4.1714652e+001
  4.3281229e+001
  4.1576622e+001
  4.2208948e+001
  4.1752395e+001
  4.0236784e+001
  4.2472323e+001
  4.1572495e+001
  4.2643846e+001
  4.2016670e+001
  4.0654612e+001
  4.1988120e+001
  4.1076795e+001
  4.3352978e+001
  4.0914280e+001
  4.2128960e+001
  4.0336841e+001
  4.3133597e+001
  4.1308706e+001
  4.2319002e+001
  4.0435739e+001
  4.2165513e+001
  4.2391043e+001
  4.1120010e+001
  4.1967246e+001
  4.0707897e+001
  4.2985550e+001
  4.1676167e+001
  4.0266795e+001
  4.2846845e+001
  4.1870099e+001
  4.0736064e+001
  4.2145098e+001
  4.1890994e+001
  4.1093519e+001
  4.1809130e+001
  4.2149009e+001
  4.1321395e+001
  4.1001074e+001
  4.2007713e+001
  4.2662193e+001
  4.1220821e+001
  4.0141900e+001
  4.1866667e+001
  4.3266502e+001
  4.1908239e+001
  4.0853684e+001
  4.1125200e+001
  4.0770234e+001
  4.1016706e+001
  4.2748301e+001
  4.2967691e+001
  4.1990026e+001
  4.2368938e+001
  4.2259832e+001
  4.0827408e+001
  4.0803798e+001
  4.1439241e+001
  4.0701256e+001
