  3.7847761e+001
  3.6429649e+001
  3.6052223e+001
  3.7881140e+001
  3.7938560e+001
  3.5885373e+001
  3.6540841e+001
  3.8354930e+001
  3.6790556e+001
  3.5847442e+001
  3.7817739e+001
  3.7406407e+001
  3.6041889e+001
  3.7282107e+001
  3.6847580e+001
  3.7123561e+001
  3.7099639e+001
  3.5762827e+001
  3.7942805e+001
  3.6785782e+001
  3.6588759e+001
  3.6538671e+001
  3.6812796e+001
  3.7713931e+001
  3.6017626e+001
  3.6793240e+001
  3.6178618e+001
  3.7839516e+001
  3.6439972e+001
  3.6667472e+001
  3.5985469e+001
  3.6709501e+001
  3.7492845e+001
  3.6338898e+001
  3.7056282e+001
  3.5350131e+001
  3.6676474e+001
  3.6998547e+001
  3.6472273e+001
  3.7505684e+001
  3.5970392e+001
  3.5559212e+001
  3.6664921e+001
  3.5970536e+001
  3.6277459e+001
  3.7653189e+001
  3.6844366e+001
  3.5874876e+001
  3.6460280e+001
  3.6463360e+001
  3.5317751e+001
  3.5129109e+001
  3.6144352e+001
  3.6619524e+001
  3.6057279e+001
  3.5665373e+001
  3.6282603e+001
  3.7151016e+001
  3.7241233e+001
  3.6634155e+001
  3.6038590e+001
  3.6013039e+001
  3.6534516e+001
  3.7080018e+001
  3.7249689e+001
  3.6985579e+001
  3.6547833e+001
  3.6008399e+001
  3.5661329e+001
  3.5436024e+001
  3.5350707e+001
  3.5316670e+001
  3.5310768e+001
  3.5353381e+001
  3.5497166e+001
  3.5841312e+001
  3.6285558e+001
  3.6743368e+001
  3.6927048e+001
  3.6706163e+001
  3.6110026e+001
  3.5560289e+001
  3.5503263e+001
  3.6065508e+001
  3.6648792e+001
  3.6490797e+001
  3.5584626e+001
  3.4910543e+001
  3.5240625e+001
  3.5784394e+001
  3.5276496e+001
  3.4175557e+001
  3.4327736e+001
  3.5491303e+001
  3.5458071e+001
  3.4757489e+001
  3.5726761e+001
  3.6498481e+001
  3.5028099e+001
  3.4684464e+001
  3.5389451e+001
  3.4188746e+001
  3.4607271e+001
  3.6136195e+001
  3.4970288e+001
  3.5497546e+001
  3.5110706e+001
  3.3747991e+001
  3.5482220e+001
  3.4663880e+001
  3.5812142e+001
  3.4946797e+001
  3.4218506e+001
  3.4900981e+001
  3.4604845e+001
  3.6012213e+001
  3.4199768e+001
  3.4925483e+001
  3.4051047e+001
  3.5770265e+001
  3.4717805e+001
  3.4492745e+001
  3.4514555e+001
  3.4645619e+001
  3.5847295e+001
  3.3508227e+001
  3.4996056e+001
  3.4875414e+001
  3.4554046e+001
  3.5039067e+001
  3.3749189e+001
  3.5045215e+001
  3.5513108e+001
  3.3420031e+001
  3.4433406e+001
  3.5947527e+001
  3.4054724e+001
  3.3441692e+001
  3.5484129e+001
  3.5388648e+001
  3.3534298e+001
  3.3897072e+001
  3.5263212e+001
  3.4997614e+001
  3.4487722e+001
  3.4255713e+001
  3.3609763e+001
  3.4092491e+001
  3.5636042e+001
  3.5436484e+001
  3.4347405e+001
  3.4431703e+001
  3.4030376e+001
  3.3112919e+001
  3.3745979e+001
  3.4485351e+001
  3.3970035e+001
  3.4414185e+001
  3.5406327e+001
  3.5014249e+001
