  3.2511058e+001
  3.2240693e+001
  3.1535809e+001
  3.1733596e+001
  3.1925646e+001
  3.1865199e+001
  3.1760117e+001
  3.1685825e+001
  3.1835422e+001
  3.1579767e+001
  3.1509117e+001
  3.2136600e+001
  3.1289362e+001
  3.1103396e+001
  3.2441095e+001
  3.1210922e+001
  3.0945385e+001
  3.1949061e+001
  3.1281293e+001
  3.1711935e+001
  3.0576243e+001
  3.1612903e+001
  3.1551802e+001
  3.1153893e+001
  3.0820790e+001
  3.0948745e+001
  3.1602814e+001
  3.1180228e+001
  3.0698104e+001
  3.0701669e+001
  3.0766245e+001
  3.1619684e+001
  3.0529991e+001
  3.0954490e+001
  2.9930606e+001
  3.0803959e+001
  3.1078029e+001
  3.0523722e+001
  3.1025876e+001
  2.9878343e+001
  2.9887008e+001
  3.0652440e+001
  3.0183032e+001
  3.0501044e+001
  3.1016299e+001
  3.0034217e+001
  2.9567755e+001
  3.0041132e+001
  2.9777916e+001
  2.9277900e+001
  2.9698126e+001
  3.0427362e+001
  3.0232230e+001
  2.9697031e+001
  2.9759910e+001
  3.0177066e+001
  3.0209546e+001
  2.9651783e+001
  2.9082324e+001
  2.9003354e+001
  2.9286402e+001
  2.9526359e+001
  2.9457540e+001
  2.9128190e+001
  2.8741730e+001
  2.8528530e+001
  2.8581291e+001
  2.8782389e+001
  2.9099432e+001
  2.9342548e+001
  2.9514431e+001
  2.9535645e+001
  2.9405386e+001
  2.9125917e+001
  2.8738849e+001
  2.8318747e+001
  2.7956287e+001
  2.7827069e+001
  2.7912748e+001
  2.8198205e+001
  2.8434118e+001
  2.8390193e+001
  2.8014172e+001
  2.7603748e+001
  2.7566921e+001
  2.8051206e+001
  2.8532183e+001
  2.8373572e+001
  2.7750817e+001
  2.7585083e+001
  2.8065962e+001
  2.8132502e+001
  2.7204137e+001
  2.6618953e+001
  2.7125877e+001
  2.7297926e+001
  2.6673202e+001
  2.7077468e+001
  2.8030476e+001
  2.7310833e+001
  2.6803691e+001
  2.7274368e+001
  2.6346427e+001
  2.6289822e+001
  2.7457789e+001
  2.6716858e+001
  2.7136638e+001
  2.6815813e+001
  2.5762546e+001
  2.6903190e+001
  2.6259080e+001
  2.7272256e+001
  2.6289796e+001
  2.6103431e+001
  2.6195875e+001
  2.6469670e+001
  2.6787647e+001
  2.5960113e+001
  2.5948431e+001
  2.6144932e+001
  2.6449701e+001
  2.6351939e+001
  2.5271201e+001
  2.6520119e+001
  2.5772026e+001
  2.6486123e+001
  2.5330767e+001
  2.5708509e+001
  2.6793497e+001
  2.5170840e+001
  2.5670203e+001
  2.6295983e+001
  2.5421525e+001
  2.5707593e+001
  2.5913444e+001
  2.5443867e+001
  2.5575919e+001
  2.5856424e+001
  2.5647535e+001
  2.5229571e+001
  2.5363103e+001
  2.6079811e+001
  2.5929896e+001
  2.4745261e+001
  2.4854715e+001
  2.6161848e+001
  2.6123380e+001
  2.5328058e+001
  2.5288788e+001
  2.4951310e+001
  2.4569443e+001
  2.5443525e+001
  2.6053410e+001
  2.5648335e+001
  2.5943773e+001
  2.6238478e+001
  2.5406721e+001
  2.5254373e+001
  2.5692152e+001
  2.5211753e+001
