  3.7604077e+001
  3.6320004e+001
  3.7391727e+001
  3.8047159e+001
  3.6693806e+001
  3.6450936e+001
  3.7518890e+001
  3.6914954e+001
  3.5983434e+001
  3.6863403e+001
  3.6981611e+001
  3.5511072e+001
  3.6186531e+001
  3.6933497e+001
  3.5133896e+001
  3.5673385e+001
  3.6111750e+001
  3.5333718e+001
  3.5312316e+001
  3.4598888e+001
  3.5845292e+001
  3.4646716e+001
  3.4463581e+001
  3.4271276e+001
  3.4894639e+001
  3.4239514e+001
  3.3700593e+001
  3.3437020e+001
  3.4131469e+001
  3.3572614e+001
  3.3391064e+001
  3.2343671e+001
  3.3137803e+001
  3.2809999e+001
  3.2812180e+001
  3.2286689e+001
  3.1424635e+001
  3.1980347e+001
  3.1749969e+001
  3.1647135e+001
  3.1689489e+001
  3.0646989e+001
  3.0354305e+001
  3.0606406e+001
  3.0281507e+001
  3.0146033e+001
  3.0428366e+001
  2.9928267e+001
  2.9213345e+001
  2.8947564e+001
  2.8887872e+001
  2.8592614e+001
  2.8183332e+001
  2.8100847e+001
  2.8206070e+001
  2.8149822e+001
  2.7774946e+001
  2.7420148e+001
  2.7124267e+001
  2.7011212e+001
  2.6880901e+001
  2.6621168e+001
  2.6272640e+001
  2.5934853e+001
  2.5567716e+001
  2.5310474e+001
  2.5091209e+001
  2.4929686e+001
  2.4731567e+001
  2.4575973e+001
  2.4365856e+001
  2.4097743e+001
  2.3814248e+001
  2.3532809e+001
  2.3204594e+001
  2.2906855e+001
  2.2610206e+001
  2.2381135e+001
  2.2158227e+001
  2.1988599e+001
  2.1779732e+001
  2.1560600e+001
  2.1307270e+001
  2.1019055e+001
  2.0743675e+001
  2.0508425e+001
  2.0276186e+001
  2.0027036e+001
  1.9693837e+001
  1.9379590e+001
  1.9087894e+001
  1.8870656e+001
  1.8663474e+001
  1.8526745e+001
  1.8394232e+001
  1.8231419e+001
  1.8021138e+001
  1.7727478e+001
  1.7317646e+001
  1.7028568e+001
  1.6919135e+001
  1.6797847e+001
  1.6683416e+001
  1.6559268e+001
  1.6116467e+001
  1.5781518e+001
  1.5702917e+001
  1.5513378e+001
  1.5583353e+001
  1.5224804e+001
  1.4817376e+001
  1.4717003e+001
  1.4536699e+001
  1.4685942e+001
  1.4133211e+001
  1.3997894e+001
  1.3694767e+001
  1.3970561e+001
  1.3495472e+001
  1.3371934e+001
  1.2974660e+001
  1.3320857e+001
  1.2864938e+001
  1.2720778e+001
  1.2451999e+001
  1.2567693e+001
  1.2499647e+001
  1.1838770e+001
  1.2166438e+001
  1.2035301e+001
  1.1617501e+001
  1.1696301e+001
  1.1540018e+001
  1.1407416e+001
  1.1351531e+001
  1.1144568e+001
  1.1064839e+001
  1.1043348e+001
  1.0931571e+001
  1.0780573e+001
  1.0584231e+001
  1.0633192e+001
  1.0818099e+001
  1.0457070e+001
  1.0033341e+001
  1.0317510e+001
  1.0550769e+001
  1.0274670e+001
  1.0196174e+001
  1.0080319e+001
  9.7076420e+000
  9.7972209e+000
  1.0066831e+001
  9.9405819e+000
  1.0024119e+001
  1.0249008e+001
  1.0001034e+001
  9.9055130e+000
  1.0102054e+001
  9.9394884e+000
