  7.3352399e+001
  7.4045017e+001
  7.7803835e+001
  7.5690859e+001
  7.2657919e+001
  7.4733163e+001
  7.5896444e+001
  7.2946440e+001
  7.2823226e+001
  7.5108993e+001
  7.2442572e+001
  7.1260096e+001
  7.4856661e+001
  7.1198467e+001
  7.0054250e+001
  7.3990498e+001
  6.9745453e+001
  7.0402176e+001
  7.0262335e+001
  7.0245107e+001
  7.0184165e+001
  6.6700506e+001
  7.0535760e+001
  6.7494543e+001
  6.8780873e+001
  6.4812586e+001
  6.8701174e+001
  6.5822129e+001
  6.7029014e+001
  6.3213157e+001
  6.5580617e+001
  6.4975873e+001
  6.4130819e+001
  6.3641726e+001
  6.0647602e+001
  6.3693311e+001
  6.2157189e+001
  6.1423184e+001
  6.1451878e+001
  5.8118811e+001
  5.9267696e+001
  6.0571769e+001
  5.8303725e+001
  5.8359203e+001
  5.8218665e+001
  5.5322987e+001
  5.4489924e+001
  5.6120157e+001
  5.5950644e+001
  5.4208407e+001
  5.3975510e+001
  5.4509970e+001
  5.3319795e+001
  5.0940923e+001
  4.9598106e+001
  4.9748036e+001
  5.0073312e+001
  4.9495071e+001
  4.8173052e+001
  4.7087931e+001
  4.6698187e+001
  4.6843242e+001
  4.7004393e+001
  4.6729495e+001
  4.5925220e+001
  4.4805504e+001
  4.3621686e+001
  4.2577767e+001
  4.1683770e+001
  4.0935570e+001
  4.0271615e+001
  3.9620631e+001
  3.8992104e+001
  3.8386785e+001
  3.7842768e+001
  3.7425775e+001
  3.7115766e+001
  3.6878531e+001
  3.6583354e+001
  3.5973960e+001
  3.5038989e+001
  3.3816535e+001
  3.2650114e+001
  3.1868425e+001
  3.1555447e+001
  3.1299545e+001
  3.0632900e+001
  2.9463290e+001
  2.8443860e+001
  2.8249767e+001
  2.8499704e+001
  2.8129866e+001
  2.6973544e+001
  2.6215026e+001
  2.6083507e+001
  2.5266989e+001
  2.3797388e+001
  2.3320322e+001
  2.3592955e+001
  2.2870003e+001
  2.2089978e+001
  2.2048232e+001
  2.0858426e+001
  1.9807481e+001
  2.0059805e+001
  1.9405049e+001
  1.8882124e+001
  1.8567417e+001
  1.7201445e+001
  1.7233698e+001
  1.6770117e+001
  1.6311138e+001
  1.5795441e+001
  1.4762003e+001
  1.4921227e+001
  1.4187075e+001
  1.4037081e+001
  1.2907617e+001
  1.3014785e+001
  1.2373908e+001
  1.2202186e+001
  1.1227436e+001
  1.1231380e+001
  1.0779772e+001
  1.0313378e+001
  9.8512476e+000
  9.4751901e+000
  9.3996367e+000
  8.6357842e+000
  8.4011843e+000
  8.2837079e+000
  7.6779993e+000
  7.3934499e+000
  7.2306045e+000
  6.8090224e+000
  6.4716950e+000
  6.3073691e+000
  6.0094565e+000
  5.6371285e+000
  5.4864191e+000
  5.3028146e+000
  4.9243908e+000
  4.7361072e+000
  4.6535868e+000
  4.3507464e+000
  4.1182966e+000
  4.0384363e+000
  3.8361324e+000
  3.6745417e+000
  3.6040536e+000
  3.3859508e+000
  3.2197130e+000
  3.1922074e+000
  3.0607113e+000
  2.9705985e+000
  2.9907416e+000
  2.8901742e+000
  2.8151498e+000
  2.8491556e+000
  2.7942596e+000
