  1.0150497e+002
  1.0075954e+002
  9.8510112e+001
  9.7552269e+001
  1.0142930e+002
  1.0021213e+002
  9.5032701e+001
  9.8503265e+001
  1.0070478e+002
  9.4502149e+001
  9.6164871e+001
  9.9147425e+001
  9.4083238e+001
  9.5339962e+001
  9.5587309e+001
  9.3992621e+001
  9.5466548e+001
  9.0539199e+001
  9.5398962e+001
  9.2732649e+001
  9.0075638e+001
  9.2051851e+001
  9.0687459e+001
  9.1931863e+001
  8.6506654e+001
  9.0543398e+001
  8.8083861e+001
  8.9396636e+001
  8.4658097e+001
  8.6514309e+001
  8.6991218e+001
  8.5177193e+001
  8.5116505e+001
  8.0634831e+001
  8.4924664e+001
  8.2782720e+001
  8.1816799e+001
  8.1639957e+001
  7.7214279e+001
  7.9709679e+001
  8.0798845e+001
  7.7346491e+001
  7.7854357e+001
  7.6710809e+001
  7.2948497e+001
  7.3731522e+001
  7.6017566e+001
  7.4236846e+001
  7.1937393e+001
  7.2327093e+001
  7.1873670e+001
  6.8907136e+001
  6.6462083e+001
  6.6708223e+001
  6.7954385e+001
  6.7729583e+001
  6.6005494e+001
  6.4416383e+001
  6.4068711e+001
  6.4470658e+001
  6.4488049e+001
  6.3510389e+001
  6.1814386e+001
  5.9963316e+001
  5.8458931e+001
  5.7498063e+001
  5.6998493e+001
  5.6737838e+001
  5.6448598e+001
  5.6020822e+001
  5.5409614e+001
  5.4568122e+001
  5.3546272e+001
  5.2312771e+001
  5.0961376e+001
  4.9508772e+001
  4.8101418e+001
  4.6922627e+001
  4.6139410e+001
  4.5714476e+001
  4.5570946e+001
  4.5248142e+001
  4.4387592e+001
  4.2872973e+001
  4.1178222e+001
  4.0018827e+001
  3.9627914e+001
  3.9259181e+001
  3.7988556e+001
  3.6025332e+001
  3.4675828e+001
  3.4676565e+001
  3.4851692e+001
  3.3814336e+001
  3.2471771e+001
  3.2320488e+001
  3.1920370e+001
  2.9825132e+001
  2.8466386e+001
  2.8790364e+001
  2.8117068e+001
  2.6925908e+001
  2.7027858e+001
  2.5668510e+001
  2.3944829e+001
  2.4288752e+001
  2.3387575e+001
  2.2740799e+001
  2.2360171e+001
  2.0428498e+001
  2.0629772e+001
  1.9800390e+001
  1.9370801e+001
  1.8454170e+001
  1.7327229e+001
  1.7435372e+001
  1.6458086e+001
  1.6135188e+001
  1.4777633e+001
  1.4911750e+001
  1.4056852e+001
  1.3564552e+001
  1.2679330e+001
  1.2390681e+001
  1.2088808e+001
  1.0951539e+001
  1.0889584e+001
  1.0214575e+001
  9.8051729e+000
  9.2440275e+000
  8.6696972e+000
  8.5552879e+000
  7.8412237e+000
  7.3119088e+000
  7.2524614e+000
  6.6713958e+000
  6.1037803e+000
  5.9899599e+000
  5.6295213e+000
  5.1140555e+000
  4.8529074e+000
  4.5832321e+000
  4.2649537e+000
  4.0171054e+000
  3.6659939e+000
  3.3734935e+000
  3.2581620e+000
  3.0247336e+000
  2.7450320e+000
  2.5960845e+000
  2.3891025e+000
  2.1943880e+000
  2.1124476e+000
  1.9631799e+000
  1.8191694e+000
  1.7558977e+000
  1.6459467e+000
  1.5476687e+000
  1.5334119e+000
  1.4809713e+000
