  1.1498983e+002
  1.2092796e+002
  1.2263232e+002
  1.1618670e+002
  1.1590383e+002
  1.1988686e+002
  1.1784611e+002
  1.1461093e+002
  1.1695692e+002
  1.1719879e+002
  1.1295044e+002
  1.1563355e+002
  1.1624762e+002
  1.0982258e+002
  1.1542327e+002
  1.1414819e+002
  1.0796878e+002
  1.1423207e+002
  1.0985280e+002
  1.1098004e+002
  1.0715576e+002
  1.1000252e+002
  1.0958886e+002
  1.0528662e+002
  1.0655851e+002
  1.0633356e+002
  1.0690850e+002
  1.0271158e+002
  1.0244050e+002
  1.0476508e+002
  1.0195973e+002
  1.0262310e+002
  9.6634530e+001
  1.0172302e+002
  9.9358538e+001
  9.8276898e+001
  9.7795533e+001
  9.2669026e+001
  9.6430454e+001
  9.6801408e+001
  9.2647124e+001
  9.3646980e+001
  9.1178813e+001
  8.7632445e+001
  9.0383541e+001
  9.1955279e+001
  8.8148132e+001
  8.6342391e+001
  8.6950036e+001
  8.4897460e+001
  8.1392633e+001
  8.0896555e+001
  8.2970093e+001
  8.3608918e+001
  8.1420505e+001
  7.8858099e+001
  7.8044034e+001
  7.8271149e+001
  7.7818638e+001
  7.5907386e+001
  7.3219662e+001
  7.0856464e+001
  6.9469921e+001
  6.8916747e+001
  6.8710496e+001
  6.8423103e+001
  6.7749713e+001
  6.6739008e+001
  6.5438768e+001
  6.4084685e+001
  6.2795487e+001
  6.1643758e+001
  6.0685212e+001
  5.9835506e+001
  5.9064267e+001
  5.8184218e+001
  5.7084020e+001
  5.5682378e+001
  5.4038646e+001
  5.2335253e+001
  5.0995590e+001
  5.0276004e+001
  5.0193657e+001
  5.0241789e+001
  4.9698962e+001
  4.8270940e+001
  4.6455496e+001
  4.5371792e+001
  4.5209841e+001
  4.4793674e+001
  4.2868447e+001
  4.0314728e+001
  3.9137357e+001
  3.9329348e+001
  3.8777160e+001
  3.7102073e+001
  3.6572873e+001
  3.6709881e+001
  3.4723003e+001
  3.2434481e+001
  3.2461796e+001
  3.2010099e+001
  3.0458086e+001
  3.0647901e+001
  2.9298732e+001
  2.7053921e+001
  2.7387572e+001
  2.6390520e+001
  2.5601137e+001
  2.5132069e+001
  2.2864468e+001
  2.3218967e+001
  2.2061679e+001
  2.1716745e+001
  2.0276986e+001
  1.9429835e+001
  1.9261171e+001
  1.8331244e+001
  1.7457543e+001
  1.6439618e+001
  1.6250279e+001
  1.5535196e+001
  1.4366155e+001
  1.4104119e+001
  1.3239079e+001
  1.3024053e+001
  1.1663361e+001
  1.1607353e+001
  1.1096499e+001
  9.9589097e+000
  9.8793542e+000
  9.2596717e+000
  8.4848711e+000
  8.2205707e+000
  7.6896948e+000
  7.0428009e+000
  6.7168424e+000
  6.3611914e+000
  5.7333070e+000
  5.3033098e+000
  5.1460759e+000
  4.7004466e+000
  4.1288444e+000
  3.9023456e+000
  3.6897406e+000
  3.3129629e+000
  3.0316004e+000
  2.7249079e+000
  2.4129814e+000
  2.2603492e+000
  2.0760740e+000
  1.8441180e+000
  1.7002997e+000
  1.5215245e+000
  1.3445292e+000
  1.2472540e+000
  1.1367600e+000
  1.0331624e+000
  9.9803982e-001
  9.4674660e-001
