  1.1715562e+002
  1.2328846e+002
  1.1911248e+002
  1.1456539e+002
  1.1808225e+002
  1.1922326e+002
  1.1583255e+002
  1.1515468e+002
  1.1708983e+002
  1.1530438e+002
  1.1344112e+002
  1.1620432e+002
  1.1279688e+002
  1.1171629e+002
  1.1639093e+002
  1.0883032e+002
  1.1150153e+002
  1.1390041e+002
  1.0718313e+002
  1.1088205e+002
  1.0756043e+002
  1.1148241e+002
  1.0391184e+002
  1.0837519e+002
  1.0592886e+002
  1.0741008e+002
  1.0113850e+002
  1.0593097e+002
  1.0241326e+002
  1.0506148e+002
  9.7788440e+001
  1.0190810e+002
  1.0066090e+002
  9.9553945e+001
  9.9034921e+001
  9.3799765e+001
  9.8431207e+001
  9.7303046e+001
  9.3857699e+001
  9.4952460e+001
  9.1028791e+001
  9.0295829e+001
  9.4256750e+001
  9.1798530e+001
  8.7685341e+001
  8.8206380e+001
  8.7471009e+001
  8.4430893e+001
  8.4476274e+001
  8.7052705e+001
  8.6388856e+001
  8.2420495e+001
  7.9735708e+001
  7.9649212e+001
  7.9724827e+001
  7.8169196e+001
  7.5793996e+001
  7.4408637e+001
  7.4583092e+001
  7.5410959e+001
  7.5694238e+001
  7.4766002e+001
  7.2945741e+001
  7.0908269e+001
  6.9145874e+001
  6.7987023e+001
  6.7162433e+001
  6.6685310e+001
  6.6146471e+001
  6.5575231e+001
  6.4759488e+001
  6.3767056e+001
  6.2557987e+001
  6.1159596e+001
  5.9639161e+001
  5.8032380e+001
  5.6514139e+001
  5.5250692e+001
  5.4327086e+001
  5.3795183e+001
  5.3476784e+001
  5.2900221e+001
  5.1657742e+001
  4.9726793e+001
  4.7446314e+001
  4.5731327e+001
  4.4961678e+001
  4.4748643e+001
  4.3960723e+001
  4.2339216e+001
  4.0879914e+001
  4.0786810e+001
  4.1233121e+001
  3.9982812e+001
  3.7418952e+001
  3.6058663e+001
  3.5934953e+001
  3.4835109e+001
  3.3351699e+001
  3.3632326e+001
  3.3185854e+001
  3.0565350e+001
  2.9641002e+001
  2.9644278e+001
  2.8124483e+001
  2.8040051e+001
  2.7180309e+001
  2.4858297e+001
  2.5124087e+001
  2.4179622e+001
  2.3465739e+001
  2.2705833e+001
  2.0843311e+001
  2.1378311e+001
  1.9899622e+001
  1.9674442e+001
  1.7883988e+001
  1.8104617e+001
  1.6993875e+001
  1.6565615e+001
  1.5072107e+001
  1.5355661e+001
  1.4069258e+001
  1.3738942e+001
  1.2567753e+001
  1.2609195e+001
  1.1693009e+001
  1.0738582e+001
  1.0810003e+001
  9.7887234e+000
  9.2582887e+000
  8.9433366e+000
  8.1872128e+000
  7.7607983e+000
  7.3500759e+000
  6.7385415e+000
  6.2918075e+000
  5.9872916e+000
  5.4983355e+000
  4.9257093e+000
  4.6887649e+000
  4.4517814e+000
  3.8862322e+000
  3.4899766e+000
  3.3210013e+000
  3.0202635e+000
  2.7239516e+000
  2.4510596e+000
  2.1116747e+000
  1.9049731e+000
  1.7536614e+000
  1.5414168e+000
  1.3917951e+000
  1.2409866e+000
  1.0604252e+000
  9.5180604e-001
  8.4411763e-001
  7.3917948e-001
  6.9158147e-001
  6.4535425e-001
