  7.4565866e+001
  7.5470258e+001
  7.1205547e+001
  7.1365002e+001
  7.3649410e+001
  7.2505824e+001
  7.0978090e+001
  7.1328867e+001
  7.1927627e+001
  7.0542565e+001
  7.0295139e+001
  7.0978439e+001
  6.8973560e+001
  7.0296032e+001
  6.9613413e+001
  6.6897761e+001
  7.1030365e+001
  6.6900314e+001
  6.6978454e+001
  6.8660510e+001
  6.6305450e+001
  6.6717325e+001
  6.4632702e+001
  6.8112445e+001
  6.3403698e+001
  6.5179027e+001
  6.3321638e+001
  6.5863360e+001
  6.1866292e+001
  6.2441981e+001
  6.2834168e+001
  6.2043825e+001
  6.2188031e+001
  5.8426384e+001
  6.1398310e+001
  6.0415993e+001
  5.8833310e+001
  5.9225488e+001
  5.6366084e+001
  5.7515129e+001
  5.9172361e+001
  5.6001748e+001
  5.4888744e+001
  5.5555203e+001
  5.4046369e+001
  5.3463579e+001
  5.5033074e+001
  5.4438015e+001
  5.1462834e+001
  5.0042786e+001
  5.0726314e+001
  5.1019448e+001
  4.9912452e+001
  4.8856241e+001
  4.8911543e+001
  4.9314353e+001
  4.8797597e+001
  4.7183246e+001
  4.5288031e+001
  4.3956346e+001
  4.3418964e+001
  4.3354993e+001
  4.3299568e+001
  4.2951958e+001
  4.2275717e+001
  4.1332631e+001
  4.0313628e+001
  3.9330852e+001
  3.8429790e+001
  3.7633606e+001
  3.6914041e+001
  3.6265672e+001
  3.5670280e+001
  3.5128717e+001
  3.4658569e+001
  3.4264283e+001
  3.3925866e+001
  3.3614149e+001
  3.3163129e+001
  3.2554936e+001
  3.1656288e+001
  3.0599163e+001
  2.9587500e+001
  2.8926060e+001
  2.8760230e+001
  2.8929997e+001
  2.8860610e+001
  2.8111191e+001
  2.6914374e+001
  2.5958274e+001
  2.5592392e+001
  2.5206465e+001
  2.4126992e+001
  2.2928533e+001
  2.2727725e+001
  2.3170585e+001
  2.2541568e+001
  2.1102633e+001
  2.0538639e+001
  2.0282840e+001
  1.9263310e+001
  1.8913876e+001
  1.9195635e+001
  1.7930284e+001
  1.6896621e+001
  1.7010826e+001
  1.6207611e+001
  1.5987200e+001
  1.5555716e+001
  1.4199430e+001
  1.4452770e+001
  1.3799045e+001
  1.3392822e+001
  1.2700041e+001
  1.2029653e+001
  1.2207990e+001
  1.1234513e+001
  1.0994169e+001
  1.0198282e+001
  1.0411450e+001
  9.4260642e+000
  9.2160195e+000
  8.7068032e+000
  8.5492048e+000
  7.9114586e+000
  7.4677267e+000
  7.4889373e+000
  6.6861621e+000
  6.5353896e+000
  6.2226352e+000
  5.7574023e+000
  5.5418122e+000
  5.1565704e+000
  4.8630572e+000
  4.6108101e+000
  4.2725383e+000
  3.9797845e+000
  3.7614279e+000
  3.5350532e+000
  3.1988678e+000
  2.9434692e+000
  2.8578668e+000
  2.6040082e+000
  2.2835397e+000
  2.1510569e+000
  2.0052747e+000
  1.8221044e+000
  1.6827588e+000
  1.4808756e+000
  1.3200848e+000
  1.2351598e+000
  1.1092744e+000
  1.0154750e+000
  9.4020197e-001
  8.2801595e-001
  7.5963568e-001
  6.9921311e-001
  6.2781977e-001
  6.0122028e-001
  5.7422453e-001
