  4.7494670e+001
  4.6971755e+001
  4.7805000e+001
  4.8965829e+001
  4.6372948e+001
  4.5971643e+001
  4.8750269e+001
  4.6583296e+001
  4.4967293e+001
  4.7911099e+001
  4.6263192e+001
  4.4336707e+001
  4.7361476e+001
  4.5172814e+001
  4.4202471e+001
  4.6307771e+001
  4.4070735e+001
  4.4775114e+001
  4.3603493e+001
  4.4849504e+001
  4.3498744e+001
  4.2591983e+001
  4.4198509e+001
  4.2545459e+001
  4.2507945e+001
  4.1612306e+001
  4.3064650e+001
  4.1349231e+001
  4.0708586e+001
  4.1350377e+001
  4.0725241e+001
  4.1204516e+001
  3.8463371e+001
  4.0291438e+001
  3.9747750e+001
  3.8867578e+001
  3.8999334e+001
  3.7049879e+001
  3.8156182e+001
  3.8880756e+001
  3.6639857e+001
  3.6409589e+001
  3.6620552e+001
  3.5494360e+001
  3.5773106e+001
  3.6568015e+001
  3.5187713e+001
  3.3386774e+001
  3.3420073e+001
  3.4114319e+001
  3.3748335e+001
  3.2824001e+001
  3.2585677e+001
  3.2804632e+001
  3.2410439e+001
  3.1226068e+001
  2.9976177e+001
  2.9336510e+001
  2.9352296e+001
  2.9607692e+001
  2.9659746e+001
  2.9357881e+001
  2.8746375e+001
  2.8051371e+001
  2.7446253e+001
  2.6969177e+001
  2.6637744e+001
  2.6378184e+001
  2.6131257e+001
  2.5850443e+001
  2.5516811e+001
  2.5113812e+001
  2.4647995e+001
  2.4120394e+001
  2.3550205e+001
  2.2972608e+001
  2.2411334e+001
  2.1933708e+001
  2.1550748e+001
  2.1297778e+001
  2.1068649e+001
  2.0769509e+001
  2.0263925e+001
  1.9510507e+001
  1.8670881e+001
  1.8019810e+001
  1.7776768e+001
  1.7852200e+001
  1.7865303e+001
  1.7434259e+001
  1.6719145e+001
  1.6263399e+001
  1.6120898e+001
  1.5693259e+001
  1.4806334e+001
  1.4259593e+001
  1.4469539e+001
  1.4472949e+001
  1.3631196e+001
  1.3038651e+001
  1.2924640e+001
  1.2350869e+001
  1.1956562e+001
  1.2183032e+001
  1.1506377e+001
  1.0737261e+001
  1.0821493e+001
  1.0355402e+001
  1.0161321e+001
  9.8700729e+000
  9.0403948e+000
  9.2465921e+000
  8.7680713e+000
  8.5136290e+000
  8.0114233e+000
  7.7687793e+000
  7.7286192e+000
  7.1414529e+000
  6.9392604e+000
  6.6182128e+000
  6.5466702e+000
  6.0128259e+000
  5.8204678e+000
  5.7005141e+000
  5.2800954e+000
  5.1147035e+000
  4.7819182e+000
  4.7433677e+000
  4.2876412e+000
  4.1349673e+000
  4.0749260e+000
  3.6143211e+000
  3.5288925e+000
  3.4324329e+000
  3.0408589e+000
  2.9399387e+000
  2.8657693e+000
  2.5395203e+000
  2.3899676e+000
  2.3399966e+000
  2.1175541e+000
  1.9419537e+000
  1.8327551e+000
  1.6995187e+000
  1.6092855e+000
  1.4678374e+000
  1.3061672e+000
  1.2415496e+000
  1.1575156e+000
  1.0582762e+000
  9.9736217e-001
  8.9397150e-001
  8.1367274e-001
  7.6860899e-001
  6.9870953e-001
  6.6337792e-001
  6.3603179e-001
  5.8976808e-001
  5.7912946e-001
  5.6366424e-001
