  2.8880513e+001
  2.7784348e+001
  2.6746306e+001
  2.7673330e+001
  2.7871130e+001
  2.7210146e+001
  2.6920000e+001
  2.7153073e+001
  2.7280579e+001
  2.6581265e+001
  2.6737200e+001
  2.6823128e+001
  2.6226090e+001
  2.6655194e+001
  2.5882458e+001
  2.6167756e+001
  2.6437136e+001
  2.4821487e+001
  2.6493576e+001
  2.5225254e+001
  2.5203001e+001
  2.5079523e+001
  2.5395507e+001
  2.4654215e+001
  2.4343207e+001
  2.4781226e+001
  2.4576817e+001
  2.3626768e+001
  2.4102207e+001
  2.3672886e+001
  2.4237181e+001
  2.2516701e+001
  2.3420407e+001
  2.3195363e+001
  2.2806622e+001
  2.2805947e+001
  2.1628136e+001
  2.2448103e+001
  2.2627704e+001
  2.1368511e+001
  2.1456920e+001
  2.1362376e+001
  2.0769187e+001
  2.1231437e+001
  2.1374929e+001
  2.0180404e+001
  1.9533627e+001
  1.9987527e+001
  2.0188202e+001
  1.9652455e+001
  1.9259044e+001
  1.9320234e+001
  1.9190829e+001
  1.8545670e+001
  1.7828123e+001
  1.7550971e+001
  1.7729555e+001
  1.7998257e+001
  1.7998430e+001
  1.7660465e+001
  1.7158054e+001
  1.6714260e+001
  1.6408638e+001
  1.6239323e+001
  1.6128244e+001
  1.6010648e+001
  1.5847100e+001
  1.5634618e+001
  1.5383320e+001
  1.5114990e+001
  1.4848216e+001
  1.4589526e+001
  1.4348080e+001
  1.4113686e+001
  1.3878047e+001
  1.3630119e+001
  1.3344828e+001
  1.3027101e+001
  1.2683069e+001
  1.2341197e+001
  1.2055675e+001
  1.1867629e+001
  1.1776479e+001
  1.1700048e+001
  1.1517011e+001
  1.1123328e+001
  1.0584694e+001
  1.0118403e+001
  9.9202815e+000
  9.9455793e+000
  9.9191010e+000
  9.6398528e+000
  9.2809982e+000
  9.1390937e+000
  9.0486807e+000
  8.6385265e+000
  8.1409170e+000
  8.0956272e+000
  8.2389640e+000
  7.9031515e+000
  7.4576394e+000
  7.3702643e+000
  7.1185428e+000
  6.8225336e+000
  6.9417631e+000
  6.6301965e+000
  6.1482112e+000
  6.2029998e+000
  5.9649318e+000
  5.8251784e+000
  5.6402572e+000
  5.2109294e+000
  5.3483339e+000
  5.0309719e+000
  4.8941961e+000
  4.5956089e+000
  4.5590658e+000
  4.4113642e+000
  4.1388332e+000
  3.9944291e+000
  3.9203985e+000
  3.7144224e+000
  3.5352909e+000
  3.3838785e+000
  3.3656413e+000
  3.0257150e+000
  3.0279537e+000
  2.8628135e+000
  2.6953630e+000
  2.6038013e+000
  2.4544796e+000
  2.3672855e+000
  2.2137708e+000
  2.1053280e+000
  2.0284493e+000
  1.8892497e+000
  1.7891926e+000
  1.6991307e+000
  1.6099913e+000
  1.5190077e+000
  1.3987276e+000
  1.3431259e+000
  1.2947039e+000
  1.1673183e+000
  1.0971878e+000
  1.0600630e+000
  9.8150085e-001
  9.3542812e-001
  8.7186558e-001
  7.9606949e-001
  7.7215339e-001
  7.2692220e-001
  6.8534326e-001
  6.6855049e-001
  6.1992162e-001
  5.9283613e-001
  5.7577844e-001
  5.3909646e-001
  5.3437994e-001
  5.2617492e-001
