  1.4182406e+001
  1.4149806e+001
  1.4590211e+001
  1.4347242e+001
  1.3614362e+001
  1.4270470e+001
  1.4465504e+001
  1.3498677e+001
  1.3939873e+001
  1.4324032e+001
  1.3347595e+001
  1.3780366e+001
  1.4081017e+001
  1.3088048e+001
  1.3778688e+001
  1.3623254e+001
  1.3051625e+001
  1.3552789e+001
  1.3116043e+001
  1.3362146e+001
  1.2681994e+001
  1.3386003e+001
  1.2786823e+001
  1.2779965e+001
  1.2626199e+001
  1.2997977e+001
  1.2279495e+001
  1.2538610e+001
  1.2235501e+001
  1.2705552e+001
  1.1794915e+001
  1.2132811e+001
  1.2073222e+001
  1.1927467e+001
  1.1919507e+001
  1.1275336e+001
  1.1752156e+001
  1.1768471e+001
  1.1161877e+001
  1.1272570e+001
  1.1111515e+001
  1.0890353e+001
  1.1225210e+001
  1.1057933e+001
  1.0412250e+001
  1.0349028e+001
  1.0646478e+001
  1.0547417e+001
  1.0225184e+001
  1.0166195e+001
  1.0165928e+001
  9.8995234e+000
  9.5340862e+000
  9.3975377e+000
  9.5369332e+000
  9.6986866e+000
  9.6429483e+000
  9.3748684e+000
  9.0517458e+000
  8.8169267e+000
  8.7007846e+000
  8.6471020e+000
  8.5891272e+000
  8.4867663e+000
  8.3356431e+000
  8.1566966e+000
  7.9675918e+000
  7.7856132e+000
  7.6188848e+000
  7.4694712e+000
  7.3328707e+000
  7.2081870e+000
  7.0974340e+000
  6.9937029e+000
  6.9037320e+000
  6.8259146e+000
  6.7544713e+000
  6.6870610e+000
  6.6107545e+000
  6.5036392e+000
  6.3679327e+000
  6.2001524e+000
  6.0348447e+000
  5.9150819e+000
  5.8719871e+000
  5.8771483e+000
  5.8417867e+000
  5.6815834e+000
  5.4109463e+000
  5.1581353e+000
  5.0516707e+000
  5.0549151e+000
  5.0077162e+000
  4.8439891e+000
  4.7138673e+000
  4.6895570e+000
  4.5704198e+000
  4.2972636e+000
  4.1653747e+000
  4.2512271e+000
  4.1709609e+000
  3.9223333e+000
  3.8435455e+000
  3.7522269e+000
  3.5905157e+000
  3.6302762e+000
  3.5037276e+000
  3.2500261e+000
  3.2777520e+000
  3.1724830e+000
  3.0868082e+000
  2.9840889e+000
  2.7940022e+000
  2.8659247e+000
  2.6867200e+000
  2.6192916e+000
  2.4758494e+000
  2.4935004e+000
  2.3518219e+000
  2.2593682e+000
  2.1799347e+000
  2.1701250e+000
  1.9996379e+000
  1.9779963e+000
  1.8871944e+000
  1.8486189e+000
  1.7084127e+000
  1.7043916e+000
  1.6349707e+000
  1.5079431e+000
  1.5188217e+000
  1.4318883e+000
  1.3378111e+000
  1.3342451e+000
  1.2570843e+000
  1.1750789e+000
  1.1702259e+000
  1.1042417e+000
  1.0252882e+000
  1.0195908e+000
  9.7078271e-001
  9.0163944e-001
  8.8323091e-001
  8.4073452e-001
  8.0324655e-001
  7.7998202e-001
  7.2453874e-001
  7.0444911e-001
  6.9103313e-001
  6.4948395e-001
  6.3681612e-001
  6.0708706e-001
  5.7443929e-001
  5.7214673e-001
  5.4749343e-001
  5.3782730e-001
  5.3962256e-001
  5.1731997e-001
  5.2114505e-001
  5.2045702e-001
