  2.8886149e+000
  2.8968785e+000
  2.9537048e+000
  2.8192458e+000
  2.8122844e+000
  2.9531818e+000
  2.8252238e+000
  2.7673189e+000
  2.9057890e+000
  2.8058643e+000
  2.7444772e+000
  2.8738646e+000
  2.7520980e+000
  2.7254901e+000
  2.8501630e+000
  2.6748120e+000
  2.7429105e+000
  2.7606121e+000
  2.6696613e+000
  2.7013393e+000
  2.6735514e+000
  2.7137713e+000
  2.5675213e+000
  2.7020270e+000
  2.5988436e+000
  2.6185601e+000
  2.5347233e+000
  2.6470676e+000
  2.5311879e+000
  2.5208900e+000
  2.5294583e+000
  2.5223978e+000
  2.5253210e+000
  2.3991265e+000
  2.4836238e+000
  2.4752256e+000
  2.3954852e+000
  2.4067558e+000
  2.3535110e+000
  2.3664078e+000
  2.4118873e+000
  2.3125137e+000
  2.2473298e+000
  2.2990824e+000
  2.3063327e+000
  2.2486986e+000
  2.2287898e+000
  2.2220233e+000
  2.1711000e+000
  2.1278448e+000
  2.1403521e+000
  2.1757074e+000
  2.1617835e+000
  2.0936530e+000
  2.0277125e+000
  2.0003391e+000
  2.0042946e+000
  2.0097853e+000
  1.9988316e+000
  1.9726224e+000
  1.9419214e+000
  1.9149421e+000
  1.8977385e+000
  1.8836042e+000
  1.8755563e+000
  1.8616050e+000
  1.8460520e+000
  1.8259755e+000
  1.8028775e+000
  1.7792438e+000
  1.7546486e+000
  1.7311043e+000
  1.7099042e+000
  1.6873684e+000
  1.6668655e+000
  1.6459348e+000
  1.6224910e+000
  1.5964414e+000
  1.5670670e+000
  1.5375163e+000
  1.5095327e+000
  1.4857043e+000
  1.4678802e+000
  1.4521850e+000
  1.4346622e+000
  1.4063288e+000
  1.3702294e+000
  1.3353226e+000
  1.3155069e+000
  1.3156010e+000
  1.3208992e+000
  1.3028367e+000
  1.2613167e+000
  1.2236627e+000
  1.2068990e+000
  1.1962321e+000
  1.1767216e+000
  1.1602380e+000
  1.1535786e+000
  1.1268154e+000
  1.0830613e+000
  1.0716127e+000
  1.0795516e+000
  1.0549819e+000
  1.0224381e+000
  1.0046724e+000
  9.8622515e-001
  9.8357781e-001
  9.6851558e-001
  9.2608566e-001
  9.2143611e-001
  9.1659150e-001
  8.9471278e-001
  8.6883474e-001
  8.5178048e-001
  8.5779796e-001
  8.2728043e-001
  8.0581175e-001
  8.0029432e-001
  7.9494763e-001
  7.6219872e-001
  7.5366769e-001
  7.5208571e-001
  7.2892085e-001
  7.0794741e-001
  7.1418939e-001
  6.9123734e-001
  6.7316112e-001
  6.7337192e-001
  6.5955052e-001
  6.3871271e-001
  6.3834718e-001
  6.2896970e-001
  6.0683011e-001
  6.0817631e-001
  5.9808684e-001
  5.8040934e-001
  5.8069864e-001
  5.6658150e-001
  5.6097355e-001
  5.5883932e-001
  5.3481564e-001
  5.4007739e-001
  5.4248970e-001
  5.1824629e-001
  5.1904503e-001
  5.0978476e-001
  5.0430822e-001
  5.1630988e-001
  4.9859521e-001
  4.9394438e-001
  4.9121944e-001
  4.7369326e-001
  4.8398928e-001
  4.7793525e-001
  4.7528224e-001
  4.8699593e-001
  4.7398311e-001
  4.8107694e-001
  4.8584951e-001
