  1.2916339e+000
  1.2647779e+000
  1.3068627e+000
  1.2889516e+000
  1.2794940e+000
  1.2802028e+000
  1.2687301e+000
  1.2875369e+000
  1.2647502e+000
  1.2543485e+000
  1.2823082e+000
  1.2505701e+000
  1.2475739e+000
  1.2623092e+000
  1.2422059e+000
  1.2400545e+000
  1.2365372e+000
  1.2499719e+000
  1.2103534e+000
  1.2299046e+000
  1.2380203e+000
  1.1945571e+000
  1.2158911e+000
  1.2119706e+000
  1.2011397e+000
  1.1770224e+000
  1.2082327e+000
  1.1869380e+000
  1.1651798e+000
  1.1740955e+000
  1.1745527e+000
  1.1728472e+000
  1.1332838e+000
  1.1571091e+000
  1.1582259e+000
  1.1321778e+000
  1.1289652e+000
  1.1175016e+000
  1.1280659e+000
  1.1303037e+000
  1.0944609e+000
  1.0865902e+000
  1.1030926e+000
  1.0976138e+000
  1.0802560e+000
  1.0729982e+000
  1.0627913e+000
  1.0518657e+000
  1.0526326e+000
  1.0595652e+000
  1.0525312e+000
  1.0311834e+000
  1.0114611e+000
  1.0057684e+000
  1.0092189e+000
  1.0110303e+000
  1.0061701e+000
  9.9513086e-001
  9.8369357e-001
  9.7496586e-001
  9.6845936e-001
  9.6174959e-001
  9.5452392e-001
  9.4415691e-001
  9.3490310e-001
  9.2377106e-001
  9.1443315e-001
  9.0543155e-001
  8.9696990e-001
  8.8950311e-001
  8.8201392e-001
  8.7464814e-001
  8.6726906e-001
  8.6001586e-001
  8.5297238e-001
  8.4613600e-001
  8.3980584e-001
  8.3378744e-001
  8.2799725e-001
  8.2267986e-001
  8.1685554e-001
  8.1050794e-001
  8.0367849e-001
  7.9612433e-001
  7.9003927e-001
  7.8450440e-001
  7.7890537e-001
  7.7132784e-001
  7.6108227e-001
  7.4849073e-001
  7.3737394e-001
  7.3209309e-001
  7.3231726e-001
  7.3189177e-001
  7.2413011e-001
  7.0926152e-001
  6.9623202e-001
  6.9185096e-001
  6.9159898e-001
  6.8851992e-001
  6.8002019e-001
  6.6864150e-001
  6.5678478e-001
  6.5561218e-001
  6.5972679e-001
  6.4786727e-001
  6.3013129e-001
  6.3068808e-001
  6.3155800e-001
  6.2393690e-001
  6.1194250e-001
  6.0175429e-001
  6.1175954e-001
  6.0008174e-001
  5.8495032e-001
  5.8687963e-001
  5.8691185e-001
  5.7707664e-001
  5.6187175e-001
  5.7471575e-001
  5.6146671e-001
  5.5227903e-001
  5.5101284e-001
  5.5472884e-001
  5.3631475e-001
  5.3578774e-001
  5.4430018e-001
  5.1943644e-001
  5.2837319e-001
  5.2644787e-001
  5.1059695e-001
  5.1793388e-001
  5.1226970e-001
  5.0073118e-001
  5.0912259e-001
  5.0063930e-001
  4.8859757e-001
  5.0322716e-001
  4.9164748e-001
  4.7641270e-001
  4.9425253e-001
  4.8613615e-001
  4.7516320e-001
  4.7868783e-001
  4.6960484e-001
  4.8148494e-001
  4.7927512e-001
  4.6155380e-001
  4.6813350e-001
  4.5932791e-001
  4.6300528e-001
  4.7449292e-001
  4.6229213e-001
  4.7092392e-001
  4.6345398e-001
  4.5409580e-001
  4.6241465e-001
  4.4800843e-001
  4.5249620e-001
  4.5763459e-001
