  4.1834477e+003
  4.2280740e+003
  4.2440755e+003
  4.2133891e+003
  4.1499349e+003
  4.0900568e+003
  4.0686899e+003
  4.0970578e+003
  4.1561948e+003
  4.2099990e+003
  4.2289196e+003
  4.2088436e+003
  4.1731933e+003
  4.1571852e+003
  4.1845575e+003
  4.2516992e+003
  4.3292383e+003
  4.3799542e+003
  4.3815111e+003
  4.3395664e+003
  4.2831225e+003
  4.2454576e+003
  4.2431083e+003
  4.2662895e+003
  4.2864137e+003
  4.2753218e+003
  4.2237521e+003
  4.1477369e+003
  4.0796523e+003
  4.0499724e+003
  4.0706798e+003
  4.1294973e+003
  4.1974731e+003
  4.2450884e+003
  4.2577461e+003
  4.2421627e+003
  4.2203389e+003
  4.2148246e+003
  4.2341058e+003
  4.2669402e+003
  4.2890530e+003
  4.2780170e+003
  4.2273043e+003
  4.1514296e+003
  4.0797309e+003
  4.0426290e+003
  4.0574939e+003
  4.1205792e+003
  4.2082710e+003
  4.2869392e+003
  4.3271522e+003
  4.3159356e+003
  4.2613631e+003
  4.1874702e+003
  4.1225671e+003
  4.0872689e+003
  4.0878161e+003
  4.1164869e+003
  4.1571736e+003
  4.1927498e+003
  4.2114004e+003
  4.2100925e+003
  4.1941908e+003
  4.1734911e+003
  4.1567613e+003
  4.1479164e+003
  4.1458113e+003
  4.1469193e+003
  4.1482807e+003
  4.1486741e+003
  4.1480648e+003
  4.1466801e+003
  4.1445973e+003
  4.1417006e+003
  4.1377335e+003
  4.1327114e+003
  4.1278417e+003
  4.1260772e+003
  4.1309550e+003
  4.1436598e+003
  4.1603423e+003
  4.1723121e+003
  4.1698523e+003
  4.1476812e+003
  4.1089189e+003
  4.0654437e+003
  4.0343632e+003
  4.0316332e+003
  4.0646969e+003
  4.1269914e+003
  4.1976654e+003
  4.2483741e+003
  4.2552960e+003
  4.2107631e+003
  4.1281899e+003
  4.0372670e+003
  3.9715385e+003
  3.9541958e+003
  3.9884574e+003
  4.0566804e+003
  4.1287016e+003
  4.1759606e+003
  4.1848980e+003
  4.1626574e+003
  4.1315205e+003
  4.1147718e+003
  4.1221563e+003
  4.1438204e+003
  4.1566117e+003
  4.1389863e+003
  4.0854955e+003
  4.0121243e+003
  3.9491523e+003
  3.9253195e+003
  3.9519985e+003
  4.0163250e+003
  4.0876322e+003
  4.1341978e+003
  4.1410296e+003
  4.1180549e+003
  4.0931941e+003
  4.0939794e+003
  4.1290129e+003
  4.1813084e+003
  4.2183238e+003
  4.2126607e+003
  4.1601743e+003
  4.0835936e+003
  4.0190055e+003
  3.9936639e+003
  4.0092912e+003
  4.0416108e+003
  4.0565006e+003
  4.0325071e+003
  3.9752937e+003
  3.9146121e+003
  3.8854991e+003
  3.9056235e+003
  3.9634576e+003
  4.0252419e+003
  4.0566041e+003
  4.0449260e+003
  4.0076163e+003
  3.9802901e+003
  3.9920017e+003
  4.0436206e+003
  4.1041230e+003
  4.1284861e+003
  4.0869504e+003
  3.9875828e+003
  3.8774694e+003
  3.8204661e+003
  3.8634861e+003
  4.0102458e+003
  4.2171573e+003
  4.4133906e+003
  4.5338115e+003
  4.5474087e+003
  4.4679430e+003
  4.3442054e+003
