  4.0244108e-001
  4.1693268e-001
  4.0193910e-001
  4.0261020e-001
  4.0809971e-001
  4.0624336e-001
  4.0827658e-001
  3.9957895e-001
  4.1005776e-001
  4.0888821e-001
  3.9728771e-001
  4.1309944e-001
  4.0483254e-001
  4.0063113e-001
  4.1279668e-001
  4.0143724e-001
  4.0613527e-001
  4.0537286e-001
  4.0981018e-001
  3.9822128e-001
  4.1165408e-001
  4.0609733e-001
  3.9970120e-001
  4.1013659e-001
  4.0745476e-001
  3.9903930e-001
  4.0906894e-001
  4.0673498e-001
  4.0564309e-001
  3.9739923e-001
  4.1668379e-001
  4.0164726e-001
  4.0006734e-001
  4.1034887e-001
  4.0491659e-001
  4.0734866e-001
  4.0028483e-001
  4.0248001e-001
  4.1586858e-001
  4.0396123e-001
  3.9412333e-001
  4.0838165e-001
  4.1429725e-001
  4.0245695e-001
  3.9875562e-001
  4.0538433e-001
  4.0744514e-001
  4.0497415e-001
  4.0553786e-001
  4.0717027e-001
  4.0421183e-001
  3.9961928e-001
  3.9995364e-001
  4.0633836e-001
  4.1269820e-001
  4.1267600e-001
  4.0680815e-001
  3.9941427e-001
  3.9468210e-001
  3.9487129e-001
  3.9909117e-001
  4.0487028e-001
  4.1054518e-001
  4.1413493e-001
  4.1558766e-001
  4.1536012e-001
  4.1445617e-001
  4.1274894e-001
  4.1083008e-001
  4.0973090e-001
  4.0879988e-001
  4.0864739e-001
  4.0866381e-001
  4.0940804e-001
  4.1101764e-001
  4.1240285e-001
  4.1389018e-001
  4.1502525e-001
  4.1504185e-001
  4.1367395e-001
  4.0962466e-001
  4.0414583e-001
  3.9826992e-001
  3.9403332e-001
  3.9387154e-001
  3.9862663e-001
  4.0578563e-001
  4.1185449e-001
  4.1125254e-001
  4.0504282e-001
  3.9894907e-001
  3.9835704e-001
  4.0276249e-001
  4.0587188e-001
  4.0431302e-001
  4.0362620e-001
  4.0593625e-001
  4.0380716e-001
  3.9719527e-001
  4.0072136e-001
  4.1265283e-001
  4.0677779e-001
  3.9209846e-001
  4.0201863e-001
  4.1345773e-001
  4.0036605e-001
  3.9828115e-001
  4.0505712e-001
  4.0270655e-001
  4.0820466e-001
  3.9750134e-001
  3.9940795e-001
  4.1397510e-001
  3.9497430e-001
  4.0284698e-001
  4.0415995e-001
  4.0664587e-001
  3.9633826e-001
  4.0507557e-001
  4.0744906e-001
  3.9699429e-001
  4.0307700e-001
  4.0874054e-001
  3.9552679e-001
  4.0648947e-001
  4.0241789e-001
  4.0290405e-001
  3.9852399e-001
  4.0973784e-001
  3.9761240e-001
  4.0126944e-001
  4.1003303e-001
  3.9415729e-001
  4.0561256e-001
  4.0650748e-001
  3.9616977e-001
  4.0502993e-001
  4.0286630e-001
  4.0437791e-001
  3.9917128e-001
  3.9833095e-001
  4.1382965e-001
  3.9847756e-001
  3.9584543e-001
  4.0530098e-001
  4.0160967e-001
  4.1189036e-001
  3.9916874e-001
  3.9526837e-001
  4.0224246e-001
  3.9628998e-001
  4.1127931e-001
  4.0607343e-001
  4.0590886e-001
  4.0916193e-001
  3.9603405e-001
  4.0451318e-001
  3.9541784e-001
  3.9552105e-001
  4.0304839e-001
