  3.9056442e-001
  3.8867305e-001
  3.8409970e-001
  4.0092841e-001
  3.8804982e-001
  3.8278001e-001
  3.9892703e-001
  3.8812069e-001
  3.8716498e-001
  3.9489229e-001
  3.8764134e-001
  3.8977747e-001
  3.9368273e-001
  3.8574770e-001
  3.9371495e-001
  3.9120132e-001
  3.8369867e-001
  4.0082644e-001
  3.8179335e-001
  3.9262889e-001
  3.9349241e-001
  3.8664721e-001
  3.8903004e-001
  3.9638445e-001
  3.8520297e-001
  3.8994939e-001
  3.9277554e-001
  3.9303142e-001
  3.8038543e-001
  4.0026056e-001
  3.8823122e-001
  3.8679088e-001
  3.9162225e-001
  3.9090837e-001
  3.9465420e-001
  3.8205913e-001
  3.8967158e-001
  4.0109111e-001
  3.8517005e-001
  3.8222562e-001
  3.9655919e-001
  3.9433403e-001
  3.8622994e-001
  3.8815243e-001
  3.9041341e-001
  3.8936175e-001
  3.9128840e-001
  3.9416378e-001
  3.9006871e-001
  3.8372410e-001
  3.8440688e-001
  3.9279474e-001
  3.9894848e-001
  3.9675706e-001
  3.8797606e-001
  3.8069849e-001
  3.8015134e-001
  3.8602878e-001
  3.9368341e-001
  3.9955717e-001
  4.0137585e-001
  3.9883036e-001
  3.9436696e-001
  3.8911552e-001
  3.8467811e-001
  3.8153407e-001
  3.7982542e-001
  3.7896860e-001
  3.7875942e-001
  3.7891445e-001
  3.7905930e-001
  3.7908112e-001
  3.7902150e-001
  3.7894791e-001
  3.7884333e-001
  3.7883228e-001
  3.7970150e-001
  3.8141654e-001
  3.8446844e-001
  3.8903406e-001
  3.9389422e-001
  3.9858457e-001
  4.0109112e-001
  3.9942989e-001
  3.9347630e-001
  3.8571620e-001
  3.7990448e-001
  3.8050345e-001
  3.8749503e-001
  3.9626995e-001
  3.9892104e-001
  3.9245110e-001
  3.8412335e-001
  3.8341932e-001
  3.8992869e-001
  3.9413713e-001
  3.9106927e-001
  3.8886222e-001
  3.9037941e-001
  3.8779952e-001
  3.8587445e-001
  3.9424935e-001
  3.9575654e-001
  3.8178148e-001
  3.8450229e-001
  4.0047499e-001
  3.8913117e-001
  3.8152317e-001
  3.9410557e-001
  3.9039928e-001
  3.9096365e-001
  3.8624979e-001
  3.8743198e-001
  3.9963271e-001
  3.7968691e-001
  3.9242419e-001
  3.9187582e-001
  3.8954485e-001
  3.8444498e-001
  3.9584516e-001
  3.8801042e-001
  3.8599747e-001
  3.9244734e-001
  3.9234718e-001
  3.8075093e-001
  3.9995680e-001
  3.8284779e-001
  3.9047439e-001
  3.9292715e-001
  3.8507782e-001
  3.9271238e-001
  3.8905746e-001
  3.8695062e-001
  3.9411429e-001
  3.8618074e-001
  3.8713490e-001
  3.9822398e-001
  3.8206654e-001
  3.8716689e-001
  4.0005111e-001
  3.8324229e-001
  3.8756769e-001
  3.8981357e-001
  3.9171209e-001
  3.9656304e-001
  3.7968602e-001
  3.8806848e-001
  3.9072992e-001
  3.9136704e-001
  3.9938436e-001
  3.8449559e-001
  3.8922415e-001
  3.8335286e-001
  3.8233117e-001
  3.9210793e-001
  3.8407094e-001
  3.9690035e-001
  3.9176608e-001
  3.9253079e-001
  4.0156095e-001
