  3.7939620e-001
  3.8424483e-001
  3.7382941e-001
  3.7730448e-001
  3.7379695e-001
  3.8362695e-001
  3.7651598e-001
  3.7016994e-001
  3.8777306e-001
  3.7231912e-001
  3.7327362e-001
  3.8777349e-001
  3.6777284e-001
  3.8062611e-001
  3.8221387e-001
  3.6785759e-001
  3.8662631e-001
  3.7308607e-001
  3.7704073e-001
  3.7774192e-001
  3.8046258e-001
  3.7028944e-001
  3.8402717e-001
  3.7583753e-001
  3.7466804e-001
  3.7777450e-001
  3.8377634e-001
  3.6693697e-001
  3.8445459e-001
  3.7685311e-001
  3.7670969e-001
  3.7445497e-001
  3.7940325e-001
  3.8304026e-001
  3.6740656e-001
  3.7879147e-001
  3.8656305e-001
  3.7076548e-001
  3.7355399e-001
  3.8247269e-001
  3.7787374e-001
  3.7605210e-001
  3.7724621e-001
  3.7420085e-001
  3.7615315e-001
  3.8337320e-001
  3.8055247e-001
  3.7109091e-001
  3.6959065e-001
  3.7928362e-001
  3.8692353e-001
  3.8326467e-001
  3.7255907e-001
  3.6666943e-001
  3.7002724e-001
  3.7920460e-001
  3.8643913e-001
  3.8790281e-001
  3.8308587e-001
  3.7614041e-001
  3.7004017e-001
  3.6683163e-001
  3.6686420e-001
  3.6920834e-001
  3.7272516e-001
  3.7636270e-001
  3.7955402e-001
  3.8207635e-001
  3.8390882e-001
  3.8493080e-001
  3.8573273e-001
  3.8578273e-001
  3.8565934e-001
  3.8510547e-001
  3.8380493e-001
  3.8196338e-001
  3.7969161e-001
  3.7621885e-001
  3.7276765e-001
  3.6920334e-001
  3.6671039e-001
  3.6672012e-001
  3.7000282e-001
  3.7607223e-001
  3.8304599e-001
  3.8761319e-001
  3.8634947e-001
  3.7901590e-001
  3.7000095e-001
  3.6647465e-001
  3.7263488e-001
  3.8307884e-001
  3.8685035e-001
  3.7919744e-001
  3.6944987e-001
  3.7093582e-001
  3.8049199e-001
  3.8268610e-001
  3.7624886e-001
  3.7404994e-001
  3.7714177e-001
  3.7606708e-001
  3.7755692e-001
  3.8232131e-001
  3.7339072e-001
  3.7050983e-001
  3.8632670e-001
  3.7871948e-001
  3.6707790e-001
  3.8284631e-001
  3.7935324e-001
  3.7418820e-001
  3.7645090e-001
  3.7657925e-001
  3.8404702e-001
  3.6676595e-001
  3.8310774e-001
  3.7772366e-001
  3.7420588e-001
  3.7564079e-001
  3.8320063e-001
  3.7024466e-001
  3.7981898e-001
  3.7782384e-001
  3.7653731e-001
  3.7283539e-001
  3.8620603e-001
  3.6757559e-001
  3.8145619e-001
  3.8053737e-001
  3.6740124e-001
  3.8744889e-001
  3.7304860e-001
  3.7208087e-001
  3.8733822e-001
  3.6975757e-001
  3.7577208e-001
  3.8349145e-001
  3.7354566e-001
  3.7698632e-001
  3.7357863e-001
  3.8315141e-001
  3.7936294e-001
  3.6679323e-001
  3.8078289e-001
  3.7766838e-001
  3.8252760e-001
  3.7844655e-001
  3.6744290e-001
  3.7799142e-001
  3.7214890e-001
  3.8271809e-001
  3.8325170e-001
  3.7806004e-001
  3.8444028e-001
  3.7098294e-001
  3.7834035e-001
  3.7165083e-001
  3.6973937e-001
  3.7797509e-001
