  3.6978142e-001
  3.5822716e-001
  3.6370170e-001
  3.7454364e-001
  3.5878868e-001
  3.6465958e-001
  3.6816905e-001
  3.6440254e-001
  3.6499319e-001
  3.6352154e-001
  3.6879909e-001
  3.6231558e-001
  3.6515672e-001
  3.6725107e-001
  3.6313477e-001
  3.6571220e-001
  3.6555538e-001
  3.6663846e-001
  3.5934253e-001
  3.7379753e-001
  3.5752648e-001
  3.6779292e-001
  3.6715534e-001
  3.6328915e-001
  3.6159447e-001
  3.7371398e-001
  3.5685303e-001
  3.6797107e-001
  3.6542501e-001
  3.6770716e-001
  3.5880676e-001
  3.6790213e-001
  3.7148888e-001
  3.5491378e-001
  3.6789296e-001
  3.7119508e-001
  3.6008193e-001
  3.6416520e-001
  3.6651747e-001
  3.6525890e-001
  3.6790568e-001
  3.6270206e-001
  3.5942151e-001
  3.6875888e-001
  3.7294261e-001
  3.6253859e-001
  3.5528364e-001
  3.6386726e-001
  3.7449561e-001
  3.7218394e-001
  3.6058335e-001
  3.5463469e-001
  3.5989909e-001
  3.7003489e-001
  3.7541729e-001
  3.7231349e-001
  3.6403585e-001
  3.5729013e-001
  3.5503042e-001
  3.5770486e-001
  3.6286273e-001
  3.6887506e-001
  3.7295194e-001
  3.7511865e-001
  3.7503243e-001
  3.7359261e-001
  3.7152047e-001
  3.6945063e-001
  3.6756346e-001
  3.6606009e-001
  3.6546498e-001
  3.6508566e-001
  3.6538610e-001
  3.6622099e-001
  3.6747281e-001
  3.6932249e-001
  3.7166499e-001
  3.7342777e-001
  3.7520478e-001
  3.7507155e-001
  3.7292080e-001
  3.6870289e-001
  3.6295989e-001
  3.5747124e-001
  3.5511178e-001
  3.5707159e-001
  3.6397542e-001
  3.7212823e-001
  3.7543075e-001
  3.6979823e-001
  3.6000623e-001
  3.5453770e-001
  3.6044407e-001
  3.7214205e-001
  3.7450322e-001
  3.6353180e-001
  3.5518808e-001
  3.6201684e-001
  3.7295714e-001
  3.6854460e-001
  3.5931268e-001
  3.6271681e-001
  3.6789215e-001
  3.6514489e-001
  3.6631935e-001
  3.6389286e-001
  3.5991420e-001
  3.7125759e-001
  3.6756614e-001
  3.5477245e-001
  3.7154573e-001
  3.6754219e-001
  3.5869964e-001
  3.6753698e-001
  3.6496758e-001
  3.6786888e-001
  3.5661597e-001
  3.7365713e-001
  3.6126729e-001
  3.6308843e-001
  3.6666321e-001
  3.6785269e-001
  3.5708272e-001
  3.7383901e-001
  3.5910770e-001
  3.6654096e-001
  3.6519046e-001
  3.6530859e-001
  3.6248576e-001
  3.6726242e-001
  3.6488040e-001
  3.6215465e-001
  3.6837845e-001
  3.6339090e-001
  3.6457007e-001
  3.6423675e-001
  3.6739898e-001
  3.6437845e-001
  3.5863757e-001
  3.7435497e-001
  3.6345001e-001
  3.5756777e-001
  3.6940527e-001
  3.6476942e-001
  3.7093667e-001
  3.5890622e-001
  3.5933584e-001
  3.6928389e-001
  3.6453326e-001
  3.7446751e-001
  3.6205328e-001
  3.6214121e-001
  3.6164414e-001
  3.5627757e-001
  3.6783036e-001
  3.6029634e-001
  3.7067051e-001
  3.6827506e-001
  3.6682275e-001
  3.7608902e-001
