  3.5894853e-001
  3.5436916e-001
  3.5508117e-001
  3.4968809e-001
  3.5079446e-001
  3.6313151e-001
  3.4550540e-001
  3.5293337e-001
  3.6125325e-001
  3.4495481e-001
  3.5743665e-001
  3.5535304e-001
  3.4694804e-001
  3.6076085e-001
  3.4877019e-001
  3.5228689e-001
  3.6030912e-001
  3.4329383e-001
  3.6186942e-001
  3.4936900e-001
  3.5290280e-001
  3.5389316e-001
  3.5659662e-001
  3.4563231e-001
  3.6179828e-001
  3.4887332e-001
  3.5343202e-001
  3.5178088e-001
  3.5995965e-001
  3.4512691e-001
  3.5511995e-001
  3.6000668e-001
  3.4468731e-001
  3.5551936e-001
  3.5634614e-001
  3.5145525e-001
  3.5309593e-001
  3.5049280e-001
  3.5600905e-001
  3.5779742e-001
  3.4701889e-001
  3.4851492e-001
  3.6180197e-001
  3.5830005e-001
  3.4468952e-001
  3.4690478e-001
  3.5987364e-001
  3.6201783e-001
  3.5105750e-001
  3.4400903e-001
  3.4868111e-001
  3.5835197e-001
  3.6211482e-001
  3.5697239e-001
  3.4889147e-001
  3.4477596e-001
  3.4664753e-001
  3.5273149e-001
  3.5881783e-001
  3.6192134e-001
  3.6102959e-001
  3.5801721e-001
  3.5323577e-001
  3.4914438e-001
  3.4594545e-001
  3.4413175e-001
  3.4344009e-001
  3.4351103e-001
  3.4396929e-001
  3.4440323e-001
  3.4508183e-001
  3.4523681e-001
  3.4495052e-001
  3.4458554e-001
  3.4390573e-001
  3.4339559e-001
  3.4353315e-001
  3.4401676e-001
  3.4603422e-001
  3.4902281e-001
  3.5319994e-001
  3.5783840e-001
  3.6115946e-001
  3.6163913e-001
  3.5901161e-001
  3.5246560e-001
  3.4665163e-001
  3.4464354e-001
  3.4889280e-001
  3.5675137e-001
  3.6222602e-001
  3.5826050e-001
  3.4851710e-001
  3.4388404e-001
  3.5117811e-001
  3.6177232e-001
  3.5989423e-001
  3.4665368e-001
  3.4470319e-001
  3.5811772e-001
  3.6152382e-001
  3.4853936e-001
  3.4690944e-001
  3.5766095e-001
  3.5584977e-001
  3.5020295e-001
  3.5308885e-001
  3.5138968e-001
  3.5610739e-001
  3.5538807e-001
  3.4453124e-001
  3.5965765e-001
  3.5515177e-001
  3.4496949e-001
  3.5948741e-001
  3.5165347e-001
  3.5337948e-001
  3.4874171e-001
  3.6151558e-001
  3.4538244e-001
  3.5635104e-001
  3.5393429e-001
  3.5248879e-001
  3.4924690e-001
  3.6172361e-001
  3.4304043e-001
  3.5994918e-001
  3.5192067e-001
  3.4846860e-001
  3.6077508e-001
  3.4656729e-001
  3.5533028e-001
  3.5689861e-001
  3.4481975e-001
  3.6072848e-001
  3.5272380e-001
  3.4527747e-001
  3.6253213e-001
  3.5064168e-001
  3.4951132e-001
  3.5466284e-001
  3.5397937e-001
  3.5843853e-001
  3.4380145e-001
  3.5345816e-001
  3.5756524e-001
  3.5438757e-001
  3.5723808e-001
  3.4352811e-001
  3.5281637e-001
  3.5042332e-001
  3.5596405e-001
  3.6114946e-001
  3.5271660e-001
  3.6034186e-001
  3.4837545e-001
  3.5315851e-001
  3.4935334e-001
  3.4544176e-001
  3.5415613e-001
