  3.3394757e-001
  3.3140479e-001
  3.3491107e-001
  3.2229514e-001
  3.3404647e-001
  3.3611671e-001
  3.2288312e-001
  3.3518238e-001
  3.3098846e-001
  3.2826397e-001
  3.3286352e-001
  3.2974923e-001
  3.3082797e-001
  3.3139507e-001
  3.2873690e-001
  3.3324175e-001
  3.2936729e-001
  3.2870809e-001
  3.3707795e-001
  3.2150847e-001
  3.3961290e-001
  3.2591617e-001
  3.3123420e-001
  3.3099302e-001
  3.3422652e-001
  3.2238727e-001
  3.4002294e-001
  3.2614468e-001
  3.2931520e-001
  3.3406535e-001
  3.2956703e-001
  3.3017222e-001
  3.2787719e-001
  3.3685452e-001
  3.2820170e-001
  3.2406312e-001
  3.3891572e-001
  3.3222188e-001
  3.2133351e-001
  3.3376952e-001
  3.3791133e-001
  3.2613457e-001
  3.2530805e-001
  3.3424872e-001
  3.3532762e-001
  3.2839716e-001
  3.2636106e-001
  3.3099832e-001
  3.3436060e-001
  3.3236763e-001
  3.2823956e-001
  3.2744835e-001
  3.2973877e-001
  3.3312535e-001
  3.3389182e-001
  3.3237404e-001
  3.2905889e-001
  3.2653957e-001
  3.2603726e-001
  3.2826079e-001
  3.3133885e-001
  3.3494319e-001
  3.3705746e-001
  3.3772192e-001
  3.3692349e-001
  3.3527161e-001
  3.3329632e-001
  3.3109359e-001
  3.2947064e-001
  3.2809627e-001
  3.2749455e-001
  3.2718161e-001
  3.2732889e-001
  3.2819334e-001
  3.2939463e-001
  3.3107124e-001
  3.3336511e-001
  3.3519461e-001
  3.3697542e-001
  3.3757077e-001
  3.3708219e-001
  3.3484857e-001
  3.3148766e-001
  3.2799626e-001
  3.2616264e-001
  3.2650863e-001
  3.2895235e-001
  3.3212110e-001
  3.3400968e-001
  3.3288942e-001
  3.2968426e-001
  3.2743940e-001
  3.2837313e-001
  3.3215702e-001
  3.3425969e-001
  3.3075191e-001
  3.2637594e-001
  3.2821257e-001
  3.3517464e-001
  3.3428849e-001
  3.2519505e-001
  3.2604427e-001
  3.3791175e-001
  3.3353986e-001
  3.2133173e-001
  3.3198159e-001
  3.3876497e-001
  3.2401761e-001
  3.2807104e-001
  3.3656405e-001
  3.2770193e-001
  3.3015743e-001
  3.2937732e-001
  3.3385392e-001
  3.2915049e-001
  3.2594968e-001
  3.3988125e-001
  3.2237036e-001
  3.3395652e-001
  3.3056796e-001
  3.3123630e-001
  3.2579806e-001
  3.3935071e-001
  3.2135957e-001
  3.3666344e-001
  3.2847359e-001
  3.2922542e-001
  3.3313296e-001
  3.2842035e-001
  3.3136592e-001
  3.3045939e-001
  3.2946619e-001
  3.3246564e-001
  3.2807423e-001
  3.3080664e-001
  3.3467144e-001
  3.2276575e-001
  3.3565230e-001
  3.3386693e-001
  3.2205195e-001
  3.3464291e-001
  3.3098250e-001
  3.3364393e-001
  3.2569408e-001
  3.2631877e-001
  3.3813232e-001
  3.2995245e-001
  3.3473684e-001
  3.2316139e-001
  3.2745076e-001
  3.3098589e-001
  3.3031055e-001
  3.3945115e-001
  3.2960032e-001
  3.3709076e-001
  3.2711591e-001
  3.2927676e-001
  3.2804493e-001
  3.2274307e-001
  3.3170865e-001
