  3.4984412e+003
  3.5370509e+003
  3.5360396e+003
  3.4965722e+003
  3.4457759e+003
  3.4172293e+003
  3.4274302e+003
  3.4646422e+003
  3.4975398e+003
  3.4971840e+003
  3.4568390e+003
  3.3961087e+003
  3.3470924e+003
  3.3326317e+003
  3.3516861e+003
  3.3813750e+003
  3.3935575e+003
  3.3742251e+003
  3.3327318e+003
  3.2952374e+003
  3.2872829e+003
  3.3171473e+003
  3.3705843e+003
  3.4198935e+003
  3.4411516e+003
  3.4284981e+003
  3.3965290e+003
  3.3695990e+003
  3.3652585e+003
  3.3827245e+003
  3.4038044e+003
  3.4053680e+003
  3.3749493e+003
  3.3193808e+003
  3.2613465e+003
  3.2265719e+003
  3.2297320e+003
  3.2670710e+003
  3.3191827e+003
  3.3616866e+003
  3.3777246e+003
  3.3656829e+003
  3.3382432e+003
  3.3135847e+003
  3.3040489e+003
  3.3091388e+003
  3.3169796e+003
  3.3128971e+003
  3.2893676e+003
  3.2512681e+003
  3.2138272e+003
  3.1949749e+003
  3.2062163e+003
  3.2462249e+003
  3.3000376e+003
  3.3446459e+003
  3.3590082e+003
  3.3339116e+003
  3.2765986e+003
  3.2077080e+003
  3.1523403e+003
  3.1298681e+003
  3.1468147e+003
  3.1948794e+003
  3.2541573e+003
  3.3004502e+003
  3.3144731e+003
  3.2895177e+003
  3.2340798e+003
  3.1681385e+003
  3.1150430e+003
  3.0928211e+003
  3.1080814e+003
  3.1539052e+003
  3.2119896e+003
  3.2587904e+003
  3.2742828e+003
  3.2501599e+003
  3.1935970e+003
  3.1245450e+003
  3.0678296e+003
  3.0436395e+003
  3.0600137e+003
  3.1096717e+003
  3.1722851e+003
  3.2220064e+003
  3.2379861e+003
  3.2134166e+003
  3.1584195e+003
  3.0950114e+003
  3.0467672e+003
  3.0285291e+003
  3.0409419e+003
  3.0717474e+003
  3.1027235e+003
  3.1189961e+003
  3.1163769e+003
  3.1028066e+003
  3.0926170e+003
  3.0965585e+003
  3.1137434e+003
  3.1310258e+003
  3.1307122e+003
  3.1019902e+003
  3.0489789e+003
  2.9903689e+003
  2.9505770e+003
  2.9470910e+003
  2.9808237e+003
  3.0349764e+003
  3.0836335e+003
  3.1058440e+003
  3.0971889e+003
  3.0715491e+003
  3.0514368e+003
  3.0527000e+003
  3.0735586e+003
  3.0954565e+003
  3.0954380e+003
  3.0619531e+003
  3.0035800e+003
  2.9447626e+003
  2.9111463e+003
  2.9138675e+003
  2.9429017e+003
  2.9738720e+003
  2.9841183e+003
  2.9677070e+003
  2.9394188e+003
  2.9247008e+003
  2.9419068e+003
  2.9887332e+003
  3.0424552e+003
  3.0744331e+003
  3.0693750e+003
  3.0360591e+003
  3.0016979e+003
  2.9933864e+003
  3.0193096e+003
  3.0628973e+003
  3.0942705e+003
  3.0911919e+003
  3.0548696e+003
  3.0093058e+003
  2.9842469e+003
  2.9933374e+003
  3.0227831e+003
  3.0390353e+003
  3.0112328e+003
  2.9339925e+003
  2.8354073e+003
  2.7642643e+003
  2.7635190e+003
  2.8456353e+003
  2.9842550e+003
  3.1267793e+003
  3.2202378e+003
  3.2359021e+003
  3.1802720e+003
  3.0888917e+003
