  3.1960098e-001
  3.1307002e-001
  3.2473637e-001
  3.1952822e-001
  3.2181868e-001
  3.1500475e-001
  3.2292354e-001
  3.2356284e-001
  3.1126939e-001
  3.2813169e-001
  3.1745652e-001
  3.1573861e-001
  3.2838161e-001
  3.1136069e-001
  3.2470516e-001
  3.2083771e-001
  3.1387729e-001
  3.2854881e-001
  3.1270996e-001
  3.2373328e-001
  3.1947527e-001
  3.2003286e-001
  3.1612723e-001
  3.2784998e-001
  3.1077509e-001
  3.2608221e-001
  3.1881612e-001
  3.1852891e-001
  3.1948209e-001
  3.2265326e-001
  3.1895117e-001
  3.1459897e-001
  3.2834080e-001
  3.1659351e-001
  3.1387341e-001
  3.2807797e-001
  3.1898675e-001
  3.1329357e-001
  3.2373086e-001
  3.2316001e-001
  3.1601524e-001
  3.1863631e-001
  3.2200801e-001
  3.2018539e-001
  3.1900819e-001
  3.1966242e-001
  3.1962700e-001
  3.1962658e-001
  3.2002300e-001
  3.2032325e-001
  3.1979735e-001
  3.1944553e-001
  3.1948379e-001
  3.1997166e-001
  3.1934891e-001
  3.1907771e-001
  3.1899645e-001
  3.2021846e-001
  3.2191775e-001
  3.2310012e-001
  3.2236634e-001
  3.2076266e-001
  3.1800638e-001
  3.1540714e-001
  3.1349836e-001
  3.1251821e-001
  3.1236810e-001
  3.1289172e-001
  3.1354679e-001
  3.1438441e-001
  3.1476854e-001
  3.1491907e-001
  3.1483685e-001
  3.1424779e-001
  3.1371205e-001
  3.1280844e-001
  3.1226893e-001
  3.1250811e-001
  3.1341558e-001
  3.1534907e-001
  3.1803528e-001
  3.2066130e-001
  3.2246989e-001
  3.2285408e-001
  3.2193920e-001
  3.2025475e-001
  3.1878127e-001
  3.1890348e-001
  3.1957164e-001
  3.1970285e-001
  3.1945207e-001
  3.1950933e-001
  3.1979923e-001
  3.2012442e-001
  3.1999088e-001
  3.1938317e-001
  3.1974028e-001
  3.1946193e-001
  3.1898579e-001
  3.2010946e-001
  3.2197412e-001
  3.1832308e-001
  3.1596357e-001
  3.2296077e-001
  3.2366326e-001
  3.1302928e-001
  3.1881173e-001
  3.2819219e-001
  3.1364375e-001
  3.1635630e-001
  3.2821667e-001
  3.1455857e-001
  3.1866243e-001
  3.2242766e-001
  3.1943153e-001
  3.1832850e-001
  3.1859974e-001
  3.2608942e-001
  3.1055326e-001
  3.2737177e-001
  3.1610366e-001
  3.1982678e-001
  3.1915980e-001
  3.2347279e-001
  3.1239182e-001
  3.2839401e-001
  3.1377093e-001
  3.2068693e-001
  3.2428717e-001
  3.1127475e-001
  3.2821750e-001
  3.1536096e-001
  3.1735293e-001
  3.2787402e-001
  3.1105057e-001
  3.2321306e-001
  3.2274678e-001
  3.1470601e-001
  3.2137303e-001
  3.1929837e-001
  3.2452403e-001
  3.1263461e-001
  3.1914342e-001
  3.2606877e-001
  3.1808251e-001
  3.2089208e-001
  3.1124014e-001
  3.2301974e-001
  3.2209969e-001
  3.2323786e-001
  3.2280993e-001
  3.1300891e-001
  3.1955273e-001
  3.1113556e-001
  3.2151516e-001
  3.1756079e-001
  3.2205505e-001
  3.2463890e-001
  3.2017802e-001
  3.2980998e-001
