  3.0872711e-001
  3.1370467e-001
  3.1048420e-001
  3.0154301e-001
  3.1663180e-001
  3.0841884e-001
  3.0728599e-001
  3.1014413e-001
  3.1057466e-001
  3.0960791e-001
  3.0612056e-001
  3.1471930e-001
  3.0541724e-001
  3.0988502e-001
  3.1187329e-001
  3.0592645e-001
  3.1185845e-001
  3.0881591e-001
  3.0914339e-001
  3.0834078e-001
  3.1389156e-001
  3.0127342e-001
  3.1792048e-001
  3.0353891e-001
  3.1115490e-001
  3.0970987e-001
  3.1059692e-001
  3.0493474e-001
  3.1403854e-001
  3.0965617e-001
  3.0254516e-001
  3.1771859e-001
  3.0651706e-001
  3.0486352e-001
  3.1549324e-001
  3.0781193e-001
  3.0651810e-001
  3.1102325e-001
  3.0963918e-001
  3.0949932e-001
  3.0893200e-001
  3.0758151e-001
  3.0971878e-001
  3.1238383e-001
  3.0848961e-001
  3.0567074e-001
  3.0886719e-001
  3.1360499e-001
  3.1131124e-001
  3.0637400e-001
  3.0576679e-001
  3.0889505e-001
  3.1219372e-001
  3.1211004e-001
  3.0950057e-001
  3.0781570e-001
  3.0790798e-001
  3.0887398e-001
  3.0933089e-001
  3.0856509e-001
  3.0720412e-001
  3.0679184e-001
  3.0718397e-001
  3.0875139e-001
  3.1097500e-001
  3.1314070e-001
  3.1489563e-001
  3.1649295e-001
  3.1730638e-001
  3.1802688e-001
  3.1792170e-001
  3.1807080e-001
  3.1810624e-001
  3.1778230e-001
  3.1756532e-001
  3.1629488e-001
  3.1481558e-001
  3.1330242e-001
  3.1082488e-001
  3.0877361e-001
  3.0717004e-001
  3.0672277e-001
  3.0719424e-001
  3.0858521e-001
  3.0927303e-001
  3.0886561e-001
  3.0771389e-001
  3.0782496e-001
  3.0962930e-001
  3.1185267e-001
  3.1206491e-001
  3.0902819e-001
  3.0555785e-001
  3.0625327e-001
  3.1135391e-001
  3.1335444e-001
  3.0894102e-001
  3.0542273e-001
  3.0854994e-001
  3.1217739e-001
  3.0973212e-001
  3.0724306e-001
  3.0890834e-001
  3.0946240e-001
  3.0952115e-001
  3.1076709e-001
  3.0645729e-001
  3.0790173e-001
  3.1524634e-001
  3.0466318e-001
  3.0639211e-001
  3.1766912e-001
  3.0234744e-001
  3.0948318e-001
  3.1407132e-001
  3.0468516e-001
  3.1037410e-001
  3.0954525e-001
  3.1093256e-001
  3.0326588e-001
  3.1784929e-001
  3.0118587e-001
  3.1357467e-001
  3.0810150e-001
  3.0882430e-001
  3.0874166e-001
  3.1171098e-001
  3.0569744e-001
  3.1156000e-001
  3.0983162e-001
  3.0533138e-001
  3.1419590e-001
  3.0612209e-001
  3.0945190e-001
  3.1022304e-001
  3.0986128e-001
  3.0709525e-001
  3.0828933e-001
  3.1617769e-001
  3.0122474e-001
  3.1028832e-001
  3.1327351e-001
  3.0823969e-001
  3.0845301e-001
  3.0247800e-001
  3.1660359e-001
  3.0976992e-001
  3.1082037e-001
  3.0520551e-001
  3.0363663e-001
  3.1149697e-001
  3.0782759e-001
  3.1816599e-001
  3.0886596e-001
  3.1434501e-001
  3.0734151e-001
  3.0674624e-001
  3.0782599e-001
  3.0139913e-001
  3.1025908e-001
