  2.8656983e-001
  2.9717088e-001
  2.8571404e-001
  2.8650470e-001
  2.9287939e-001
  2.8868132e-001
  2.8923839e-001
  2.8629233e-001
  2.9523139e-001
  2.8436214e-001
  2.8940977e-001
  2.9410752e-001
  2.8154427e-001
  2.9645279e-001
  2.8554966e-001
  2.8861369e-001
  2.9378957e-001
  2.8306305e-001
  2.9442086e-001
  2.8675126e-001
  2.8951300e-001
  2.8916266e-001
  2.9177039e-001
  2.8375137e-001
  2.9657293e-001
  2.8360977e-001
  2.8983480e-001
  2.9339906e-001
  2.8414811e-001
  2.9182013e-001
  2.8917389e-001
  2.8965472e-001
  2.8677773e-001
  2.9072815e-001
  2.9223008e-001
  2.8346320e-001
  2.9026045e-001
  2.9578719e-001
  2.8379683e-001
  2.8497435e-001
  2.9701254e-001
  2.9124540e-001
  2.8115156e-001
  2.8798913e-001
  2.9743972e-001
  2.9150436e-001
  2.8164299e-001
  2.8445242e-001
  2.9465444e-001
  2.9681464e-001
  2.8923497e-001
  2.8188017e-001
  2.8342386e-001
  2.9038670e-001
  2.9515000e-001
  2.9452805e-001
  2.9052324e-001
  2.8634738e-001
  2.8545023e-001
  2.8681061e-001
  2.8841581e-001
  2.8913513e-001
  2.8856438e-001
  2.8724976e-001
  2.8593403e-001
  2.8503339e-001
  2.8507506e-001
  2.8548673e-001
  2.8618586e-001
  2.8710372e-001
  2.8740789e-001
  2.8768222e-001
  2.8759705e-001
  2.8705186e-001
  2.8612329e-001
  2.8556984e-001
  2.8505009e-001
  2.8486094e-001
  2.8590873e-001
  2.8727269e-001
  2.8854518e-001
  2.8909240e-001
  2.8841834e-001
  2.8678019e-001
  2.8528688e-001
  2.8642350e-001
  2.9033081e-001
  2.9442222e-001
  2.9525778e-001
  2.9021126e-001
  2.8338616e-001
  2.8204370e-001
  2.8903314e-001
  2.9688059e-001
  2.9445260e-001
  2.8434879e-001
  2.8154904e-001
  2.9149802e-001
  2.9733880e-001
  2.8780895e-001
  2.8102348e-001
  2.9119796e-001
  2.9673597e-001
  2.8497579e-001
  2.8370071e-001
  2.9553016e-001
  2.9010228e-001
  2.8337375e-001
  2.9211194e-001
  2.9051337e-001
  2.8677175e-001
  2.8956689e-001
  2.8891877e-001
  2.9180264e-001
  2.8397231e-001
  2.9300248e-001
  2.8975837e-001
  2.8343278e-001
  2.9668387e-001
  2.8339206e-001
  2.9149701e-001
  2.8907196e-001
  2.8929854e-001
  2.8659291e-001
  2.9425805e-001
  2.8304463e-001
  2.9356123e-001
  2.8833917e-001
  2.8518139e-001
  2.9647022e-001
  2.8123098e-001
  2.9417917e-001
  2.8920086e-001
  2.8409158e-001
  2.9493493e-001
  2.8595234e-001
  2.8905518e-001
  2.8832507e-001
  2.9299016e-001
  2.8604790e-001
  2.8548995e-001
  2.9701213e-001
  2.8633479e-001
  2.8909680e-001
  2.8376329e-001
  2.9357493e-001
  2.9268876e-001
  2.8796675e-001
  2.8818086e-001
  2.8176896e-001
  2.9247529e-001
  2.8731730e-001
  2.9689069e-001
  2.8996477e-001
  2.9252300e-001
  2.8875677e-001
  2.8587409e-001
  2.8875142e-001
  2.8127474e-001
  2.9006826e-001
