  2.7475126e-001
  2.7997136e-001
  2.7763172e-001
  2.8591444e-001
  2.7555305e-001
  2.7704437e-001
  2.8599709e-001
  2.7491904e-001
  2.8074571e-001
  2.8028376e-001
  2.7922115e-001
  2.7887514e-001
  2.8065679e-001
  2.7925036e-001
  2.7908898e-001
  2.8009583e-001
  2.8033141e-001
  2.7777816e-001
  2.8123105e-001
  2.7999048e-001
  2.7630055e-001
  2.8606538e-001
  2.7220159e-001
  2.8543652e-001
  2.7788092e-001
  2.7761269e-001
  2.8245246e-001
  2.7878392e-001
  2.7875261e-001
  2.7906124e-001
  2.8349277e-001
  2.7397713e-001
  2.8168368e-001
  2.8433025e-001
  2.7190694e-001
  2.8202799e-001
  2.8566086e-001
  2.7281436e-001
  2.7775454e-001
  2.8716058e-001
  2.7816877e-001
  2.7251876e-001
  2.8280441e-001
  2.8624260e-001
  2.7661861e-001
  2.7260692e-001
  2.8108755e-001
  2.8732261e-001
  2.8179500e-001
  2.7297056e-001
  2.7327812e-001
  2.8098524e-001
  2.8750125e-001
  2.8541246e-001
  2.7799098e-001
  2.7305701e-001
  2.7340490e-001
  2.7724393e-001
  2.8171881e-001
  2.8343229e-001
  2.8259414e-001
  2.8075662e-001
  2.7955923e-001
  2.7973784e-001
  2.8082132e-001
  2.8237202e-001
  2.8425649e-001
  2.8544439e-001
  2.8608006e-001
  2.8651209e-001
  2.8642509e-001
  2.8654952e-001
  2.8667237e-001
  2.8645567e-001
  2.8603697e-001
  2.8559461e-001
  2.8412140e-001
  2.8219050e-001
  2.8091540e-001
  2.7962837e-001
  2.7950585e-001
  2.8074133e-001
  2.8264969e-001
  2.8335109e-001
  2.8156192e-001
  2.7738908e-001
  2.7326039e-001
  2.7293463e-001
  2.7804627e-001
  2.8529530e-001
  2.8740308e-001
  2.8116749e-001
  2.7305579e-001
  2.7295047e-001
  2.8161964e-001
  2.8723297e-001
  2.8101998e-001
  2.7259346e-001
  2.7650316e-001
  2.8609727e-001
  2.8262975e-001
  2.7250871e-001
  2.7794036e-001
  2.8709244e-001
  2.7774900e-001
  2.7255117e-001
  2.8546189e-001
  2.8209452e-001
  2.7175871e-001
  2.8415560e-001
  2.8178605e-001
  2.7379662e-001
  2.8319048e-001
  2.7900567e-001
  2.7857331e-001
  2.7860876e-001
  2.8229302e-001
  2.7745502e-001
  2.7795883e-001
  2.8496005e-001
  2.7204050e-001
  2.8583636e-001
  2.7604630e-001
  2.7975458e-001
  2.8100212e-001
  2.7782227e-001
  2.8006687e-001
  2.7984013e-001
  2.7877339e-001
  2.7922979e-001
  2.8023661e-001
  2.7899929e-001
  2.7896796e-001
  2.7993347e-001
  2.8055529e-001
  2.7466438e-001
  2.8584535e-001
  2.7672993e-001
  2.7545123e-001
  2.8559097e-001
  2.7737066e-001
  2.7967177e-001
  2.7439379e-001
  2.8580832e-001
  2.8044084e-001
  2.7699630e-001
  2.7718117e-001
  2.7662660e-001
  2.8648436e-001
  2.7898234e-001
  2.8453272e-001
  2.7341286e-001
  2.7835176e-001
  2.7401868e-001
  2.7840736e-001
  2.7999018e-001
  2.7941532e-001
  2.8542986e-001
  2.7892890e-001
  2.8823165e-001
