  2.5585837e-001
  2.5550155e-001
  2.4987578e-001
  2.5196161e-001
  2.5237282e-001
  2.5717982e-001
  2.4526812e-001
  2.5768742e-001
  2.5226229e-001
  2.4923722e-001
  2.5671750e-001
  2.4938625e-001
  2.5391056e-001
  2.5248459e-001
  2.5152772e-001
  2.5472742e-001
  2.4933287e-001
  2.5577616e-001
  2.4968680e-001
  2.5349466e-001
  2.5425315e-001
  2.4827045e-001
  2.5785404e-001
  2.4887074e-001
  2.5276339e-001
  2.5602773e-001
  2.4692273e-001
  2.5713643e-001
  2.5024999e-001
  2.5195836e-001
  2.5373244e-001
  2.5220207e-001
  2.5197147e-001
  2.5166500e-001
  2.5451688e-001
  2.5129056e-001
  2.5011367e-001
  2.5583391e-001
  2.5269765e-001
  2.4869242e-001
  2.5364044e-001
  2.5552975e-001
  2.5048444e-001
  2.4996466e-001
  2.5388576e-001
  2.5414406e-001
  2.5169485e-001
  2.5165831e-001
  2.5241817e-001
  2.5163230e-001
  2.5125962e-001
  2.5369707e-001
  2.5610738e-001
  2.5464146e-001
  2.4982506e-001
  2.4603706e-001
  2.4739010e-001
  2.5241339e-001
  2.5750949e-001
  2.5943277e-001
  2.5783757e-001
  2.5464009e-001
  2.5183322e-001
  2.5078670e-001
  2.5156128e-001
  2.5309483e-001
  2.5477600e-001
  2.5604202e-001
  2.5677466e-001
  2.5688030e-001
  2.5702715e-001
  2.5713577e-001
  2.5679126e-001
  2.5699946e-001
  2.5696142e-001
  2.5594329e-001
  2.5474005e-001
  2.5314346e-001
  2.5143938e-001
  2.5079097e-001
  2.5179610e-001
  2.5457068e-001
  2.5767906e-001
  2.5935428e-001
  2.5767803e-001
  2.5224049e-001
  2.4738436e-001
  2.4608457e-001
  2.4960518e-001
  2.5465639e-001
  2.5608960e-001
  2.5379031e-001
  2.5112831e-001
  2.5155566e-001
  2.5232307e-001
  2.5152817e-001
  2.5172117e-001
  2.5409031e-001
  2.5374906e-001
  2.4985386e-001
  2.5031770e-001
  2.5563126e-001
  2.5341601e-001
  2.4866557e-001
  2.5257754e-001
  2.5556026e-001
  2.5007670e-001
  2.5125370e-001
  2.5451287e-001
  2.5138781e-001
  2.5183854e-001
  2.5211878e-001
  2.5345974e-001
  2.5193850e-001
  2.5010083e-001
  2.5706350e-001
  2.4683505e-001
  2.5588409e-001
  2.5271030e-001
  2.4866132e-001
  2.5740195e-001
  2.4831439e-001
  2.5405862e-001
  2.5336777e-001
  2.4945747e-001
  2.5580278e-001
  2.4906213e-001
  2.5462914e-001
  2.5109848e-001
  2.5246092e-001
  2.5368651e-001
  2.4938214e-001
  2.5631095e-001
  2.4909898e-001
  2.5209483e-001
  2.5724565e-001
  2.4519664e-001
  2.5697891e-001
  2.5216236e-001
  2.5160072e-001
  2.4968905e-001
  2.5537100e-001
  2.5558072e-001
  2.4692381e-001
  2.5293674e-001
  2.5067226e-001
  2.5933659e-001
  2.4938338e-001
  2.5250349e-001
  2.4647784e-001
  2.5329116e-001
  2.5338751e-001
  2.5634792e-001
  2.5609056e-001
  2.5247372e-001
  2.5452564e-001
  2.4782341e-001
  2.5290976e-001
  2.4528582e-001
  2.5311221e-001
