  2.4543411e-001
  2.3886470e-001
  2.4730014e-001
  2.4668469e-001
  2.3983124e-001
  2.4522350e-001
  2.4430209e-001
  2.4556765e-001
  2.3925118e-001
  2.5001134e-001
  2.3995432e-001
  2.4411097e-001
  2.4781408e-001
  2.3758727e-001
  2.5133633e-001
  2.3802733e-001
  2.4727624e-001
  2.4367206e-001
  2.4134694e-001
  2.4805281e-001
  2.4003415e-001
  2.4572750e-001
  2.4486140e-001
  2.4086349e-001
  2.4774152e-001
  2.4125910e-001
  2.4454418e-001
  2.4392883e-001
  2.4482025e-001
  2.4095524e-001
  2.4769999e-001
  2.4282952e-001
  2.4038769e-001
  2.4970686e-001
  2.4135958e-001
  2.3989812e-001
  2.5005795e-001
  2.4312982e-001
  2.3816877e-001
  2.4784729e-001
  2.4774886e-001
  2.3838292e-001
  2.4153378e-001
  2.4936294e-001
  2.4573542e-001
  2.3936551e-001
  2.4143736e-001
  2.4666569e-001
  2.4634764e-001
  2.4316559e-001
  2.4274568e-001
  2.4387933e-001
  2.4289553e-001
  2.4136384e-001
  2.4224703e-001
  2.4595321e-001
  2.4968736e-001
  2.4910809e-001
  2.4503686e-001
  2.4031547e-001
  2.3761312e-001
  2.3806246e-001
  2.4016259e-001
  2.4282747e-001
  2.4419233e-001
  2.4371875e-001
  2.4263852e-001
  2.4090331e-001
  2.3916395e-001
  2.3797208e-001
  2.3712710e-001
  2.3684682e-001
  2.3708985e-001
  2.3788543e-001
  2.3929982e-001
  2.4082283e-001
  2.4251029e-001
  2.4391807e-001
  2.4410351e-001
  2.4272874e-001
  2.4023347e-001
  2.3799167e-001
  2.3752225e-001
  2.4028576e-001
  2.4513812e-001
  2.4891026e-001
  2.4967800e-001
  2.4592499e-001
  2.4208691e-001
  2.4129710e-001
  2.4304652e-001
  2.4378899e-001
  2.4262220e-001
  2.4309435e-001
  2.4621960e-001
  2.4666029e-001
  2.4142794e-001
  2.3917431e-001
  2.4567710e-001
  2.4928293e-001
  2.4141751e-001
  2.3841984e-001
  2.4748344e-001
  2.4804140e-001
  2.3797373e-001
  2.4297811e-001
  2.4996408e-001
  2.3984390e-001
  2.4130129e-001
  2.4948467e-001
  2.4035733e-001
  2.4274701e-001
  2.4755255e-001
  2.4094506e-001
  2.4460081e-001
  2.4383287e-001
  2.4458223e-001
  2.4108026e-001
  2.4764811e-001
  2.4065513e-001
  2.4450821e-001
  2.4573383e-001
  2.3985078e-001
  2.4770536e-001
  2.4121211e-001
  2.4355862e-001
  2.4698590e-001
  2.3794286e-001
  2.5088444e-001
  2.3755720e-001
  2.4744558e-001
  2.4409624e-001
  2.3963835e-001
  2.4988721e-001
  2.3901928e-001
  2.4540744e-001
  2.4423386e-001
  2.4506169e-001
  2.3971816e-001
  2.4633400e-001
  2.4707079e-001
  2.3879448e-001
  2.4495514e-001
  2.4338378e-001
  2.4978065e-001
  2.3841409e-001
  2.4356224e-001
  2.4040027e-001
  2.4879725e-001
  2.4564804e-001
  2.4553928e-001
  2.4192171e-001
  2.3976702e-001
  2.4198457e-001
  2.4007824e-001
  2.4626749e-001
  2.4214014e-001
  2.4988241e-001
  2.4318037e-001
  2.5137183e-001
