  2.4140885e-001
  2.3518271e-001
  2.3648078e-001
  2.3142455e-001
  2.3960311e-001
  2.3658777e-001
  2.3112814e-001
  2.4015253e-001
  2.3377109e-001
  2.3593096e-001
  2.3549833e-001
  2.3704698e-001
  2.3323605e-001
  2.3796015e-001
  2.3457230e-001
  2.3522687e-001
  2.3708289e-001
  2.3437997e-001
  2.3566630e-001
  2.3701709e-001
  2.3280892e-001
  2.3848863e-001
  2.3368887e-001
  2.3591558e-001
  2.3678193e-001
  2.3428344e-001
  2.3469116e-001
  2.3968614e-001
  2.2966947e-001
  2.4048278e-001
  2.3551125e-001
  2.3076957e-001
  2.4228051e-001
  2.3300277e-001
  2.3175257e-001
  2.4198867e-001
  2.3362959e-001
  2.3055150e-001
  2.4145970e-001
  2.3735990e-001
  2.2898781e-001
  2.3611925e-001
  2.4237204e-001
  2.3404739e-001
  2.2907703e-001
  2.3682244e-001
  2.4176886e-001
  2.3640846e-001
  2.3059313e-001
  2.3270321e-001
  2.3731883e-001
  2.3794635e-001
  2.3581572e-001
  2.3564226e-001
  2.3703731e-001
  2.3668347e-001
  2.3380961e-001
  2.3047992e-001
  2.2997213e-001
  2.3305862e-001
  2.3739179e-001
  2.4064087e-001
  2.4108120e-001
  2.3985705e-001
  2.3764219e-001
  2.3584578e-001
  2.3540330e-001
  2.3591513e-001
  2.3697421e-001
  2.3813573e-001
  2.3885998e-001
  2.3930953e-001
  2.3894137e-001
  2.3804327e-001
  2.3714901e-001
  2.3585988e-001
  2.3533991e-001
  2.3602431e-001
  2.3758208e-001
  2.3977539e-001
  2.4115412e-001
  2.4053187e-001
  2.3722759e-001
  2.3310733e-001
  2.2996878e-001
  2.3036314e-001
  2.3380636e-001
  2.3663953e-001
  2.3696937e-001
  2.3558264e-001
  2.3597304e-001
  2.3767908e-001
  2.3734771e-001
  2.3265534e-001
  2.3053069e-001
  2.3641822e-001
  2.4180258e-001
  2.3661727e-001
  2.2898950e-001
  2.3401177e-001
  2.4229593e-001
  2.3597733e-001
  2.2884527e-001
  2.3752689e-001
  2.4125598e-001
  2.3051338e-001
  2.3348051e-001
  2.4194177e-001
  2.3170797e-001
  2.3282346e-001
  2.4232271e-001
  2.3064777e-001
  2.3541794e-001
  2.4025610e-001
  2.2953859e-001
  2.3952998e-001
  2.3465245e-001
  2.3410344e-001
  2.3675113e-001
  2.3566994e-001
  2.3360295e-001
  2.3842113e-001
  2.3270430e-001
  2.3672484e-001
  2.3566076e-001
  2.3425643e-001
  2.3667522e-001
  2.3520415e-001
  2.3431816e-001
  2.3786163e-001
  2.3301289e-001
  2.3699636e-001
  2.3525115e-001
  2.3564744e-001
  2.3351636e-001
  2.4015930e-001
  2.3099043e-001
  2.3642412e-001
  2.3953905e-001
  2.3127046e-001
  2.3623253e-001
  2.3513531e-001
  2.4081127e-001
  2.2953816e-001
  2.3622981e-001
  2.3451816e-001
  2.4132380e-001
  2.3435971e-001
  2.3382124e-001
  2.3205141e-001
  2.3410253e-001
  2.3818616e-001
  2.3715252e-001
  2.4063413e-001
  2.3476898e-001
  2.3812803e-001
  2.3082295e-001
  2.3650756e-001
  2.2878073e-001
  2.3607641e-001
