  2.9009109e+003
  2.9085996e+003
  2.8820758e+003
  2.8405378e+003
  2.8145735e+003
  2.8233471e+003
  2.8607667e+003
  2.9004491e+003
  2.9152590e+003
  2.8967568e+003
  2.8604934e+003
  2.8338454e+003
  2.8357763e+003
  2.8633334e+003
  2.8942867e+003
  2.9034270e+003
  2.8804286e+003
  2.8365684e+003
  2.7960146e+003
  2.7784957e+003
  2.7859530e+003
  2.8023914e+003
  2.8063814e+003
  2.7867755e+003
  2.7504544e+003
  2.7171363e+003
  2.7055500e+003
  2.7208619e+003
  2.7516433e+003
  2.7777046e+003
  2.7830096e+003
  2.7651873e+003
  2.7359550e+003
  2.7127281e+003
  2.7070549e+003
  2.7172551e+003
  2.7298416e+003
  2.7286369e+003
  2.7055103e+003
  2.6657396e+003
  2.6248171e+003
  2.5992564e+003
  2.5974482e+003
  2.6157682e+003
  2.6413351e+003
  2.6591099e+003
  2.6593683e+003
  2.6419430e+003
  2.6153165e+003
  2.5911658e+003
  2.5775242e+003
  2.5747041e+003
  2.5763242e+003
  2.5742423e+003
  2.5637585e+003
  2.5459677e+003
  2.5266096e+003
  2.5127372e+003
  2.5089352e+003
  2.5145679e+003
  2.5234064e+003
  2.5263701e+003
  2.5163616e+003
  2.4923862e+003
  2.4603176e+003
  2.4299976e+003
  2.4106843e+003
  2.4072218e+003
  2.4181265e+003
  2.4358905e+003
  2.4496309e+003
  2.4496497e+003
  2.4320394e+003
  2.4006809e+003
  2.3652993e+003
  2.3368266e+003
  2.3227590e+003
  2.3244931e+003
  2.3371325e+003
  2.3515356e+003
  2.3581562e+003
  2.3514287e+003
  2.3324259e+003
  2.3079065e+003
  2.2861613e+003
  2.2723723e+003
  2.2663499e+003
  2.2635692e+003
  2.2583854e+003
  2.2475880e+003
  2.2326696e+003
  2.2195507e+003
  2.2152925e+003
  2.2230811e+003
  2.2386056e+003
  2.2508744e+003
  2.2478001e+003
  2.2234041e+003
  2.1821192e+003
  2.1374353e+003
  2.1055245e+003
  2.0971795e+003
  2.1122122e+003
  2.1393596e+003
  2.1621745e+003
  2.1680743e+003
  2.1553628e+003
  2.1336115e+003
  2.1167532e+003
  2.1132554e+003
  2.1200656e+003
  2.1246150e+003
  2.1136246e+003
  2.0827667e+003
  2.0406470e+003
  2.0043195e+003
  1.9890346e+003
  1.9986901e+003
  2.0232102e+003
  2.0448703e+003
  2.0497857e+003
  2.0370444e+003
  2.0190628e+003
  2.0124921e+003
  2.0257530e+003
  2.0521139e+003
  2.0736526e+003
  2.0736546e+003
  2.0486520e+003
  2.0112567e+003
  1.9814809e+003
  1.9726426e+003
  1.9820207e+003
  1.9930846e+003
  1.9877675e+003
  1.9599490e+003
  1.9203668e+003
  1.8893038e+003
  1.8822192e+003
  1.8986701e+003
  1.9226148e+003
  1.9340254e+003
  1.9234734e+003
  1.8990049e+003
  1.8800181e+003
  1.8822750e+003
  1.9048742e+003
  1.9290403e+003
  1.9304307e+003
  1.8969866e+003
  1.8400250e+003
  1.7904064e+003
  1.7814292e+003
  1.8289083e+003
  1.9208363e+003
  2.0229201e+003
  2.0963742e+003
  2.1172595e+003
  2.0867696e+003
  2.0283001e+003
