  2.2914026e-001
  2.2165675e-001
  2.3318615e-001
  2.2659754e-001
  2.2726427e-001
  2.2550969e-001
  2.3181572e-001
  2.2530967e-001
  2.2572329e-001
  2.3326199e-001
  2.2180385e-001
  2.3195217e-001
  2.2565362e-001
  2.2713525e-001
  2.3023119e-001
  2.2356570e-001
  2.3284282e-001
  2.2264537e-001
  2.3160083e-001
  2.2529817e-001
  2.2775860e-001
  2.2937842e-001
  2.2513076e-001
  2.2940053e-001
  2.2813678e-001
  2.2370402e-001
  2.3382155e-001
  2.2161492e-001
  2.3061773e-001
  2.2886879e-001
  2.2296726e-001
  2.3257483e-001
  2.2591199e-001
  2.2505214e-001
  2.3176200e-001
  2.2572348e-001
  2.2498607e-001
  2.3154508e-001
  2.2778257e-001
  2.2314662e-001
  2.2963119e-001
  2.3175478e-001
  2.2383476e-001
  2.2360420e-001
  2.3221801e-001
  2.3250652e-001
  2.2361785e-001
  2.2161625e-001
  2.2881263e-001
  2.3358565e-001
  2.2956198e-001
  2.2434959e-001
  2.2426638e-001
  2.2714879e-001
  2.2798858e-001
  2.2661481e-001
  2.2637586e-001
  2.2888869e-001
  2.3195271e-001
  2.3339939e-001
  2.3163640e-001
  2.2805244e-001
  2.2479998e-001
  2.2345357e-001
  2.2422041e-001
  2.2599769e-001
  2.2770944e-001
  2.2907516e-001
  2.2972920e-001
  2.2971287e-001
  2.2949689e-001
  2.2965272e-001
  2.2957409e-001
  2.2967525e-001
  2.2983264e-001
  2.2901255e-001
  2.2773109e-001
  2.2605237e-001
  2.2408899e-001
  2.2348164e-001
  2.2479852e-001
  2.2798205e-001
  2.3143774e-001
  2.3345535e-001
  2.3197222e-001
  2.2882621e-001
  2.2632246e-001
  2.2659096e-001
  2.2799376e-001
  2.2699461e-001
  2.2436242e-001
  2.2413196e-001
  2.2967120e-001
  2.3352614e-001
  2.2871271e-001
  2.2159188e-001
  2.2358117e-001
  2.3239636e-001
  2.3203851e-001
  2.2355009e-001
  2.2385685e-001
  2.3152415e-001
  2.2958564e-001
  2.2318236e-001
  2.2756665e-001
  2.3154487e-001
  2.2473970e-001
  2.2573931e-001
  2.3177746e-001
  2.2491618e-001
  2.2584150e-001
  2.3248622e-001
  2.2275060e-001
  2.2864213e-001
  2.3050179e-001
  2.2149867e-001
  2.3367696e-001
  2.2354258e-001
  2.2814087e-001
  2.2905092e-001
  2.2508819e-001
  2.2909529e-001
  2.2768528e-001
  2.2521401e-001
  2.3159320e-001
  2.2256167e-001
  2.3242113e-001
  2.2353633e-001
  2.3013664e-001
  2.2690628e-001
  2.2561954e-001
  2.3194586e-001
  2.2155113e-001
  2.3283069e-001
  2.2549551e-001
  2.2539277e-001
  2.3155038e-001
  2.2527605e-001
  2.2711791e-001
  2.2658531e-001
  2.3294763e-001
  2.2148371e-001
  2.2861362e-001
  2.2748857e-001
  2.3211297e-001
  2.2433650e-001
  2.2536253e-001
  2.2649139e-001
  2.2984138e-001
  2.3135278e-001
  2.2708336e-001
  2.2734813e-001
  2.2216080e-001
  2.2698213e-001
  2.2316799e-001
  2.3052873e-001
  2.2586669e-001
  2.3338884e-001
  2.2656828e-001
  2.3436767e-001
