  2.2385418e-001
  2.2005354e-001
  2.2035325e-001
  2.1490272e-001
  2.2592778e-001
  2.1700915e-001
  2.1956817e-001
  2.1997295e-001
  2.2165727e-001
  2.1722199e-001
  2.2195548e-001
  2.2027629e-001
  2.1628677e-001
  2.2549506e-001
  2.1399452e-001
  2.2485163e-001
  2.1699451e-001
  2.2058227e-001
  2.2098795e-001
  2.1781667e-001
  2.2159701e-001
  2.1967207e-001
  2.1773073e-001
  2.2414752e-001
  2.1425696e-001
  2.2500408e-001
  2.1677494e-001
  2.2028000e-001
  2.2103515e-001
  2.1786712e-001
  2.2116885e-001
  2.1941519e-001
  2.1944637e-001
  2.1996731e-001
  2.1965524e-001
  2.1976640e-001
  2.1999454e-001
  2.1955104e-001
  2.1944508e-001
  2.2016030e-001
  2.2035329e-001
  2.1814815e-001
  2.1916920e-001
  2.2319766e-001
  2.2068408e-001
  2.1524079e-001
  2.1785212e-001
  2.2460320e-001
  2.2385744e-001
  2.1654888e-001
  2.1376877e-001
  2.1886655e-001
  2.2368620e-001
  2.2345227e-001
  2.2013487e-001
  2.1898764e-001
  2.2050321e-001
  2.2110777e-001
  2.1893089e-001
  2.1582743e-001
  2.1396269e-001
  2.1452122e-001
  2.1710183e-001
  2.1977353e-001
  2.2166688e-001
  2.2134235e-001
  2.1984045e-001
  2.1801331e-001
  2.1619507e-001
  2.1476097e-001
  2.1397454e-001
  2.1383090e-001
  2.1400870e-001
  2.1474927e-001
  2.1615169e-001
  2.1793173e-001
  2.1981825e-001
  2.2143931e-001
  2.2160167e-001
  2.1980033e-001
  2.1715369e-001
  2.1455763e-001
  2.1377953e-001
  2.1578668e-001
  2.1891530e-001
  2.2113722e-001
  2.2037411e-001
  2.1898146e-001
  2.2014322e-001
  2.2319955e-001
  2.2387059e-001
  2.1877164e-001
  2.1373772e-001
  2.1645713e-001
  2.2370481e-001
  2.2464021e-001
  2.1778391e-001
  2.1525142e-001
  2.2053476e-001
  2.2310531e-001
  2.1920423e-001
  2.1794583e-001
  2.2023924e-001
  2.2029729e-001
  2.1918771e-001
  2.1963599e-001
  2.1969514e-001
  2.1977891e-001
  2.1961843e-001
  2.1985582e-001
  2.1924258e-001
  2.1948655e-001
  2.2080390e-001
  2.1779608e-001
  2.2097057e-001
  2.2024482e-001
  2.1663305e-001
  2.2479797e-001
  2.1423423e-001
  2.2382917e-001
  2.1773850e-001
  2.1934388e-001
  2.2149519e-001
  2.1775541e-001
  2.2084943e-001
  2.2045741e-001
  2.1680879e-001
  2.2477342e-001
  2.1381039e-001
  2.2513594e-001
  2.1628765e-001
  2.2036616e-001
  2.2156815e-001
  2.1690290e-001
  2.2136412e-001
  2.2007317e-001
  2.1931953e-001
  2.1671714e-001
  2.2572756e-001
  2.1481795e-001
  2.2016455e-001
  2.1963706e-001
  2.2347847e-001
  2.1602994e-001
  2.1807753e-001
  2.2087401e-001
  2.2245891e-001
  2.2131039e-001
  2.1605687e-001
  2.1826926e-001
  2.1685466e-001
  2.2348338e-001
  2.2021519e-001
  2.2538946e-001
  2.1830390e-001
  2.2288519e-001
  2.1520048e-001
  2.2065694e-001
  2.1339441e-001
  2.2013899e-001
