  2.1064708e-001
  2.0931314e-001
  2.1591793e-001
  2.1174700e-001
  2.1184627e-001
  2.0950082e-001
  2.1826987e-001
  2.0673639e-001
  2.1505082e-001
  2.1268790e-001
  2.1088872e-001
  2.1353256e-001
  2.1140172e-001
  2.1249529e-001
  2.1237638e-001
  2.1226159e-001
  2.1238339e-001
  2.1175564e-001
  2.1395640e-001
  2.0933869e-001
  2.1629866e-001
  2.0803685e-001
  2.1609848e-001
  2.0972879e-001
  2.1325921e-001
  2.1234031e-001
  2.1248230e-001
  2.1099118e-001
  2.1451734e-001
  2.1026876e-001
  2.1242644e-001
  2.1463955e-001
  2.0855534e-001
  2.1379781e-001
  2.1424480e-001
  2.0844980e-001
  2.1374000e-001
  2.1451848e-001
  2.0951357e-001
  2.1139043e-001
  2.1463965e-001
  2.1203407e-001
  2.1153348e-001
  2.1224244e-001
  2.1133706e-001
  2.1290773e-001
  2.1512772e-001
  2.1166739e-001
  2.0752281e-001
  2.1004933e-001
  2.1663732e-001
  2.1804758e-001
  2.1219680e-001
  2.0782109e-001
  2.0854881e-001
  2.1182288e-001
  2.1310241e-001
  2.1155964e-001
  2.1049776e-001
  2.1197589e-001
  2.1535002e-001
  2.1779678e-001
  2.1808348e-001
  2.1634197e-001
  2.1426054e-001
  2.1230649e-001
  2.1179679e-001
  2.1271866e-001
  2.1410166e-001
  2.1545099e-001
  2.1673819e-001
  2.1714623e-001
  2.1672817e-001
  2.1554517e-001
  2.1407600e-001
  2.1266981e-001
  2.1183278e-001
  2.1239437e-001
  2.1423501e-001
  2.1628629e-001
  2.1822466e-001
  2.1787239e-001
  2.1506833e-001
  2.1192238e-001
  2.1048614e-001
  2.1165397e-001
  2.1299580e-001
  2.1182300e-001
  2.0853389e-001
  2.0763051e-001
  2.1236335e-001
  2.1798880e-001
  2.1644822e-001
  2.1001681e-001
  2.0736474e-001
  2.1176091e-001
  2.1508118e-001
  2.1294298e-001
  2.1125329e-001
  2.1217808e-001
  2.1152959e-001
  2.1184134e-001
  2.1438721e-001
  2.1154523e-001
  2.0927367e-001
  2.1464075e-001
  2.1345608e-001
  2.0835083e-001
  2.1418511e-001
  2.1364425e-001
  2.0839019e-001
  2.1477939e-001
  2.1224311e-001
  2.1019616e-001
  2.1452332e-001
  2.1098919e-001
  2.1233283e-001
  2.1206170e-001
  2.1327191e-001
  2.0961672e-001
  2.1616553e-001
  2.0784130e-001
  2.1617852e-001
  2.0922503e-001
  2.1380294e-001
  2.1144388e-001
  2.1235172e-001
  2.1222532e-001
  2.1202876e-001
  2.1218901e-001
  2.1155866e-001
  2.1355865e-001
  2.1052021e-001
  2.1247213e-001
  2.1481969e-001
  2.0672123e-001
  2.1809245e-001
  2.0921934e-001
  2.1172390e-001
  2.1166161e-001
  2.1570081e-001
  2.0892192e-001
  2.1051682e-001
  2.1438450e-001
  2.1394115e-001
  2.1200693e-001
  2.0769655e-001
  2.1307837e-001
  2.1231635e-001
  2.1733201e-001
  2.1075876e-001
  2.1323135e-001
  2.0644868e-001
  2.1228792e-001
  2.0747639e-001
  2.1537055e-001
  2.1010170e-001
  2.1747654e-001
  2.1164901e-001
  2.1853338e-001
