  2.0581864e-001
  2.0800484e-001
  2.0275288e-001
  2.0293231e-001
  2.0887281e-001
  2.0356421e-001
  2.0433974e-001
  2.0491940e-001
  2.0776848e-001
  1.9985365e-001
  2.1091422e-001
  2.0081130e-001
  2.0612764e-001
  2.0631480e-001
  2.0186776e-001
  2.0975392e-001
  1.9938327e-001
  2.1062327e-001
  2.0018377e-001
  2.0827599e-001
  2.0336978e-001
  2.0540461e-001
  2.0558452e-001
  2.0474051e-001
  2.0374106e-001
  2.0826224e-001
  2.0033167e-001
  2.0964047e-001
  2.0255782e-001
  2.0353940e-001
  2.1009220e-001
  1.9942736e-001
  2.0689065e-001
  2.0820509e-001
  1.9898891e-001
  2.0766607e-001
  2.0848795e-001
  1.9944015e-001
  2.0556860e-001
  2.0953988e-001
  2.0224264e-001
  2.0199633e-001
  2.0780440e-001
  2.0652608e-001
  2.0321330e-001
  2.0434582e-001
  2.0475043e-001
  2.0380154e-001
  2.0635379e-001
  2.0873371e-001
  2.0553187e-001
  2.0020997e-001
  1.9999619e-001
  2.0574129e-001
  2.0957693e-001
  2.0859090e-001
  2.0531938e-001
  2.0434080e-001
  2.0576520e-001
  2.0706699e-001
  2.0623859e-001
  2.0323475e-001
  2.0046811e-001
  1.9941973e-001
  2.0037643e-001
  2.0215225e-001
  2.0389411e-001
  2.0515921e-001
  2.0536217e-001
  2.0491642e-001
  2.0472529e-001
  2.0448238e-001
  2.0466758e-001
  2.0504265e-001
  2.0528502e-001
  2.0514119e-001
  2.0396400e-001
  2.0227251e-001
  2.0029520e-001
  1.9929531e-001
  2.0057576e-001
  2.0325319e-001
  2.0605089e-001
  2.0703664e-001
  2.0580702e-001
  2.0429962e-001
  2.0529883e-001
  2.0856471e-001
  2.0958142e-001
  2.0554203e-001
  2.0004338e-001
  2.0018698e-001
  2.0535818e-001
  2.0877882e-001
  2.0618523e-001
  2.0385970e-001
  2.0464110e-001
  2.0440574e-001
  2.0312113e-001
  2.0644646e-001
  2.0785304e-001
  2.0182112e-001
  2.0206769e-001
  2.0960978e-001
  2.0548327e-001
  1.9947366e-001
  2.0826228e-001
  2.0747174e-001
  1.9903577e-001
  2.0805011e-001
  2.0684965e-001
  1.9940053e-001
  2.1007182e-001
  2.0329068e-001
  2.0257967e-001
  2.0962277e-001
  2.0014556e-001
  2.0796540e-001
  2.0386487e-001
  2.0464291e-001
  2.0552991e-001
  2.0523856e-001
  2.0320620e-001
  2.0816741e-001
  2.0011957e-001
  2.1020715e-001
  1.9945973e-001
  2.0973785e-001
  2.0149478e-001
  2.0614349e-001
  2.0631431e-001
  2.0069494e-001
  2.1066349e-001
  1.9963336e-001
  2.0778742e-001
  2.0476944e-001
  2.0434927e-001
  2.0315152e-001
  2.0877849e-001
  2.0289192e-001
  2.0244767e-001
  2.0779426e-001
  2.0570958e-001
  2.0422520e-001
  2.0073309e-001
  2.0836816e-001
  2.0551576e-001
  2.0803156e-001
  2.0000702e-001
  2.0470871e-001
  2.0094398e-001
  2.0926021e-001
  2.0469025e-001
  2.1056629e-001
  2.0323295e-001
  2.0795284e-001
  2.0041956e-001
  2.0562265e-001
  1.9916557e-001
  2.0495414e-001
