  1.9048074e-001
  1.9587909e-001
  1.8631397e-001
  1.9239575e-001
  1.9174661e-001
  1.9221768e-001
  1.8723222e-001
  1.9470079e-001
  1.8994320e-001
  1.8910229e-001
  1.9461928e-001
  1.8708510e-001
  1.9390377e-001
  1.8941399e-001
  1.9195993e-001
  1.9093472e-001
  1.8994864e-001
  1.9287806e-001
  1.8848456e-001
  1.9492942e-001
  1.8643540e-001
  1.9619121e-001
  1.8606867e-001
  1.9490659e-001
  1.8859356e-001
  1.9148402e-001
  1.9199863e-001
  1.8912375e-001
  1.9240495e-001
  1.9010342e-001
  1.9093195e-001
  1.9182260e-001
  1.8966537e-001
  1.9159495e-001
  1.9190533e-001
  1.8904762e-001
  1.9226052e-001
  1.9281142e-001
  1.8763558e-001
  1.9058874e-001
  1.9540965e-001
  1.8911554e-001
  1.8633572e-001
  1.9419621e-001
  1.9538641e-001
  1.8816817e-001
  1.8710812e-001
  1.9206004e-001
  1.9303721e-001
  1.9100900e-001
  1.9163227e-001
  1.9288442e-001
  1.8981290e-001
  1.8632718e-001
  1.8703593e-001
  1.9198190e-001
  1.9506072e-001
  1.9445691e-001
  1.9163164e-001
  1.9091401e-001
  1.9277123e-001
  1.9474729e-001
  1.9520958e-001
  1.9369090e-001
  1.9132044e-001
  1.8957412e-001
  1.8964097e-001
  1.9081682e-001
  1.9261102e-001
  1.9465473e-001
  1.9561175e-001
  1.9602452e-001
  1.9587061e-001
  1.9463703e-001
  1.9245911e-001
  1.9093709e-001
  1.8953244e-001
  1.8978811e-001
  1.9121044e-001
  1.9358065e-001
  1.9539703e-001
  1.9467169e-001
  1.9269797e-001
  1.9079356e-001
  1.9155756e-001
  1.9444645e-001
  1.9517636e-001
  1.9185748e-001
  1.8710809e-001
  1.8623739e-001
  1.8976392e-001
  1.9284231e-001
  1.9160704e-001
  1.9091373e-001
  1.9298774e-001
  1.9199697e-001
  1.8700545e-001
  1.8826307e-001
  1.9531630e-001
  1.9411004e-001
  1.8627041e-001
  1.8901065e-001
  1.9522220e-001
  1.9059197e-001
  1.8753323e-001
  1.9281502e-001
  1.9198839e-001
  1.8893896e-001
  1.9183975e-001
  1.9145126e-001
  1.8958763e-001
  1.9177485e-001
  1.9086566e-001
  1.8997688e-001
  1.9252402e-001
  1.8897804e-001
  1.9184432e-001
  1.9143534e-001
  1.8860082e-001
  1.9474482e-001
  1.8601125e-001
  1.9592923e-001
  1.8623431e-001
  1.9497632e-001
  1.8820498e-001
  1.9276300e-001
  1.8993895e-001
  1.9082573e-001
  1.9175288e-001
  1.8925597e-001
  1.9367184e-001
  1.8697211e-001
  1.9459905e-001
  1.8884752e-001
  1.8999589e-001
  1.9443049e-001
  1.8718433e-001
  1.9225452e-001
  1.9135484e-001
  1.9229225e-001
  1.8613219e-001
  1.9542491e-001
  1.9023426e-001
  1.9193897e-001
  1.8581514e-001
  1.9454681e-001
  1.9070273e-001
  1.9462986e-001
  1.8626017e-001
  1.9088063e-001
  1.8734858e-001
  1.9497226e-001
  1.9096502e-001
  1.9616681e-001
  1.8984436e-001
  1.9349591e-001
  1.8718737e-001
  1.9155807e-001
  1.8566153e-001
  1.9069361e-001
