  1.7975092e-001
  1.8575234e-001
  1.8400409e-001
  1.8781500e-001
  1.7934085e-001
  1.8733902e-001
  1.8394545e-001
  1.8421403e-001
  1.8285687e-001
  1.8755832e-001
  1.8059419e-001
  1.8683257e-001
  1.8381137e-001
  1.8298779e-001
  1.8762151e-001
  1.7961354e-001
  1.8967721e-001
  1.7911401e-001
  1.8945189e-001
  1.8058724e-001
  1.8671787e-001
  1.8316376e-001
  1.8457041e-001
  1.8426459e-001
  1.8452623e-001
  1.8314594e-001
  1.8615150e-001
  1.8236749e-001
  1.8503507e-001
  1.8535156e-001
  1.8193497e-001
  1.8674965e-001
  1.8340497e-001
  1.8296925e-001
  1.8642272e-001
  1.8351829e-001
  1.8390952e-001
  1.8445819e-001
  1.8429272e-001
  1.8507433e-001
  1.8290367e-001
  1.8256880e-001
  1.8791526e-001
  1.8609386e-001
  1.7958677e-001
  1.8218618e-001
  1.8895062e-001
  1.8713355e-001
  1.8153306e-001
  1.8192579e-001
  1.8434362e-001
  1.8397996e-001
  1.8284221e-001
  1.8555525e-001
  1.8887278e-001
  1.8804631e-001
  1.8353109e-001
  1.8068310e-001
  1.8132658e-001
  1.8347956e-001
  1.8423339e-001
  1.8248384e-001
  1.8018126e-001
  1.7922864e-001
  1.7998614e-001
  1.8168945e-001
  1.8360279e-001
  1.8417178e-001
  1.8393304e-001
  1.8317202e-001
  1.8215456e-001
  1.8193009e-001
  1.8234219e-001
  1.8313941e-001
  1.8386253e-001
  1.8425701e-001
  1.8353414e-001
  1.8181084e-001
  1.7996980e-001
  1.7909029e-001
  1.8022880e-001
  1.8241734e-001
  1.8419697e-001
  1.8344837e-001
  1.8126699e-001
  1.8071525e-001
  1.8357339e-001
  1.8791345e-001
  1.8891320e-001
  1.8543343e-001
  1.8277633e-001
  1.8398803e-001
  1.8430737e-001
  1.8173884e-001
  1.8152369e-001
  1.8710659e-001
  1.8889444e-001
  1.8220794e-001
  1.7946449e-001
  1.8609388e-001
  1.8771187e-001
  1.8255460e-001
  1.8273256e-001
  1.8515328e-001
  1.8417309e-001
  1.8442055e-001
  1.8379759e-001
  1.8345251e-001
  1.8616527e-001
  1.8298233e-001
  1.8334213e-001
  1.8658916e-001
  1.8194128e-001
  1.8529343e-001
  1.8501069e-001
  1.8224751e-001
  1.8605534e-001
  1.8315692e-001
  1.8437183e-001
  1.8421566e-001
  1.8448819e-001
  1.8295219e-001
  1.8662368e-001
  1.8060414e-001
  1.8904996e-001
  1.7907323e-001
  1.8941839e-001
  1.7951911e-001
  1.8764232e-001
  1.8272358e-001
  1.8360456e-001
  1.8673072e-001
  1.8050398e-001
  1.8735482e-001
  1.8290649e-001
  1.8405812e-001
  1.8367740e-001
  1.8761066e-001
  1.7894177e-001
  1.8779046e-001
  1.8383596e-001
  1.8517501e-001
  1.7980705e-001
  1.8811858e-001
  1.8416154e-001
  1.8559146e-001
  1.7938970e-001
  1.8566229e-001
  1.8383158e-001
  1.8905295e-001
  1.8321308e-001
  1.8530483e-001
  1.7952425e-001
  1.8406809e-001
  1.8064064e-001
  1.8645047e-001
  1.8288661e-001
  1.8859311e-001
  1.8402119e-001
  1.8928106e-001
