  1.7799819e-001
  1.8168387e-001
  1.7388859e-001
  1.7899467e-001
  1.7864793e-001
  1.7870038e-001
  1.7402337e-001
  1.8294793e-001
  1.7416575e-001
  1.7930903e-001
  1.7786248e-001
  1.7784066e-001
  1.7744913e-001
  1.7934400e-001
  1.7592946e-001
  1.7953559e-001
  1.7658211e-001
  1.7848534e-001
  1.7787302e-001
  1.7766537e-001
  1.7746160e-001
  1.7912676e-001
  1.7554451e-001
  1.8143641e-001
  1.7349467e-001
  1.8176530e-001
  1.7551381e-001
  1.7744993e-001
  1.8108101e-001
  1.7312830e-001
  1.8177973e-001
  1.7710976e-001
  1.7478399e-001
  1.8259792e-001
  1.7565893e-001
  1.7577918e-001
  1.8183248e-001
  1.7647112e-001
  1.7586165e-001
  1.7940669e-001
  1.7824406e-001
  1.7783340e-001
  1.7792331e-001
  1.7544133e-001
  1.7854481e-001
  1.8207528e-001
  1.7734085e-001
  1.7271945e-001
  1.7666233e-001
  1.8181408e-001
  1.7999395e-001
  1.7720558e-001
  1.7774458e-001
  1.7881338e-001
  1.7626953e-001
  1.7340258e-001
  1.7419133e-001
  1.7789704e-001
  1.8073951e-001
  1.8004704e-001
  1.7801607e-001
  1.7734775e-001
  1.7873685e-001
  1.8126361e-001
  1.8274730e-001
  1.8217604e-001
  1.8069167e-001
  1.7851235e-001
  1.7700324e-001
  1.7594145e-001
  1.7547414e-001
  1.7549567e-001
  1.7552114e-001
  1.7590897e-001
  1.7698456e-001
  1.7849051e-001
  1.8072439e-001
  1.8228177e-001
  1.8281212e-001
  1.8102546e-001
  1.7883385e-001
  1.7728912e-001
  1.7802390e-001
  1.8006047e-001
  1.8062103e-001
  1.7794044e-001
  1.7424856e-001
  1.7330562e-001
  1.7628346e-001
  1.7863513e-001
  1.7778743e-001
  1.7718705e-001
  1.7995519e-001
  1.8166530e-001
  1.7663149e-001
  1.7267396e-001
  1.7732570e-001
  1.8208456e-001
  1.7832131e-001
  1.7552293e-001
  1.7767490e-001
  1.7786594e-001
  1.7806277e-001
  1.7946601e-001
  1.7583869e-001
  1.7639393e-001
  1.8200248e-001
  1.7560969e-001
  1.7546758e-001
  1.8276188e-001
  1.7462017e-001
  1.7693840e-001
  1.8195415e-001
  1.7298908e-001
  1.8091092e-001
  1.7736850e-001
  1.7537231e-001
  1.8185937e-001
  1.7338034e-001
  1.8148110e-001
  1.7534586e-001
  1.7894599e-001
  1.7740122e-001
  1.7761314e-001
  1.7766991e-001
  1.7835583e-001
  1.7645666e-001
  1.7945502e-001
  1.7594287e-001
  1.7914170e-001
  1.7730035e-001
  1.7766042e-001
  1.7777663e-001
  1.7908659e-001
  1.7419169e-001
  1.8286461e-001
  1.7372786e-001
  1.7896081e-001
  1.7819650e-001
  1.7896494e-001
  1.7374005e-001
  1.8106579e-001
  1.7822289e-001
  1.7767648e-001
  1.7420450e-001
  1.7992118e-001
  1.7904254e-001
  1.8021459e-001
  1.7467652e-001
  1.7685127e-001
  1.7525567e-001
  1.8057919e-001
  1.7838229e-001
  1.8201822e-001
  1.7725364e-001
  1.7980094e-001
  1.7460105e-001
  1.7812177e-001
  1.7328825e-001
  1.7762333e-001
