  2.9970886e+003
  2.9693439e+003
  2.9162753e+003
  2.8720146e+003
  2.8634073e+003
  2.8893267e+003
  2.9225004e+003
  2.9316365e+003
  2.9058889e+003
  2.8625184e+003
  2.8323871e+003
  2.8353835e+003
  2.8652800e+003
  2.8954502e+003
  2.9001681e+003
  2.8742797e+003
  2.8360393e+003
  2.8116856e+003
  2.8145645e+003
  2.8351440e+003
  2.8490019e+003
  2.8358003e+003
  2.7944710e+003
  2.7436430e+003
  2.7078516e+003
  2.7002296e+003
  2.7141257e+003
  2.7290286e+003
  2.7258542e+003
  2.7003418e+003
  2.6651386e+003
  2.6396118e+003
  2.6353119e+003
  2.6478048e+003
  2.6603416e+003
  2.6558990e+003
  2.6285087e+003
  2.5863310e+003
  2.5454634e+003
  2.5195320e+003
  2.5118930e+003
  2.5147662e+003
  2.5151905e+003
  2.5037502e+003
  2.4804302e+003
  2.4538320e+003
  2.4345627e+003
  2.4277502e+003
  2.4299327e+003
  2.4318562e+003
  2.4244416e+003
  2.4038238e+003
  2.3730188e+003
  2.3400266e+003
  2.3135332e+003
  2.2982232e+003
  2.2922629e+003
  2.2886981e+003
  2.2799332e+003
  2.2621282e+003
  2.2366866e+003
  2.2086285e+003
  2.1836823e+003
  2.1657421e+003
  2.1552678e+003
  2.1489946e+003
  2.1414924e+003
  2.1281862e+003
  2.1079393e+003
  2.0833092e+003
  2.0585690e+003
  2.0373241e+003
  2.0211811e+003
  2.0094693e+003
  1.9995707e+003
  1.9880071e+003
  1.9723348e+003
  1.9527491e+003
  1.9318941e+003
  1.9128329e+003
  1.8968988e+003
  1.8830932e+003
  1.8690640e+003
  1.8526020e+003
  1.8329038e+003
  1.8113595e+003
  1.7913728e+003
  1.7766345e+003
  1.7684102e+003
  1.7638466e+003
  1.7570486e+003
  1.7425162e+003
  1.7185861e+003
  1.6886191e+003
  1.6593830e+003
  1.6376388e+003
  1.6265870e+003
  1.6239166e+003
  1.6228131e+003
  1.6158888e+003
  1.5998752e+003
  1.5777887e+003
  1.5567154e+003
  1.5426012e+003
  1.5358100e+003
  1.5306802e+003
  1.5194013e+003
  1.4975565e+003
  1.4676377e+003
  1.4381256e+003
  1.4184616e+003
  1.4129259e+003
  1.4174999e+003
  1.4222047e+003
  1.4177467e+003
  1.4019503e+003
  1.3811754e+003
  1.3653913e+003
  1.3603933e+003
  1.3630320e+003
  1.3632074e+003
  1.3512951e+003
  1.3254993e+003
  1.2935889e+003
  1.2676027e+003
  1.2553301e+003
  1.2548308e+003
  1.2561019e+003
  1.2487596e+003
  1.2300683e+003
  1.2072295e+003
  1.1920205e+003
  1.1916770e+003
  1.2029742e+003
  1.2142409e+003
  1.2140302e+003
  1.1998933e+003
  1.1803898e+003
  1.1685630e+003
  1.1717843e+003
  1.1858630e+003
  1.1981374e+003
  1.1972690e+003
  1.1821218e+003
  1.1626698e+003
  1.1520081e+003
  1.1555279e+003
  1.1657349e+003
  1.1671035e+003
  1.1478206e+003
  1.1099460e+003
  1.0703863e+003
  1.0514629e+003
  1.0671138e+003
  1.1137756e+003
  1.1717903e+003
  1.2162066e+003
  1.2300249e+003
  1.2121195e+003
  1.1762216e+003
