  1.5921643e-001
  1.5696750e-001
  1.6363413e-001
  1.5826034e-001
  1.5939633e-001
  1.5954300e-001
  1.6250153e-001
  1.5591861e-001
  1.6260874e-001
  1.5903452e-001
  1.5920165e-001
  1.6116555e-001
  1.5816547e-001
  1.6069892e-001
  1.5923109e-001
  1.5977304e-001
  1.5955940e-001
  1.5984647e-001
  1.5956081e-001
  1.6003548e-001
  1.5980018e-001
  1.5904154e-001
  1.6117542e-001
  1.5779209e-001
  1.6204481e-001
  1.5770185e-001
  1.6086639e-001
  1.6022673e-001
  1.5770234e-001
  1.6233085e-001
  1.5790967e-001
  1.5999713e-001
  1.6066712e-001
  1.5875896e-001
  1.5967206e-001
  1.5968279e-001
  1.6068763e-001
  1.5875385e-001
  1.5770496e-001
  1.6298123e-001
  1.6003925e-001
  1.5519883e-001
  1.6067934e-001
  1.6383211e-001
  1.5840055e-001
  1.5756829e-001
  1.6009933e-001
  1.5896147e-001
  1.5973828e-001
  1.6313705e-001
  1.6209551e-001
  1.5700742e-001
  1.5581388e-001
  1.5897494e-001
  1.6069215e-001
  1.5876955e-001
  1.5837748e-001
  1.6140158e-001
  1.6379282e-001
  1.6380079e-001
  1.6103717e-001
  1.5957950e-001
  1.6026885e-001
  1.6257503e-001
  1.6418245e-001
  1.6385096e-001
  1.6228250e-001
  1.6073407e-001
  1.5941272e-001
  1.5915131e-001
  1.5919892e-001
  1.5925982e-001
  1.5926144e-001
  1.5915493e-001
  1.5932279e-001
  1.6066876e-001
  1.6234516e-001
  1.6398138e-001
  1.6412229e-001
  1.6259034e-001
  1.6029808e-001
  1.5950294e-001
  1.6114031e-001
  1.6368150e-001
  1.6384748e-001
  1.6131549e-001
  1.5833741e-001
  1.5891078e-001
  1.6048980e-001
  1.5901479e-001
  1.5573633e-001
  1.5684535e-001
  1.6214404e-001
  1.6309352e-001
  1.5953571e-001
  1.5909133e-001
  1.6001871e-001
  1.5754941e-001
  1.5829846e-001
  1.6358641e-001
  1.6066518e-001
  1.5518638e-001
  1.5993893e-001
  1.6313331e-001
  1.5757656e-001
  1.5853858e-001
  1.6086118e-001
  1.5951141e-001
  1.5972081e-001
  1.5871104e-001
  1.6066968e-001
  1.5975728e-001
  1.5789365e-001
  1.6223327e-001
  1.5774040e-001
  1.6024507e-001
  1.6078488e-001
  1.5766413e-001
  1.6182253e-001
  1.5758729e-001
  1.6105752e-001
  1.5888411e-001
  1.5999114e-001
  1.5969973e-001
  1.5947838e-001
  1.5966743e-001
  1.5966933e-001
  1.5957368e-001
  1.5932543e-001
  1.6043937e-001
  1.5815738e-001
  1.6116307e-001
  1.5874998e-001
  1.5900000e-001
  1.6263214e-001
  1.5579947e-001
  1.6252471e-001
  1.5917369e-001
  1.5922808e-001
  1.5802337e-001
  1.6367786e-001
  1.5681625e-001
  1.5937088e-001
  1.5911139e-001
  1.6333732e-001
  1.5773616e-001
  1.5862809e-001
  1.5748235e-001
  1.6199123e-001
  1.6110425e-001
  1.6111920e-001
  1.5852738e-001
  1.5757394e-001
  1.5783093e-001
  1.5769621e-001
  1.6052029e-001
  1.5932060e-001
  1.6263231e-001
  1.5998536e-001
  1.6356170e-001
