  1.5788664e-001
  1.5292658e-001
  1.5396852e-001
  1.5182412e-001
  1.5874321e-001
  1.5075029e-001
  1.5516471e-001
  1.5418835e-001
  1.5472615e-001
  1.5154952e-001
  1.5829963e-001
  1.4977972e-001
  1.5737966e-001
  1.5182397e-001
  1.5499466e-001
  1.5434966e-001
  1.5264597e-001
  1.5628393e-001
  1.5121708e-001
  1.5787727e-001
  1.5010791e-001
  1.5833374e-001
  1.5041742e-001
  1.5698500e-001
  1.5272097e-001
  1.5345282e-001
  1.5680590e-001
  1.4995099e-001
  1.5804896e-001
  1.5177275e-001
  1.5326169e-001
  1.5740421e-001
  1.5028954e-001
  1.5551158e-001
  1.5530061e-001
  1.5185723e-001
  1.5461229e-001
  1.5441006e-001
  1.5417947e-001
  1.5358333e-001
  1.5203523e-001
  1.5599305e-001
  1.5655433e-001
  1.5056090e-001
  1.5159532e-001
  1.5722706e-001
  1.5577049e-001
  1.5307008e-001
  1.5446291e-001
  1.5326390e-001
  1.5066352e-001
  1.5266143e-001
  1.5746821e-001
  1.5757294e-001
  1.5455834e-001
  1.5371513e-001
  1.5534996e-001
  1.5581664e-001
  1.5280818e-001
  1.5049502e-001
  1.5055138e-001
  1.5279371e-001
  1.5389012e-001
  1.5342959e-001
  1.5165811e-001
  1.5014891e-001
  1.5021186e-001
  1.5183671e-001
  1.5390756e-001
  1.5615973e-001
  1.5750211e-001
  1.5797322e-001
  1.5754915e-001
  1.5604459e-001
  1.5386109e-001
  1.5182698e-001
  1.5027154e-001
  1.5021326e-001
  1.5154872e-001
  1.5340866e-001
  1.5401037e-001
  1.5268210e-001
  1.5059784e-001
  1.5041676e-001
  1.5283144e-001
  1.5574817e-001
  1.5538873e-001
  1.5377789e-001
  1.5439827e-001
  1.5761345e-001
  1.5720133e-001
  1.5264765e-001
  1.5076036e-001
  1.5325281e-001
  1.5427363e-001
  1.5318193e-001
  1.5568809e-001
  1.5701490e-001
  1.5153405e-001
  1.5042591e-001
  1.5651731e-001
  1.5608293e-001
  1.5177897e-001
  1.5371078e-001
  1.5403320e-001
  1.5428121e-001
  1.5485617e-001
  1.5160260e-001
  1.5526939e-001
  1.5561455e-001
  1.5021529e-001
  1.5706405e-001
  1.5334616e-001
  1.5162244e-001
  1.5807193e-001
  1.4987099e-001
  1.5675993e-001
  1.5322480e-001
  1.5256492e-001
  1.5685445e-001
  1.5034157e-001
  1.5811562e-001
  1.5022545e-001
  1.5742030e-001
  1.5124030e-001
  1.5607002e-001
  1.5282260e-001
  1.5419274e-001
  1.5505810e-001
  1.5161124e-001
  1.5740340e-001
  1.4985053e-001
  1.5803133e-001
  1.5155806e-001
  1.5460870e-001
  1.5400288e-001
  1.5516454e-001
  1.5058767e-001
  1.5840756e-001
  1.5165475e-001
  1.5394514e-001
  1.5278303e-001
  1.5812820e-001
  1.5083829e-001
  1.5390881e-001
  1.5231091e-001
  1.5824908e-001
  1.5330293e-001
  1.5407521e-001
  1.5040153e-001
  1.5406290e-001
  1.5409104e-001
  1.5654916e-001
  1.5588570e-001
  1.5496007e-001
  1.5468618e-001
  1.5213727e-001
  1.5346523e-001
  1.5055537e-001
  1.5332735e-001
