  1.4813192e-001
  1.4599274e-001
  1.5253591e-001
  1.4685822e-001
  1.4861858e-001
  1.4830802e-001
  1.5111741e-001
  1.4466077e-001
  1.5185656e-001
  1.4679046e-001
  1.4919976e-001
  1.4861356e-001
  1.4874012e-001
  1.4765279e-001
  1.5060534e-001
  1.4611584e-001
  1.5134067e-001
  1.4567548e-001
  1.5142222e-001
  1.4653763e-001
  1.4999363e-001
  1.4798316e-001
  1.4837431e-001
  1.4998147e-001
  1.4627012e-001
  1.5172116e-001
  1.4534410e-001
  1.5080477e-001
  1.4770173e-001
  1.4688587e-001
  1.5181082e-001
  1.4495615e-001
  1.5003291e-001
  1.5059629e-001
  1.4434997e-001
  1.5105221e-001
  1.4983314e-001
  1.4543475e-001
  1.4955894e-001
  1.4932433e-001
  1.4861276e-001
  1.4871432e-001
  1.4628169e-001
  1.4831924e-001
  1.5258000e-001
  1.4849044e-001
  1.4464401e-001
  1.4804726e-001
  1.5017187e-001
  1.4831121e-001
  1.4972963e-001
  1.5161924e-001
  1.4908510e-001
  1.4500744e-001
  1.4556094e-001
  1.4832899e-001
  1.4824417e-001
  1.4637203e-001
  1.4618011e-001
  1.4887458e-001
  1.5101263e-001
  1.5087874e-001
  1.4866325e-001
  1.4730502e-001
  1.4759557e-001
  1.4891926e-001
  1.4997608e-001
  1.5005135e-001
  1.4861000e-001
  1.4677003e-001
  1.4517824e-001
  1.4465374e-001
  1.4514825e-001
  1.4666732e-001
  1.4865835e-001
  1.4996595e-001
  1.5000514e-001
  1.4901385e-001
  1.4747491e-001
  1.4732540e-001
  1.4878301e-001
  1.5081435e-001
  1.5113480e-001
  1.4883972e-001
  1.4606243e-001
  1.4639910e-001
  1.4829598e-001
  1.4831899e-001
  1.4541448e-001
  1.4500255e-001
  1.4884500e-001
  1.5168158e-001
  1.4979494e-001
  1.4833800e-001
  1.5005455e-001
  1.4806191e-001
  1.4456078e-001
  1.4833198e-001
  1.5250611e-001
  1.4835181e-001
  1.4624395e-001
  1.4880094e-001
  1.4833295e-001
  1.4942588e-001
  1.4947329e-001
  1.4537298e-001
  1.5001604e-001
  1.5072390e-001
  1.4433445e-001
  1.5076996e-001
  1.4980236e-001
  1.4480989e-001
  1.5187995e-001
  1.4678511e-001
  1.4769949e-001
  1.5077462e-001
  1.4538689e-001
  1.5144763e-001
  1.4623891e-001
  1.4992938e-001
  1.4826677e-001
  1.4784434e-001
  1.5001788e-001
  1.4621834e-001
  1.5149547e-001
  1.4547713e-001
  1.5149930e-001
  1.4597820e-001
  1.5040852e-001
  1.4750199e-001
  1.4874481e-001
  1.4875198e-001
  1.4896852e-001
  1.4671029e-001
  1.5168395e-001
  1.4464025e-001
  1.5097643e-001
  1.4821135e-001
  1.4829726e-001
  1.4682214e-001
  1.5238136e-001
  1.4589390e-001
  1.4848732e-001
  1.4718478e-001
  1.5260079e-001
  1.4604522e-001
  1.4855049e-001
  1.4555567e-001
  1.5175453e-001
  1.4877323e-001
  1.5107274e-001
  1.4632693e-001
  1.4740869e-001
  1.4587395e-001
  1.4758997e-001
  1.4860944e-001
  1.4877747e-001
  1.5089467e-001
  1.4911869e-001
  1.5190767e-001
