  1.2537946e-001
  1.2952876e-001
  1.2823938e-001
  1.2959310e-001
  1.2491762e-001
  1.3163193e-001
  1.2688418e-001
  1.2831223e-001
  1.2823567e-001
  1.2940594e-001
  1.2601285e-001
  1.3136376e-001
  1.2489436e-001
  1.3145760e-001
  1.2543273e-001
  1.3071002e-001
  1.2639895e-001
  1.2986258e-001
  1.2671840e-001
  1.2989801e-001
  1.2683075e-001
  1.2955390e-001
  1.2697773e-001
  1.2960358e-001
  1.2699158e-001
  1.2925715e-001
  1.2802377e-001
  1.2745447e-001
  1.3043863e-001
  1.2526114e-001
  1.3080964e-001
  1.2810839e-001
  1.2590028e-001
  1.3186943e-001
  1.2622118e-001
  1.2745270e-001
  1.3033010e-001
  1.2762686e-001
  1.2839101e-001
  1.2686289e-001
  1.2863753e-001
  1.3133155e-001
  1.2609998e-001
  1.2556281e-001
  1.3007425e-001
  1.2913919e-001
  1.2852739e-001
  1.2961024e-001
  1.2694552e-001
  1.2476325e-001
  1.2821388e-001
  1.3041783e-001
  1.2849747e-001
  1.2871763e-001
  1.3139597e-001
  1.3068710e-001
  1.2762003e-001
  1.2657630e-001
  1.2843882e-001
  1.2938884e-001
  1.2766107e-001
  1.2572788e-001
  1.2556744e-001
  1.2760460e-001
  1.2927753e-001
  1.2967891e-001
  1.2862204e-001
  1.2775133e-001
  1.2786528e-001
  1.2893312e-001
  1.3008584e-001
  1.3064450e-001
  1.2996530e-001
  1.2893721e-001
  1.2777046e-001
  1.2785072e-001
  1.2859757e-001
  1.2957376e-001
  1.2929994e-001
  1.2755630e-001
  1.2559481e-001
  1.2567349e-001
  1.2771645e-001
  1.2942513e-001
  1.2834144e-001
  1.2649271e-001
  1.2756021e-001
  1.3082365e-001
  1.3121947e-001
  1.2854701e-001
  1.2851228e-001
  1.3058703e-001
  1.2818621e-001
  1.2470670e-001
  1.2681610e-001
  1.2969490e-001
  1.2834283e-001
  1.2931982e-001
  1.2994767e-001
  1.2551968e-001
  1.2612836e-001
  1.3135154e-001
  1.2849172e-001
  1.2689942e-001
  1.2823137e-001
  1.2749671e-001
  1.3046215e-001
  1.2735703e-001
  1.2615332e-001
  1.3187976e-001
  1.2580232e-001
  1.2791016e-001
  1.3085533e-001
  1.2514382e-001
  1.3037508e-001
  1.2735591e-001
  1.2786001e-001
  1.2932802e-001
  1.2687772e-001
  1.2962862e-001
  1.2695852e-001
  1.2942017e-001
  1.2691251e-001
  1.2963813e-001
  1.2680011e-001
  1.2964066e-001
  1.2624016e-001
  1.3058161e-001
  1.2542476e-001
  1.3160575e-001
  1.2467940e-001
  1.3150526e-001
  1.2597388e-001
  1.2914871e-001
  1.2821029e-001
  1.2823576e-001
  1.2661947e-001
  1.3170149e-001
  1.2480874e-001
  1.2958120e-001
  1.2830561e-001
  1.2942958e-001
  1.2512328e-001
  1.2980911e-001
  1.2922557e-001
  1.2873356e-001
  1.2653716e-001
  1.2656747e-001
  1.3000819e-001
  1.2881218e-001
  1.3071333e-001
  1.2592414e-001
  1.2832708e-001
  1.2479537e-001
  1.2851309e-001
  1.2702645e-001
  1.2955061e-001
  1.2953045e-001
  1.2945851e-001
  1.3063647e-001
