  1.2385736e-001
  1.2541332e-001
  1.2009783e-001
  1.2564665e-001
  1.2374186e-001
  1.2323559e-001
  1.2257381e-001
  1.2601669e-001
  1.2104698e-001
  1.2518719e-001
  1.2350767e-001
  1.2253362e-001
  1.2515565e-001
  1.2228676e-001
  1.2426679e-001
  1.2371013e-001
  1.2301411e-001
  1.2481691e-001
  1.2216685e-001
  1.2543519e-001
  1.2192776e-001
  1.2521881e-001
  1.2269507e-001
  1.2404227e-001
  1.2374202e-001
  1.2286429e-001
  1.2432691e-001
  1.2323881e-001
  1.2353081e-001
  1.2373555e-001
  1.2389320e-001
  1.2217816e-001
  1.2621742e-001
  1.2200369e-001
  1.2227909e-001
  1.2738555e-001
  1.2139558e-001
  1.2256224e-001
  1.2564014e-001
  1.2321992e-001
  1.2390410e-001
  1.2197952e-001
  1.2239865e-001
  1.2671197e-001
  1.2417912e-001
  1.2093085e-001
  1.2324853e-001
  1.2314058e-001
  1.2261851e-001
  1.2606251e-001
  1.2651478e-001
  1.2285683e-001
  1.2174624e-001
  1.2369746e-001
  1.2283549e-001
  1.2025951e-001
  1.2116184e-001
  1.2398402e-001
  1.2425380e-001
  1.2221792e-001
  1.2146968e-001
  1.2295116e-001
  1.2472633e-001
  1.2472312e-001
  1.2265239e-001
  1.2088269e-001
  1.2047609e-001
  1.2147616e-001
  1.2308530e-001
  1.2397780e-001
  1.2446617e-001
  1.2464966e-001
  1.2436286e-001
  1.2405552e-001
  1.2290665e-001
  1.2154855e-001
  1.2042223e-001
  1.2090498e-001
  1.2266309e-001
  1.2462636e-001
  1.2463000e-001
  1.2295307e-001
  1.2141088e-001
  1.2230190e-001
  1.2421280e-001
  1.2396314e-001
  1.2101733e-001
  1.2035078e-001
  1.2275550e-001
  1.2349885e-001
  1.2182508e-001
  1.2297021e-001
  1.2647021e-001
  1.2581471e-001
  1.2255004e-001
  1.2311448e-001
  1.2318167e-001
  1.2097708e-001
  1.2400613e-001
  1.2673404e-001
  1.2245576e-001
  1.2197988e-001
  1.2382338e-001
  1.2322355e-001
  1.2541874e-001
  1.2259182e-001
  1.2141596e-001
  1.2725039e-001
  1.2208289e-001
  1.2207522e-001
  1.2607432e-001
  1.2203538e-001
  1.2386393e-001
  1.2355353e-001
  1.2344114e-001
  1.2302299e-001
  1.2421748e-001
  1.2292160e-001
  1.2361802e-001
  1.2391434e-001
  1.2267803e-001
  1.2513294e-001
  1.2199906e-001
  1.2520588e-001
  1.2224929e-001
  1.2445046e-001
  1.2294291e-001
  1.2377248e-001
  1.2424233e-001
  1.2237995e-001
  1.2481812e-001
  1.2268096e-001
  1.2347371e-001
  1.2486334e-001
  1.2112087e-001
  1.2585485e-001
  1.2245652e-001
  1.2330800e-001
  1.2341846e-001
  1.2574219e-001
  1.2003665e-001
  1.2541280e-001
  1.2359297e-001
  1.2478058e-001
  1.2038276e-001
  1.2449028e-001
  1.2458779e-001
  1.2465504e-001
  1.2292649e-001
  1.2099139e-001
  1.2388836e-001
  1.2253465e-001
  1.2688326e-001
  1.2354657e-001
  1.2613509e-001
  1.2242021e-001
  1.2365916e-001
  1.2212507e-001
  1.2174088e-001
  1.2241101e-001
