  1.1510094e-001
  1.1574295e-001
  1.1291495e-001
  1.1517839e-001
  1.1646027e-001
  1.1267376e-001
  1.1548393e-001
  1.1511363e-001
  1.1418021e-001
  1.1447501e-001
  1.1651899e-001
  1.1198608e-001
  1.1783876e-001
  1.1157115e-001
  1.1797128e-001
  1.1190916e-001
  1.1733632e-001
  1.1270672e-001
  1.1685391e-001
  1.1260397e-001
  1.1692767e-001
  1.1253355e-001
  1.1686813e-001
  1.1249808e-001
  1.1664842e-001
  1.1340531e-001
  1.1477816e-001
  1.1640639e-001
  1.1198570e-001
  1.1818194e-001
  1.1240208e-001
  1.1516304e-001
  1.1617672e-001
  1.1322682e-001
  1.1523473e-001
  1.1447006e-001
  1.1645178e-001
  1.1281908e-001
  1.1365103e-001
  1.1806240e-001
  1.1384822e-001
  1.1329547e-001
  1.1487024e-001
  1.1419277e-001
  1.1661261e-001
  1.1627683e-001
  1.1203079e-001
  1.1331026e-001
  1.1521625e-001
  1.1424412e-001
  1.1534373e-001
  1.1776125e-001
  1.1613821e-001
  1.1361584e-001
  1.1448175e-001
  1.1543290e-001
  1.1334541e-001
  1.1150057e-001
  1.1283881e-001
  1.1480541e-001
  1.1388206e-001
  1.1191247e-001
  1.1167334e-001
  1.1320241e-001
  1.1466496e-001
  1.1472338e-001
  1.1381720e-001
  1.1308133e-001
  1.1363634e-001
  1.1535725e-001
  1.1712633e-001
  1.1753368e-001
  1.1699192e-001
  1.1529559e-001
  1.1355607e-001
  1.1310094e-001
  1.1374466e-001
  1.1485163e-001
  1.1468351e-001
  1.1313048e-001
  1.1157815e-001
  1.1196032e-001
  1.1391682e-001
  1.1465641e-001
  1.1288885e-001
  1.1154380e-001
  1.1314235e-001
  1.1545472e-001
  1.1451880e-001
  1.1349010e-001
  1.1600012e-001
  1.1808595e-001
  1.1533930e-001
  1.1403911e-001
  1.1544065e-001
  1.1313999e-001
  1.1206372e-001
  1.1624526e-001
  1.1672667e-001
  1.1416519e-001
  1.1492054e-001
  1.1325064e-001
  1.1385434e-001
  1.1803315e-001
  1.1361165e-001
  1.1287449e-001
  1.1631177e-001
  1.1456139e-001
  1.1505594e-001
  1.1334939e-001
  1.1610712e-001
  1.1491618e-001
  1.1239808e-001
  1.1826467e-001
  1.1190034e-001
  1.1623869e-001
  1.1477156e-001
  1.1337004e-001
  1.1676567e-001
  1.1245662e-001
  1.1687983e-001
  1.1239709e-001
  1.1659674e-001
  1.1277836e-001
  1.1658003e-001
  1.1262654e-001
  1.1713104e-001
  1.1199226e-001
  1.1772816e-001
  1.1150912e-001
  1.1807842e-001
  1.1198247e-001
  1.1627147e-001
  1.1429009e-001
  1.1440183e-001
  1.1470470e-001
  1.1592308e-001
  1.1241348e-001
  1.1648208e-001
  1.1537244e-001
  1.1270004e-001
  1.1553689e-001
  1.1510982e-001
  1.1591094e-001
  1.1150518e-001
  1.1618588e-001
  1.1486540e-001
  1.1696194e-001
  1.1326340e-001
  1.1323437e-001
  1.1413360e-001
  1.1419681e-001
  1.1778297e-001
  1.1463037e-001
  1.1739043e-001
  1.1336218e-001
  1.1509060e-001
  1.1291861e-001
  1.1331616e-001
  1.1349823e-001
