  8.7038477e-002
  8.8827536e-002
  8.8416395e-002
  8.8364575e-002
  8.6320880e-002
  9.0649037e-002
  8.6225661e-002
  8.8443004e-002
  8.9379176e-002
  8.6491900e-002
  8.9244957e-002
  8.7106957e-002
  8.8424745e-002
  8.7806157e-002
  8.8145353e-002
  8.7913487e-002
  8.8282410e-002
  8.8198937e-002
  8.7882422e-002
  8.8292873e-002
  8.8115557e-002
  8.8251792e-002
  8.7946297e-002
  8.7498727e-002
  8.9101809e-002
  8.6126329e-002
  9.0376045e-002
  8.5599550e-002
  8.9651500e-002
  8.7744743e-002
  8.7640495e-002
  8.8125937e-002
  8.9006669e-002
  8.7136980e-002
  8.7376207e-002
  9.0480535e-002
  8.6408007e-002
  8.7610208e-002
  8.8117928e-002
  8.9175037e-002
  8.8844513e-002
  8.5534287e-002
  8.8091104e-002
  8.8764714e-002
  8.8463126e-002
  8.9853105e-002
  8.6984267e-002
  8.6078949e-002
  8.8201983e-002
  8.7073897e-002
  8.7571618e-002
  9.0534677e-002
  8.8992431e-002
  8.8236112e-002
  8.9963953e-002
  8.9757567e-002
  8.7793723e-002
  8.7854277e-002
  8.9326035e-002
  8.9133726e-002
  8.7410633e-002
  8.7817652e-002
  8.9647381e-002
  9.0398545e-002
  8.9397868e-002
  8.8248809e-002
  8.7987046e-002
  8.8880020e-002
  8.9114649e-002
  8.8047883e-002
  8.6559032e-002
  8.6179966e-002
  8.6634920e-002
  8.8182532e-002
  8.9018407e-002
  8.8755581e-002
  8.8158736e-002
  8.8227202e-002
  8.9402576e-002
  9.0401791e-002
  8.9636184e-002
  8.7678338e-002
  8.7508848e-002
  8.8985746e-002
  8.9393104e-002
  8.7862927e-002
  8.7723658e-002
  8.9773985e-002
  8.9962752e-002
  8.8181928e-002
  8.9177585e-002
  9.0190700e-002
  8.7625519e-002
  8.7037676e-002
  8.8203409e-002
  8.6121171e-002
  8.7020481e-002
  8.9785598e-002
  8.8425069e-002
  8.8725543e-002
  8.8075392e-002
  8.5601052e-002
  8.8897285e-002
  8.8956966e-002
  8.7918849e-002
  8.7845079e-002
  8.6333684e-002
  9.0508117e-002
  8.7309746e-002
  8.7083677e-002
  8.8844254e-002
  8.8130595e-002
  8.7624708e-002
  8.7595026e-002
  8.9598751e-002
  8.5519588e-002
  9.0356674e-002
  8.6106557e-002
  8.9119756e-002
  8.7481093e-002
  8.8137294e-002
  8.8109391e-002
  8.7886733e-002
  8.8393166e-002
  8.7901025e-002
  8.8135687e-002
  8.8053661e-002
  8.8005180e-002
  8.7973475e-002
  8.7665099e-002
  8.8352242e-002
  8.7158202e-002
  8.9128931e-002
  8.6445385e-002
  8.9112559e-002
  8.8437925e-002
  8.6243889e-002
  9.0530736e-002
  8.6422078e-002
  8.8282405e-002
  8.8338373e-002
  8.8789534e-002
  8.7065359e-002
  8.7071951e-002
  9.0564926e-002
  8.7092490e-002
  8.7968402e-002
  8.6702107e-002
  8.8189976e-002
  9.0078192e-002
  8.7701173e-002
  8.9167312e-002
  8.6139163e-002
  8.7186517e-002
  8.7588479e-002
  8.6948157e-002
  8.9665997e-002
  8.7637977e-002
  8.9856074e-002
  8.9050613e-002
