  8.5564742e-002
  8.4959847e-002
  8.2727830e-002
  8.7000713e-002
  8.3978395e-002
  8.4189342e-002
  8.5329076e-002
  8.4705130e-002
  8.4497493e-002
  8.4757027e-002
  8.5247287e-002
  8.3516037e-002
  8.6267839e-002
  8.2761997e-002
  8.6738596e-002
  8.2839471e-002
  8.6672515e-002
  8.3245246e-002
  8.6059218e-002
  8.3403128e-002
  8.6088321e-002
  8.3789734e-002
  8.5210248e-002
  8.4367232e-002
  8.4496081e-002
  8.5401219e-002
  8.3732367e-002
  8.5268404e-002
  8.5136420e-002
  8.2990895e-002
  8.7043819e-002
  8.3112624e-002
  8.5273127e-002
  8.4602863e-002
  8.5872234e-002
  8.3112072e-002
  8.4589971e-002
  8.6459857e-002
  8.3616886e-002
  8.4956251e-002
  8.3504781e-002
  8.5449606e-002
  8.6492887e-002
  8.3350105e-002
  8.4444819e-002
  8.3814195e-002
  8.3835881e-002
  8.6527439e-002
  8.5710591e-002
  8.4569964e-002
  8.5979077e-002
  8.4595180e-002
  8.2565748e-002
  8.4476342e-002
  8.4297310e-002
  8.2431143e-002
  8.3101603e-002
  8.4889322e-002
  8.3789222e-002
  8.2568341e-002
  8.3209206e-002
  8.4956315e-002
  8.4162976e-002
  8.2700992e-002
  8.2574846e-002
  8.4165922e-002
  8.5493723e-002
  8.5864129e-002
  8.5260319e-002
  8.4623608e-002
  8.4463404e-002
  8.4730188e-002
  8.4438526e-002
  8.4776716e-002
  8.5132470e-002
  8.5779696e-002
  8.5659949e-002
  8.4125275e-002
  8.2625694e-002
  8.2711100e-002
  8.4191525e-002
  8.4684918e-002
  8.3335602e-002
  8.2541057e-002
  8.3858225e-002
  8.4725198e-002
  8.3114458e-002
  8.2437666e-002
  8.4316250e-002
  8.4319997e-002
  8.2668343e-002
  8.4370533e-002
  8.6006839e-002
  8.4564844e-002
  8.5677008e-002
  8.6662098e-002
  8.3712546e-002
  8.3683368e-002
  8.4442697e-002
  8.3284100e-002
  8.6433664e-002
  8.5664486e-002
  8.3513789e-002
  8.4758757e-002
  8.3551433e-002
  8.6670785e-002
  8.4544727e-002
  8.3039923e-002
  8.5782564e-002
  8.4665992e-002
  8.5066880e-002
  8.3200762e-002
  8.6904405e-002
  8.2876831e-002
  8.5065812e-002
  8.5117356e-002
  8.3667738e-002
  8.5414842e-002
  8.4470981e-002
  8.4356432e-002
  8.5446142e-002
  8.3672751e-002
  8.5793977e-002
  8.3455508e-002
  8.5941570e-002
  8.3196383e-002
  8.6499083e-002
  8.2928943e-002
  8.6465347e-002
  8.2675345e-002
  8.6225045e-002
  8.3616838e-002
  8.5060015e-002
  8.4688889e-002
  8.4375147e-002
  8.4852419e-002
  8.5259140e-002
  8.4226686e-002
  8.3981701e-002
  8.6933273e-002
  8.2541033e-002
  8.5099185e-002
  8.5436852e-002
  8.4651825e-002
  8.4461319e-002
  8.3149222e-002
  8.6894748e-002
  8.4764976e-002
  8.4475171e-002
  8.3903782e-002
  8.3007731e-002
  8.6268303e-002
  8.4752371e-002
  8.6581396e-002
  8.5605759e-002
  8.4016826e-002
  8.5380284e-002
  8.2692820e-002
  8.4420842e-002
  8.3204186e-002
