  7.9694488e-002
  8.2720140e-002
  8.1685113e-002
  8.1274783e-002
  8.0738892e-002
  8.2467218e-002
  8.1398099e-002
  8.0404862e-002
  8.3359031e-002
  7.9230010e-002
  8.3730206e-002
  8.0154040e-002
  8.1818017e-002
  8.1969592e-002
  8.0633801e-002
  8.3009612e-002
  7.9912838e-002
  8.3335639e-002
  7.9494622e-002
  8.3421229e-002
  7.9559037e-002
  8.3521996e-002
  7.9724487e-002
  8.2670342e-002
  8.0911884e-002
  8.1488957e-002
  8.1712799e-002
  8.1710272e-002
  8.0406438e-002
  8.3210211e-002
  8.0178572e-002
  8.1378907e-002
  8.3231693e-002
  7.9973604e-002
  8.1718291e-002
  8.1325104e-002
  8.3040193e-002
  7.9475080e-002
  8.1496076e-002
  8.3139399e-002
  8.1322586e-002
  8.1774890e-002
  7.9558035e-002
  8.1319574e-002
  8.3003445e-002
  8.1328413e-002
  8.3144466e-002
  8.1200120e-002
  7.9437106e-002
  8.1109468e-002
  8.0977606e-002
  8.0271282e-002
  8.2210526e-002
  8.2933339e-002
  8.1198471e-002
  8.2452316e-002
  8.3572353e-002
  8.2474567e-002
  8.1421349e-002
  8.3177760e-002
  8.3768192e-002
  8.2697995e-002
  8.1250362e-002
  8.1950847e-002
  8.2648505e-002
  8.2116314e-002
  8.0322287e-002
  7.9208785e-002
  7.9627305e-002
  8.1182530e-002
  8.2706970e-002
  8.3489914e-002
  8.2698693e-002
  8.1251473e-002
  7.9517691e-002
  7.9229306e-002
  8.0313150e-002
  8.2051462e-002
  8.2882560e-002
  8.1947514e-002
  8.1182796e-002
  8.2488442e-002
  8.3925859e-002
  8.3140409e-002
  8.1451536e-002
  8.2242481e-002
  8.3699253e-002
  8.2444628e-002
  8.1249667e-002
  8.2736094e-002
  8.2399138e-002
  8.0139679e-002
  8.0908631e-002
  8.1130116e-002
  7.9402197e-002
  8.1390791e-002
  8.2869939e-002
  8.1244414e-002
  8.3081160e-002
  8.1308643e-002
  7.9430545e-002
  8.2013141e-002
  8.1257292e-002
  8.3044141e-002
  8.1463670e-002
  7.9533035e-002
  8.2997595e-002
  8.1140273e-002
  8.1639724e-002
  8.0043297e-002
  8.3035261e-002
  8.1278143e-002
  8.0116224e-002
  8.3035896e-002
  8.0472135e-002
  8.1602951e-002
  8.1669275e-002
  8.1437445e-002
  8.0910352e-002
  8.2499337e-002
  7.9844814e-002
  8.3486954e-002
  7.9413609e-002
  8.3433668e-002
  7.9368704e-002
  8.3399073e-002
  7.9740353e-002
  8.3159699e-002
  8.0379377e-002
  8.1976253e-002
  8.1707005e-002
  8.0302089e-002
  8.3503985e-002
  7.9208726e-002
  8.3453465e-002
  8.0532435e-002
  8.1196150e-002
  8.2650929e-002
  8.0693718e-002
  8.1317359e-002
  8.1330302e-002
  8.2995280e-002
  7.9554546e-002
  8.1463744e-002
  8.3119828e-002
  8.1100038e-002
  8.1580616e-002
  7.9412756e-002
  8.2585424e-002
  8.2681064e-002
  8.1634480e-002
  8.2366997e-002
  7.9392980e-002
  8.1090591e-002
  8.0846913e-002
  8.0599757e-002
  8.2970645e-002
  8.1219112e-002
  8.3409722e-002
  8.2106404e-002
