  7.2790762e-002
  7.2212085e-002
  7.2172864e-002
  7.2899139e-002
  7.3695069e-002
  7.0627463e-002
  7.3912877e-002
  7.2363692e-002
  7.1855927e-002
  7.4196414e-002
  7.0600501e-002
  7.4288322e-002
  7.1624851e-002
  7.3225729e-002
  7.2714145e-002
  7.1657777e-002
  7.3681864e-002
  7.1243591e-002
  7.4096047e-002
  7.1105796e-002
  7.4088811e-002
  7.1139416e-002
  7.3494973e-002
  7.2195773e-002
  7.2656594e-002
  7.2682929e-002
  7.2919016e-002
  7.1382423e-002
  7.4507882e-002
  7.0678558e-002
  7.3631269e-002
  7.2719693e-002
  7.2355707e-002
  7.1885358e-002
  7.3731381e-002
  7.2886240e-002
  7.0871497e-002
  7.3603449e-002
  7.2413437e-002
  7.3710911e-002
  7.1044741e-002
  7.1838839e-002
  7.3639959e-002
  7.2558441e-002
  7.3911323e-002
  7.2056675e-002
  7.1020360e-002
  7.2715965e-002
  7.1233531e-002
  7.2536048e-002
  7.4013795e-002
  7.2833844e-002
  7.3274317e-002
  7.4674834e-002
  7.2836321e-002
  7.2448954e-002
  7.3897153e-002
  7.3546251e-002
  7.1994119e-002
  7.2933185e-002
  7.4166773e-002
  7.3642751e-002
  7.2649922e-002
  7.3135308e-002
  7.4343664e-002
  7.3777027e-002
  7.2149580e-002
  7.0983944e-002
  7.1209106e-002
  7.2232584e-002
  7.3257983e-002
  7.3853734e-002
  7.3242536e-002
  7.2246769e-002
  7.1194025e-002
  7.0983329e-002
  7.2144145e-002
  7.3800037e-002
  7.4336876e-002
  7.3145424e-002
  7.2626210e-002
  7.3607550e-002
  7.4168022e-002
  7.2913046e-002
  7.2002618e-002
  7.3492657e-002
  7.3904889e-002
  7.2408290e-002
  7.2834717e-002
  7.4621706e-002
  7.3302902e-002
  7.2767129e-002
  7.4042983e-002
  7.2505571e-002
  7.1271591e-002
  7.2624134e-002
  7.0972341e-002
  7.2008825e-002
  7.3911568e-002
  7.2531907e-002
  7.3608852e-002
  7.1823840e-002
  7.1035266e-002
  7.3690472e-002
  7.2436845e-002
  7.3530187e-002
  7.0865068e-002
  7.2817917e-002
  7.3686017e-002
  7.1874446e-002
  7.2322299e-002
  7.2627678e-002
  7.3638297e-002
  7.0594752e-002
  7.4474301e-002
  7.1400808e-002
  7.2804928e-002
  7.2597720e-002
  7.2680239e-002
  7.2140995e-002
  7.3458546e-002
  7.1221856e-002
  7.4055750e-002
  7.0975011e-002
  7.4067110e-002
  7.1281189e-002
  7.3597879e-002
  7.1818907e-002
  7.2671179e-002
  7.3033627e-002
  7.1552945e-002
  7.4296693e-002
  7.0596179e-002
  7.4252723e-002
  7.1590899e-002
  7.2312824e-002
  7.4056937e-002
  7.0606885e-002
  7.3636273e-002
  7.2663419e-002
  7.2257249e-002
  7.2220660e-002
  7.2780465e-002
  7.4002381e-002
  7.0573625e-002
  7.2543876e-002
  7.3614578e-002
  7.2695290e-002
  7.3347533e-002
  7.0740490e-002
  7.2130193e-002
  7.3138628e-002
  7.2463920e-002
  7.4644120e-002
  7.2524212e-002
  7.2655187e-002
  7.3030140e-002
  7.0771931e-002
  7.2510505e-002
  7.0952870e-002
