  6.8207651e-002
  6.5815950e-002
  6.7472053e-002
  6.7183175e-002
  6.7421729e-002
  6.6499377e-002
  6.7337441e-002
  6.7809312e-002
  6.5697881e-002
  6.8691649e-002
  6.5885111e-002
  6.7628029e-002
  6.7323488e-002
  6.6236989e-002
  6.8384386e-002
  6.5694710e-002
  6.8499321e-002
  6.5830444e-002
  6.8094879e-002
  6.6491296e-002
  6.7267181e-002
  6.7365739e-002
  6.6305394e-002
  6.8375782e-002
  6.5560300e-002
  6.8522281e-002
  6.6248686e-002
  6.7201217e-002
  6.7415062e-002
  6.7049445e-002
  6.6266163e-002
  6.8448461e-002
  6.6493428e-002
  6.6354431e-002
  6.8050834e-002
  6.7110235e-002
  6.6995148e-002
  6.5643959e-002
  6.8788821e-002
  6.7023162e-002
  6.7216149e-002
  6.6152888e-002
  6.6109730e-002
  6.8555367e-002
  6.7131046e-002
  6.8109204e-002
  6.7230053e-002
  6.5453305e-002
  6.6951103e-002
  6.6104170e-002
  6.5998608e-002
  6.8067966e-002
  6.7224166e-002
  6.6988237e-002
  6.8724926e-002
  6.8076903e-002
  6.7021638e-002
  6.8361067e-002
  6.8816075e-002
  6.7317604e-002
  6.7106740e-002
  6.8310046e-002
  6.8149049e-002
  6.6482823e-002
  6.5712803e-002
  6.6418204e-002
  6.7063805e-002
  6.6738506e-002
  6.6305451e-002
  6.6712918e-002
  6.7804561e-002
  6.8345111e-002
  6.7793500e-002
  6.6725058e-002
  6.6298163e-002
  6.6740747e-002
  6.7059211e-002
  6.6406839e-002
  6.5711746e-002
  6.6483865e-002
  6.8124527e-002
  6.8305442e-002
  6.7108917e-002
  6.7304586e-002
  6.8782777e-002
  6.8356426e-002
  6.7015433e-002
  6.8056976e-002
  6.8716673e-002
  6.6970104e-002
  6.7198694e-002
  6.8044204e-002
  6.5982818e-002
  6.6094176e-002
  6.6947411e-002
  6.5433797e-002
  6.7221951e-002
  6.8074070e-002
  6.7093078e-002
  6.8535907e-002
  6.6089744e-002
  6.6137724e-002
  6.7183913e-002
  6.7023071e-002
  6.8732392e-002
  6.5622245e-002
  6.6981433e-002
  6.7073752e-002
  6.8044961e-002
  6.6316597e-002
  6.6465892e-002
  6.8409866e-002
  6.6224751e-002
  6.7031369e-002
  6.7380003e-002
  6.7183432e-002
  6.6211939e-002
  6.8488441e-002
  6.5536442e-002
  6.8338164e-002
  6.6264689e-002
  6.7351801e-002
  6.7262013e-002
  6.6450361e-002
  6.8042823e-002
  6.5821109e-002
  6.8489443e-002
  6.5642135e-002
  6.8345640e-002
  6.6228454e-002
  6.7291589e-002
  6.7614811e-002
  6.5843951e-002
  6.8684268e-002
  6.5684142e-002
  6.7744833e-002
  6.7312296e-002
  6.6466444e-002
  6.7399660e-002
  6.7151441e-002
  6.7444441e-002
  6.5788407e-002
  6.8186880e-002
  6.7865522e-002
  6.5366535e-002
  6.7555928e-002
  6.7254101e-002
  6.7841457e-002
  6.7589149e-002
  6.5216125e-002
  6.7155158e-002
  6.7118687e-002
  6.7326097e-002
  6.9036294e-002
  6.6917857e-002
  6.7476963e-002
  6.7251973e-002
  6.5491684e-002
  6.7214816e-002
  6.5506180e-002
