  5.4657602e-002
  5.6016743e-002
  5.4615550e-002
  5.4977743e-002
  5.5007437e-002
  5.5287851e-002
  5.4905727e-002
  5.4790935e-002
  5.5635484e-002
  5.4389045e-002
  5.5458610e-002
  5.4953114e-002
  5.4859575e-002
  5.5268641e-002
  5.4943889e-002
  5.4866112e-002
  5.5469010e-002
  5.4313441e-002
  5.5996066e-002
  5.3963557e-002
  5.6207280e-002
  5.3850964e-002
  5.6121022e-002
  5.4213927e-002
  5.5330949e-002
  5.5406268e-002
  5.4016562e-002
  5.6223681e-002
  5.4255495e-002
  5.5063031e-002
  5.5238673e-002
  5.5465146e-002
  5.3804664e-002
  5.5946747e-002
  5.5233496e-002
  5.4669110e-002
  5.4416350e-002
  5.5403700e-002
  5.6062820e-002
  5.4266160e-002
  5.4950351e-002
  5.3807986e-002
  5.6104194e-002
  5.5410705e-002
  5.5538999e-002
  5.5416151e-002
  5.3648889e-002
  5.4936939e-002
  5.4079891e-002
  5.4304918e-002
  5.5754897e-002
  5.4662893e-002
  5.5468869e-002
  5.6347569e-002
  5.5005420e-002
  5.5623896e-002
  5.6497172e-002
  5.5229461e-002
  5.5157980e-002
  5.6280612e-002
  5.5564057e-002
  5.4314471e-002
  5.4704988e-002
  5.5252613e-002
  5.4348357e-002
  5.3530952e-002
  5.4254127e-002
  5.5794304e-002
  5.6364343e-002
  5.5597809e-002
  5.4435123e-002
  5.3934762e-002
  5.4431248e-002
  5.5607491e-002
  5.6367837e-002
  5.5792461e-002
  5.4251666e-002
  5.3517350e-002
  5.4359295e-002
  5.5237248e-002
  5.4703667e-002
  5.4310852e-002
  5.5553152e-002
  5.6252439e-002
  5.5162720e-002
  5.5219984e-002
  5.6492278e-002
  5.5609145e-002
  5.5015138e-002
  5.6326665e-002
  5.5455913e-002
  5.4643494e-002
  5.5743863e-002
  5.4297806e-002
  5.4064227e-002
  5.4908181e-002
  5.3640485e-002
  5.5408233e-002
  5.5513304e-002
  5.5381223e-002
  5.6089070e-002
  5.3795509e-002
  5.4929217e-002
  5.4256954e-002
  5.6053921e-002
  5.5405336e-002
  5.4387568e-002
  5.4659395e-002
  5.5201886e-002
  5.5935813e-002
  5.3797782e-002
  5.5434439e-002
  5.5221116e-002
  5.5038876e-002
  5.4219058e-002
  5.6227915e-002
  5.4010892e-002
  5.5370210e-002
  5.5316470e-002
  5.4193294e-002
  5.6101717e-002
  5.3837631e-002
  5.6208518e-002
  5.3944585e-002
  5.5969264e-002
  5.4290723e-002
  5.5479383e-002
  5.4866910e-002
  5.4907627e-002
  5.5261856e-002
  5.4838807e-002
  5.4946027e-002
  5.5440496e-002
  5.4379520e-002
  5.5630433e-002
  5.4748651e-002
  5.4907545e-002
  5.5283198e-002
  5.5000399e-002
  5.4959841e-002
  5.4609464e-002
  5.6010945e-002
  5.4673852e-002
  5.3903034e-002
  5.6443263e-002
  5.5238127e-002
  5.4176706e-002
  5.5090742e-002
  5.4470343e-002
  5.5897582e-002
  5.6210181e-002
  5.4201262e-002
  5.4868894e-002
  5.4499342e-002
  5.3774741e-002
  5.5620790e-002
  5.5168970e-002
  5.5034997e-002
  5.6610083e-002
  5.5044395e-002
