  5.3274654e-002
  5.2923862e-002
  5.1866756e-002
  5.4070823e-002
  5.2734370e-002
  5.1857403e-002
  5.4414466e-002
  5.1837089e-002
  5.2924657e-002
  5.3766406e-002
  5.1462983e-002
  5.4371891e-002
  5.1780130e-002
  5.3424684e-002
  5.2901980e-002
  5.2468685e-002
  5.3421100e-002
  5.2368089e-002
  5.3138396e-002
  5.3048878e-002
  5.2266107e-002
  5.3859389e-002
  5.1634616e-002
  5.4091718e-002
  5.1918161e-002
  5.3331023e-002
  5.2812750e-002
  5.2909416e-002
  5.2229562e-002
  5.4158345e-002
  5.1551680e-002
  5.3432749e-002
  5.2920454e-002
  5.3280358e-002
  5.1477447e-002
  5.3968569e-002
  5.2785126e-002
  5.3340520e-002
  5.1467574e-002
  5.3226019e-002
  5.3237948e-002
  5.3433495e-002
  5.3161673e-002
  5.1573163e-002
  5.2920479e-002
  5.1928672e-002
  5.3405129e-002
  5.3755003e-002
  5.2954980e-002
  5.4252077e-002
  5.2933086e-002
  5.2730995e-002
  5.3553011e-002
  5.2119816e-002
  5.2353211e-002
  5.3224942e-002
  5.2059523e-002
  5.2144245e-002
  5.3380788e-002
  5.2852367e-002
  5.2282497e-002
  5.3515681e-002
  5.4209271e-002
  5.3326152e-002
  5.2782948e-002
  5.3313799e-002
  5.3357362e-002
  5.2278251e-002
  5.1439898e-002
  5.2067484e-002
  5.3574400e-002
  5.4357029e-002
  5.3575282e-002
  5.2074228e-002
  5.1437988e-002
  5.2270360e-002
  5.3355864e-002
  5.3316918e-002
  5.2785419e-002
  5.3311366e-002
  5.4209786e-002
  5.3506870e-002
  5.2270194e-002
  5.2836438e-002
  5.3385347e-002
  5.2133608e-002
  5.2057021e-002
  5.3212373e-002
  5.2359835e-002
  5.2100506e-002
  5.3537944e-002
  5.2713603e-002
  5.2920776e-002
  5.4242039e-002
  5.2937848e-002
  5.3719812e-002
  5.3400860e-002
  5.1927336e-002
  5.2890219e-002
  5.1550653e-002
  5.3144517e-002
  5.3419581e-002
  5.3219038e-002
  5.3229265e-002
  5.1443989e-002
  5.3341861e-002
  5.2751992e-002
  5.3961423e-002
  5.1444964e-002
  5.3271331e-002
  5.2909451e-002
  5.3411654e-002
  5.1525713e-002
  5.4133056e-002
  5.2203733e-002
  5.2919336e-002
  5.2793130e-002
  5.3297084e-002
  5.1910233e-002
  5.4078451e-002
  5.1611963e-002
  5.3863864e-002
  5.2257840e-002
  5.3021580e-002
  5.3097518e-002
  5.2355254e-002
  5.3412220e-002
  5.2465457e-002
  5.2867585e-002
  5.3433153e-002
  5.1758743e-002
  5.4373428e-002
  5.1434904e-002
  5.3772029e-002
  5.2917863e-002
  5.1821071e-002
  5.4418244e-002
  5.1852494e-002
  5.2704493e-002
  5.4049280e-002
  5.1867289e-002
  5.2907726e-002
  5.3285168e-002
  5.2900280e-002
  5.3008407e-002
  5.1832781e-002
  5.3353070e-002
  5.4198163e-002
  5.2085820e-002
  5.2496008e-002
  5.2628382e-002
  5.2179903e-002
  5.4080929e-002
  5.3704524e-002
  5.2773186e-002
  5.3755743e-002
  5.2419433e-002
  5.1940697e-002
  5.3045597e-002
  5.1402962e-002
