  4.9794528e-002
  5.2150646e-002
  5.0517213e-002
  5.0042849e-002
  5.1753393e-002
  5.0415174e-002
  5.0573270e-002
  5.1307853e-002
  5.0267805e-002
  5.1098498e-002
  5.0820476e-002
  5.0370235e-002
  5.1589577e-002
  4.9757775e-002
  5.1944196e-002
  4.9772725e-002
  5.1548777e-002
  5.0304111e-002
  5.1015941e-002
  5.0746479e-002
  5.0756552e-002
  5.0752541e-002
  5.0765471e-002
  5.0914830e-002
  5.0340839e-002
  5.1585600e-002
  4.9873765e-002
  5.1361987e-002
  5.0922031e-002
  4.9992560e-002
  5.1489077e-002
  5.0872139e-002
  5.0250405e-002
  5.0634063e-002
  5.1602412e-002
  5.0640554e-002
  4.9946621e-002
  5.0980123e-002
  5.1061529e-002
  5.1714742e-002
  4.9654508e-002
  5.0770329e-002
  4.9879104e-002
  5.1625762e-002
  5.1430855e-002
  5.1001295e-002
  5.1516686e-002
  4.9697649e-002
  5.0597872e-002
  5.0104341e-002
  4.9553199e-002
  5.0965302e-002
  5.0075480e-002
  5.0195524e-002
  5.1351772e-002
  5.0299099e-002
  5.0222646e-002
  5.1278696e-002
  5.0380665e-002
  4.9641761e-002
  5.0579905e-002
  5.0587796e-002
  4.9512066e-002
  4.9777059e-002
  5.1154203e-002
  5.1557623e-002
  5.0973342e-002
  5.0759066e-002
  5.1153719e-002
  5.1091622e-002
  5.0418028e-002
  4.9995089e-002
  5.0411482e-002
  5.1095123e-002
  5.1139747e-002
  5.0754205e-002
  5.0976042e-002
  5.1565649e-002
  5.1149974e-002
  4.9768206e-002
  4.9513406e-002
  5.0583086e-002
  5.0556153e-002
  4.9645540e-002
  5.0362044e-002
  5.1267093e-002
  5.0231595e-002
  5.0282856e-002
  5.1347626e-002
  5.0172905e-002
  5.0061734e-002
  5.0960209e-002
  4.9535632e-002
  5.0093549e-002
  5.0574994e-002
  4.9679079e-002
  5.1511888e-002
  5.0992649e-002
  5.1402726e-002
  5.1604000e-002
  4.9861556e-002
  5.0752694e-002
  4.9640819e-002
  5.1717559e-002
  5.1034602e-002
  5.0970555e-002
  4.9929350e-002
  5.0629679e-002
  5.1573145e-002
  5.0629763e-002
  5.0235324e-002
  5.0860343e-002
  5.1453940e-002
  4.9969083e-002
  5.0908321e-002
  5.1371389e-002
  4.9842309e-002
  5.1555135e-002
  5.0337704e-002
  5.0899833e-002
  5.0752017e-002
  5.0764090e-002
  5.0740063e-002
  5.0720446e-002
  5.0976046e-002
  5.0303738e-002
  5.1522585e-002
  4.9773222e-002
  5.1913726e-002
  4.9759483e-002
  5.1569536e-002
  5.0373321e-002
  5.0773770e-002
  5.1112308e-002
  5.0255518e-002
  5.1315231e-002
  5.0583805e-002
  5.0397378e-002
  5.1717414e-002
  5.0034083e-002
  5.0514722e-002
  5.2132680e-002
  4.9799109e-002
  5.0251960e-002
  5.1998984e-002
  5.0589188e-002
  5.0623049e-002
  5.0507416e-002
  5.0137125e-002
  5.1988352e-002
  5.1491706e-002
  5.0102357e-002
  5.0872896e-002
  4.9983908e-002
  4.9768080e-002
  5.1403016e-002
  5.0712085e-002
  5.0928475e-002
  5.2223525e-002
  5.0709736e-002
