  4.8602200e-002
  4.8779155e-002
  4.8488351e-002
  4.9060389e-002
  4.9096941e-002
  4.7977750e-002
  4.9524248e-002
  4.8613553e-002
  4.8254257e-002
  4.9663839e-002
  4.7985119e-002
  4.9219015e-002
  4.8704142e-002
  4.8632894e-002
  4.8880555e-002
  4.8899232e-002
  4.8294751e-002
  4.9609751e-002
  4.7684192e-002
  5.0032831e-002
  4.7522803e-002
  4.9859621e-002
  4.8003478e-002
  4.9062370e-002
  4.9137285e-002
  4.7800854e-002
  5.0056211e-002
  4.7758622e-002
  4.9170390e-002
  4.8784562e-002
  4.9129540e-002
  4.7602074e-002
  5.0128407e-002
  4.8269434e-002
  4.8771309e-002
  4.7954190e-002
  5.0125327e-002
  4.8397721e-002
  4.8736389e-002
  4.7783364e-002
  4.9143023e-002
  4.9487705e-002
  4.8955515e-002
  4.9209052e-002
  4.7482983e-002
  4.8732264e-002
  4.7954585e-002
  4.8753061e-002
  4.9631012e-002
  4.8666008e-002
  5.0005702e-002
  4.9412132e-002
  4.8844669e-002
  5.0024196e-002
  4.9023839e-002
  4.8788516e-002
  4.9925162e-002
  4.9205855e-002
  4.8764335e-002
  4.9931811e-002
  4.9849806e-002
  4.8716089e-002
  4.8979292e-002
  4.9486990e-002
  4.8526422e-002
  4.7423572e-002
  4.7841701e-002
  4.9079060e-002
  4.9625795e-002
  4.9137881e-002
  4.8501826e-002
  4.8254339e-002
  4.8488383e-002
  4.9142725e-002
  4.9611036e-002
  4.9078185e-002
  4.7844633e-002
  4.7420199e-002
  4.8521492e-002
  4.9497975e-002
  4.8975392e-002
  4.8704678e-002
  4.9821975e-002
  4.9944638e-002
  4.8738041e-002
  4.9195269e-002
  4.9940511e-002
  4.8773009e-002
  4.9018432e-002
  4.9996391e-002
  4.8837992e-002
  4.9412412e-002
  4.9983689e-002
  4.8660973e-002
  4.9608656e-002
  4.8738642e-002
  4.7945717e-002
  4.8713859e-002
  4.7466283e-002
  4.9190511e-002
  4.8941368e-002
  4.9466077e-002
  4.9133210e-002
  4.7773561e-002
  4.8723525e-002
  4.8383426e-002
  5.0129598e-002
  4.7928322e-002
  4.8751898e-002
  4.8262791e-002
  5.0115341e-002
  4.7584536e-002
  4.9107579e-002
  4.8759283e-002
  4.9142606e-002
  4.7756005e-002
  5.0019085e-002
  4.7783044e-002
  4.9141021e-002
  4.9035978e-002
  4.7990939e-002
  4.9867902e-002
  4.7509725e-002
  5.0014942e-002
  4.7669563e-002
  4.9611878e-002
  4.8259899e-002
  4.8911192e-002
  4.8864205e-002
  4.8627080e-002
  4.8691283e-002
  4.9216424e-002
  4.7954360e-002
  4.9679392e-002
  4.8234524e-002
  4.8640978e-002
  4.9539493e-002
  4.7950746e-002
  4.9100606e-002
  4.9056790e-002
  4.8479358e-002
  4.8780316e-002
  4.8603615e-002
  4.9500515e-002
  4.8619634e-002
  4.7619869e-002
  4.9709984e-002
  4.9559622e-002
  4.8156232e-002
  4.8771606e-002
  4.8158467e-002
  4.8304600e-002
  5.0045935e-002
  4.9254906e-002
  4.8875783e-002
  4.9650822e-002
  4.8187883e-002
  4.8057728e-002
  4.8911452e-002
  4.7376896e-002
