  4.2602276e-002
  4.3448075e-002
  4.3898034e-002
  4.2224359e-002
  4.3484908e-002
  4.3872023e-002
  4.2045556e-002
  4.3969430e-002
  4.3216108e-002
  4.2491376e-002
  4.4159865e-002
  4.2403545e-002
  4.3589387e-002
  4.3121599e-002
  4.3121426e-002
  4.3058139e-002
  4.3628839e-002
  4.2356715e-002
  4.4304744e-002
  4.1947015e-002
  4.4314568e-002
  4.2358821e-002
  4.3519494e-002
  4.3463059e-002
  4.2314580e-002
  4.4362886e-002
  4.2156539e-002
  4.3685571e-002
  4.3165987e-002
  4.3254073e-002
  4.2498430e-002
  4.4227919e-002
  4.2694640e-002
  4.2902021e-002
  4.3079280e-002
  4.4107916e-002
  4.2643886e-002
  4.2970387e-002
  4.2548913e-002
  4.4233250e-002
  4.3088738e-002
  4.3744666e-002
  4.2066451e-002
  4.3042969e-002
  4.2704660e-002
  4.3345700e-002
  4.4060538e-002
  4.3211406e-002
  4.4293238e-002
  4.3111779e-002
  4.3250652e-002
  4.3566767e-002
  4.2377646e-002
  4.3263290e-002
  4.3092760e-002
  4.2285428e-002
  4.3368602e-002
  4.3248938e-002
  4.2569259e-002
  4.3622307e-002
  4.4038670e-002
  4.3223070e-002
  4.3521616e-002
  4.4236700e-002
  4.3457295e-002
  4.2276540e-002
  4.2382664e-002
  4.3194680e-002
  4.3467173e-002
  4.3252931e-002
  4.3161817e-002
  4.3185228e-002
  4.3149556e-002
  4.3244353e-002
  4.3476972e-002
  4.3195049e-002
  4.2380192e-002
  4.2263677e-002
  4.3452036e-002
  4.4246542e-002
  4.3509931e-002
  4.3219365e-002
  4.4030902e-002
  4.3616974e-002
  4.2558396e-002
  4.3232969e-002
  4.3363321e-002
  4.2289793e-002
  4.3081650e-002
  4.3245659e-002
  4.2368327e-002
  4.3566523e-002
  4.3239785e-002
  4.3088578e-002
  4.4292307e-002
  4.3196521e-002
  4.4043858e-002
  4.3340538e-002
  4.2696815e-002
  4.3034419e-002
  4.2052433e-002
  4.3735109e-002
  4.3071086e-002
  4.4215847e-002
  4.2548160e-002
  4.2949873e-002
  4.2629268e-002
  4.4087360e-002
  4.3068475e-002
  4.2901225e-002
  4.2688913e-002
  4.4206604e-002
  4.2496266e-002
  4.3225474e-002
  4.3151496e-002
  4.3661630e-002
  4.2146218e-002
  4.4335989e-002
  4.2315564e-002
  4.3456089e-002
  4.3491899e-002
  4.2351436e-002
  4.4307370e-002
  4.1942425e-002
  4.4280373e-002
  4.2355743e-002
  4.3617115e-002
  4.3058770e-002
  4.3116199e-002
  4.3119433e-002
  4.3573961e-002
  4.2404941e-002
  4.4159466e-002
  4.2488780e-002
  4.3193535e-002
  4.3979582e-002
  4.2056916e-002
  4.3872787e-002
  4.3505480e-002
  4.2219090e-002
  4.3897596e-002
  4.3414511e-002
  4.2625262e-002
  4.3323639e-002
  4.3158402e-002
  4.3589908e-002
  4.3444410e-002
  4.2108547e-002
  4.3168925e-002
  4.4307258e-002
  4.3164736e-002
  4.3216395e-002
  4.3278672e-002
  4.2057313e-002
  4.2742236e-002
  4.3664505e-002
  4.2877976e-002
  4.3585087e-002
  4.4333464e-002
  4.3055237e-002
