  3.9861097e-002
  3.9789469e-002
  4.0054766e-002
  3.9546297e-002
  3.9647478e-002
  4.0257628e-002
  3.9378237e-002
  3.9859192e-002
  3.9970494e-002
  3.9602392e-002
  3.9827463e-002
  3.9839542e-002
  3.9822233e-002
  3.9401195e-002
  4.0547304e-002
  3.8736837e-002
  4.0929880e-002
  3.8857123e-002
  4.0421410e-002
  3.9507668e-002
  3.9774222e-002
  4.0031380e-002
  3.9325782e-002
  4.0387196e-002
  3.9166707e-002
  4.0149950e-002
  3.9974131e-002
  3.8951764e-002
  4.0917357e-002
  3.9045795e-002
  3.9876462e-002
  3.9693733e-002
  4.0500731e-002
  3.8784801e-002
  4.0039711e-002
  3.9886080e-002
  4.0465546e-002
  3.8871287e-002
  3.9775132e-002
  3.9378045e-002
  4.0894091e-002
  3.9605353e-002
  4.0199528e-002
  3.8830553e-002
  3.9517656e-002
  3.9389308e-002
  3.9606363e-002
  4.0567090e-002
  3.9706605e-002
  4.0857139e-002
  4.0110715e-002
  4.0049611e-002
  4.0757006e-002
  3.9640813e-002
  4.0301979e-002
  4.0550028e-002
  3.9656600e-002
  4.0500671e-002
  4.0703043e-002
  3.9775453e-002
  4.0245779e-002
  4.0616273e-002
  3.9465132e-002
  3.8994026e-002
  3.9600991e-002
  3.9663449e-002
  3.9241213e-002
  3.9697945e-002
  4.0647681e-002
  4.0544623e-002
  3.9380821e-002
  3.8660790e-002
  3.9380679e-002
  4.0537947e-002
  4.0630689e-002
  3.9706863e-002
  3.9243050e-002
  3.9650104e-002
  3.9608911e-002
  3.8981008e-002
  3.9461475e-002
  4.0606421e-002
  4.0239377e-002
  3.9770558e-002
  4.0697577e-002
  4.0482823e-002
  3.9655950e-002
  4.0541533e-002
  4.0292701e-002
  3.9634954e-002
  4.0729798e-002
  4.0039433e-002
  4.0113408e-002
  4.0852484e-002
  3.9688824e-002
  4.0555610e-002
  3.9590037e-002
  3.9388167e-002
  3.9507081e-002
  3.8823826e-002
  4.0193319e-002
  3.9587863e-002
  4.0881488e-002
  3.9350510e-002
  3.9771535e-002
  3.8858846e-002
  4.0460100e-002
  3.9880365e-002
  4.0045591e-002
  3.8767751e-002
  4.0489318e-002
  3.9689347e-002
  3.9866191e-002
  3.9025602e-002
  4.0910178e-002
  3.8936727e-002
  3.9952684e-002
  4.0135367e-002
  3.9162216e-002
  4.0365936e-002
  3.9322065e-002
  4.0016624e-002
  3.9759842e-002
  3.9503158e-002
  4.0407095e-002
  3.8861125e-002
  4.0900939e-002
  3.8730859e-002
  4.0562546e-002
  3.9395109e-002
  3.9825503e-002
  3.9856961e-002
  3.9827200e-002
  3.9586731e-002
  3.9986533e-002
  3.9848147e-002
  3.9407119e-002
  4.0244827e-002
  3.9676596e-002
  3.9542053e-002
  4.0049001e-002
  3.9783738e-002
  3.9885946e-002
  3.9541153e-002
  3.9611402e-002
  4.0684617e-002
  3.9716731e-002
  3.8711710e-002
  4.0154841e-002
  4.0576630e-002
  3.9725580e-002
  4.0138195e-002
  3.9709353e-002
  3.8679906e-002
  3.9605472e-002
  4.0097141e-002
  3.9420149e-002
  4.0309106e-002
  4.0815422e-002
  3.9646894e-002
