  3.8949184e-002
  3.7234502e-002
  3.8168192e-002
  3.9184094e-002
  3.7256438e-002
  3.8252014e-002
  3.8998941e-002
  3.7129786e-002
  3.8771209e-002
  3.8382184e-002
  3.7440697e-002
  3.9052149e-002
  3.7524608e-002
  3.8442829e-002
  3.8146362e-002
  3.8233919e-002
  3.7866973e-002
  3.8867236e-002
  3.7211208e-002
  3.9260811e-002
  3.7300768e-002
  3.8643542e-002
  3.8294455e-002
  3.7512121e-002
  3.9205461e-002
  3.7201672e-002
  3.8727411e-002
  3.8203227e-002
  3.7976514e-002
  3.8025272e-002
  3.8721031e-002
  3.7896739e-002
  3.7637342e-002
  3.8848936e-002
  3.8198448e-002
  3.8032315e-002
  3.7478041e-002
  3.8729382e-002
  3.8453113e-002
  3.8453136e-002
  3.7635670e-002
  3.7641072e-002
  3.8177835e-002
  3.8166710e-002
  3.9163619e-002
  3.8097493e-002
  3.8948933e-002
  3.7712999e-002
  3.8007597e-002
  3.7905295e-002
  3.7187171e-002
  3.8155421e-002
  3.7290663e-002
  3.7538358e-002
  3.8096777e-002
  3.7117393e-002
  3.7722106e-002
  3.8026254e-002
  3.7171801e-002
  3.7843636e-002
  3.8490412e-002
  3.7915595e-002
  3.8227313e-002
  3.9246325e-002
  3.8760788e-002
  3.7742400e-002
  3.7716580e-002
  3.8131933e-002
  3.8066957e-002
  3.7936668e-002
  3.8300125e-002
  3.8582818e-002
  3.8299443e-002
  3.7927680e-002
  3.8052561e-002
  3.8141087e-002
  3.7719439e-002
  3.7730421e-002
  3.8769253e-002
  3.9221108e-002
  3.8232501e-002
  3.7903448e-002
  3.8487229e-002
  3.7843657e-002
  3.7167471e-002
  3.8001014e-002
  3.7727108e-002
  3.7111768e-002
  3.8074668e-002
  3.7532874e-002
  3.7273748e-002
  3.8153906e-002
  3.7182589e-002
  3.7897239e-002
  3.7992019e-002
  3.7708628e-002
  3.8931074e-002
  3.8091240e-002
  3.9163822e-002
  3.8152480e-002
  3.8167925e-002
  3.7639171e-002
  3.7624378e-002
  3.8427535e-002
  3.8444318e-002
  3.8722400e-002
  3.7459686e-002
  3.8031625e-002
  3.8198179e-002
  3.8822732e-002
  3.7629933e-002
  3.7895903e-002
  3.8709394e-002
  3.8009880e-002
  3.7983022e-002
  3.8176146e-002
  3.8704934e-002
  3.7201563e-002
  3.9188331e-002
  3.7503497e-002
  3.8287154e-002
  3.8617813e-002
  3.7301315e-002
  3.9245990e-002
  3.7203966e-002
  3.8864655e-002
  3.7849547e-002
  3.8230233e-002
  3.8153960e-002
  3.8444619e-002
  3.7527285e-002
  3.9074212e-002
  3.7440350e-002
  3.8363075e-002
  3.8804053e-002
  3.7120168e-002
  3.9032096e-002
  3.8245404e-002
  3.7275410e-002
  3.9170182e-002
  3.8163356e-002
  3.7244092e-002
  3.8992429e-002
  3.8572708e-002
  3.7445506e-002
  3.8272480e-002
  3.8410706e-002
  3.8276130e-002
  3.8746530e-002
  3.7782931e-002
  3.7247046e-002
  3.8609441e-002
  3.8822083e-002
  3.8211334e-002
  3.8919378e-002
  3.8644770e-002
  3.7499152e-002
  3.8023017e-002
  3.8179270e-002
  3.7015457e-002
