  3.5715363e-002
  3.4754717e-002
  3.4758921e-002
  3.5999481e-002
  3.4816527e-002
  3.4733744e-002
  3.5894016e-002
  3.4668773e-002
  3.5125240e-002
  3.5487561e-002
  3.4876457e-002
  3.5184968e-002
  3.5230617e-002
  3.5227318e-002
  3.4694504e-002
  3.5973112e-002
  3.4153910e-002
  3.6052747e-002
  3.4556522e-002
  3.5313556e-002
  3.5344470e-002
  3.4643426e-002
  3.5807850e-002
  3.4508816e-002
  3.5529549e-002
  3.5227942e-002
  3.4483547e-002
  3.6171992e-002
  3.4367770e-002
  3.5288098e-002
  3.5335488e-002
  3.5284223e-002
  3.4581248e-002
  3.5278529e-002
  3.5720494e-002
  3.4876202e-002
  3.4797481e-002
  3.4859080e-002
  3.5726444e-002
  3.5445012e-002
  3.5148474e-002
  3.4699143e-002
  3.4549401e-002
  3.5234470e-002
  3.4980452e-002
  3.6056087e-002
  3.5112679e-002
  3.5993354e-002
  3.5088587e-002
  3.5199756e-002
  3.5331965e-002
  3.4479281e-002
  3.5350826e-002
  3.4687254e-002
  3.4665094e-002
  3.5395551e-002
  3.4602178e-002
  3.5068705e-002
  3.5742160e-002
  3.5049562e-002
  3.5454514e-002
  3.6158565e-002
  3.5335608e-002
  3.4794057e-002
  3.5213285e-002
  3.4960604e-002
  3.4367384e-002
  3.4850678e-002
  3.5952140e-002
  3.5971890e-002
  3.4822578e-002
  3.4128854e-002
  3.4827619e-002
  3.5972110e-002
  3.5927613e-002
  3.4857644e-002
  3.4369255e-002
  3.4960406e-002
  3.5192288e-002
  3.4801192e-002
  3.5336541e-002
  3.6148551e-002
  3.5460433e-002
  3.5045891e-002
  3.5730443e-002
  3.5055254e-002
  3.4600661e-002
  3.5392257e-002
  3.4662739e-002
  3.4669893e-002
  3.5351180e-002
  3.4476866e-002
  3.5312956e-002
  3.5193456e-002
  3.5085897e-002
  3.5985611e-002
  3.5094931e-002
  3.6038175e-002
  3.4972434e-002
  3.5217692e-002
  3.4541445e-002
  3.4707376e-002
  3.5124294e-002
  3.5430592e-002
  3.5713991e-002
  3.4856945e-002
  3.4779807e-002
  3.4878096e-002
  3.5697789e-002
  3.5253142e-002
  3.4585780e-002
  3.5272479e-002
  3.5335323e-002
  3.5281769e-002
  3.4360998e-002
  3.6149298e-002
  3.4465210e-002
  3.5232049e-002
  3.5514617e-002
  3.4510674e-002
  3.5777820e-002
  3.4640622e-002
  3.5349307e-002
  3.5303317e-002
  3.4566952e-002
  3.6046184e-002
  3.4151775e-002
  3.6001537e-002
  3.4693560e-002
  3.5235813e-002
  3.5225540e-002
  3.5200837e-002
  3.4878477e-002
  3.5481765e-002
  3.5126478e-002
  3.4680066e-002
  3.5934260e-002
  3.4749720e-002
  3.4823246e-002
  3.5981170e-002
  3.4772807e-002
  3.4765409e-002
  3.5759853e-002
  3.5152368e-002
  3.4918734e-002
  3.5188848e-002
  3.4987605e-002
  3.5566840e-002
  3.5748862e-002
  3.4475486e-002
  3.4468249e-002
  3.5651986e-002
  3.5466220e-002
  3.5256352e-002
  3.5977793e-002
  3.5452779e-002
  3.4534296e-002
  3.5101576e-002
  3.5080120e-002
  3.4078933e-002
