  7.8600309e+003
  7.7797872e+003
  7.8319366e+003
  7.9729437e+003
  8.0744233e+003
  8.0473655e+003
  7.9258330e+003
  7.8297889e+003
  7.8451727e+003
  7.9391158e+003
  7.9920168e+003
  7.9131420e+003
  7.7263448e+003
  7.5446917e+003
  7.4623546e+003
  7.4698612e+003
  7.4713928e+003
  7.3825005e+003
  7.2129171e+003
  7.0586325e+003
  7.0145430e+003
  7.0896856e+003
  7.2004125e+003
  7.2446963e+003
  7.1893039e+003
  7.0921524e+003
  7.0414866e+003
  7.0689001e+003
  7.1166915e+003
  7.0892213e+003
  6.9400156e+003
  6.7151610e+003
  6.5166596e+003
  6.4219456e+003
  6.4293622e+003
  6.4702228e+003
  6.4705555e+003
  6.4094488e+003
  6.3285904e+003
  6.2880425e+003
  6.3065158e+003
  6.3379375e+003
  6.3060791e+003
  6.1682891e+003
  5.9539806e+003
  5.7470444e+003
  5.6289246e+003
  5.6263306e+003
  5.6976716e+003
  5.7628074e+003
  5.7543733e+003
  5.6570052e+003
  5.5089845e+003
  5.3680219e+003
  5.2702034e+003
  5.2131482e+003
  5.1698268e+003
  5.1149537e+003
  5.0427803e+003
  4.9673293e+003
  4.9078567e+003
  4.8699263e+003
  4.8367879e+003
  4.7802347e+003
  4.6834086e+003
  4.5559529e+003
  4.4290833e+003
  4.3359716e+003
  4.2918075e+003
  4.2842865e+003
  4.2790621e+003
  4.2389670e+003
  4.1470015e+003
  4.0170742e+003
  3.8840546e+003
  3.7813262e+003
  3.7222310e+003
  3.6953313e+003
  3.6732135e+003
  3.6292119e+003
  3.5532849e+003
  3.4566599e+003
  3.3610964e+003
  3.2814580e+003
  3.2162804e+003
  3.1527005e+003
  3.0793889e+003
  2.9967903e+003
  2.9179725e+003
  2.8591989e+003
  2.8254448e+003
  2.8017601e+003
  2.7600067e+003
  2.6785571e+003
  2.5599168e+003
  2.4316725e+003
  2.3295815e+003
  2.2748745e+003
  2.2608786e+003
  2.2575109e+003
  2.2310947e+003
  2.1664480e+003
  2.0752081e+003
  1.9839542e+003
  1.9121491e+003
  1.8583852e+003
  1.8054257e+003
  1.7379296e+003
  1.6569706e+003
  1.5796538e+003
  1.5248730e+003
  1.4970773e+003
  1.4813946e+003
  1.4545462e+003
  1.4028874e+003
  1.3323573e+003
  1.2618290e+003
  1.2061235e+003
  1.1640703e+003
  1.1217566e+003
  1.0668444e+003
  1.0003063e+003
  9.3536837e+002
  8.8555252e+002
  8.5305616e+002
  8.2756963e+002
  7.9590378e+002
  7.5337212e+002
  7.0682792e+002
  6.6718624e+002
  6.3883556e+002
  6.1580898e+002
  5.8783381e+002
  5.5002485e+002
  5.0697215e+002
  4.6784255e+002
  4.3775667e+002
  4.1372551e+002
  3.8842954e+002
  3.5753369e+002
  3.2342706e+002
  2.9236281e+002
  2.6838404e+002
  2.4996215e+002
  2.3207582e+002
  2.1116553e+002
  1.8811477e+002
  1.6682170e+002
  1.5022525e+002
  1.3770418e+002
  1.2603039e+002
  1.1259915e+002
  9.7794985e+001
  8.4503511e+001
  7.5495015e+001
  7.1115847e+001
  6.9144961e+001
  6.6652458e+001
  6.2138316e+001
  5.6337491e+001
