  3.0645437e-002
  3.1886191e-002
  3.0823044e-002
  3.0327055e-002
  3.1798370e-002
  3.0901038e-002
  3.0367506e-002
  3.1813837e-002
  3.0629042e-002
  3.0880259e-002
  3.1402627e-002
  3.0810499e-002
  3.0931015e-002
  3.1118882e-002
  3.1176691e-002
  3.0452075e-002
  3.1827101e-002
  3.0273874e-002
  3.1475449e-002
  3.0992941e-002
  3.0605770e-002
  3.1698031e-002
  3.0319175e-002
  3.1488542e-002
  3.0984431e-002
  3.0516274e-002
  3.1877544e-002
  3.0274249e-002
  3.1188122e-002
  3.1363304e-002
  3.0696728e-002
  3.0878578e-002
  3.1014549e-002
  3.1693775e-002
  3.0254576e-002
  3.1099657e-002
  3.0790977e-002
  3.1874799e-002
  3.0615474e-002
  3.1047771e-002
  3.0174329e-002
  3.1350736e-002
  3.0853323e-002
  3.1866710e-002
  3.0999099e-002
  3.1427598e-002
  3.0764508e-002
  3.0677980e-002
  3.0806562e-002
  3.0202240e-002
  3.0970107e-002
  3.0195440e-002
  3.0733069e-002
  3.0739169e-002
  3.0171802e-002
  3.0950230e-002
  3.0407546e-002
  3.0356650e-002
  3.1122629e-002
  3.0626477e-002
  3.0848312e-002
  3.1742150e-002
  3.1349015e-002
  3.0958945e-002
  3.1379443e-002
  3.1005173e-002
  3.0192487e-002
  3.0535468e-002
  3.1627403e-002
  3.1731088e-002
  3.0788134e-002
  3.0219967e-002
  3.0780454e-002
  3.1738511e-002
  3.1615543e-002
  3.0541490e-002
  3.0187528e-002
  3.1003402e-002
  3.1382659e-002
  3.0952896e-002
  3.1342735e-002
  3.1757523e-002
  3.0844439e-002
  3.0610813e-002
  3.1124052e-002
  3.0357306e-002
  3.0389928e-002
  3.0963851e-002
  3.0159412e-002
  3.0719603e-002
  3.0731832e-002
  3.0180516e-002
  3.0974571e-002
  3.0194245e-002
  3.0801945e-002
  3.0682884e-002
  3.0749183e-002
  3.1419270e-002
  3.0997634e-002
  3.1846555e-002
  3.0845843e-002
  3.1375852e-002
  3.0156671e-002
  3.1047820e-002
  3.0605291e-002
  3.1870859e-002
  3.0787572e-002
  3.1107168e-002
  3.0239772e-002
  3.1664192e-002
  3.1006489e-002
  3.0882720e-002
  3.0699605e-002
  3.1330169e-002
  3.1198731e-002
  3.0256484e-002
  3.1884605e-002
  3.0503385e-002
  3.0978456e-002
  3.1486956e-002
  3.0326457e-002
  3.1696730e-002
  3.0587389e-002
  3.1024757e-002
  3.1466794e-002
  3.0271579e-002
  3.1828408e-002
  3.0474897e-002
  3.1165530e-002
  3.1110936e-002
  3.0959207e-002
  3.0803999e-002
  3.1400549e-002
  3.0891204e-002
  3.0641034e-002
  3.1833074e-002
  3.0410221e-002
  3.0909333e-002
  3.1851904e-002
  3.0358370e-002
  3.0819392e-002
  3.1940038e-002
  3.0660074e-002
  3.0422801e-002
  3.1704137e-002
  3.1345391e-002
  3.0530335e-002
  3.0954440e-002
  3.1131548e-002
  3.0973013e-002
  3.1608506e-002
  3.1477912e-002
  3.0400011e-002
  3.0451515e-002
  3.1194326e-002
  3.0858994e-002
  3.0780722e-002
  3.1714815e-002
  3.1645616e-002
  3.0896608e-002
