  2.9434351e-002
  2.9592349e-002
  3.0077494e-002
  2.9598928e-002
  2.9485392e-002
  3.0176287e-002
  2.9479372e-002
  2.9458275e-002
  3.0465082e-002
  2.9069435e-002
  2.9941655e-002
  3.0122546e-002
  2.9078815e-002
  3.0263841e-002
  2.9559999e-002
  2.9649289e-002
  2.9781022e-002
  2.9954247e-002
  2.9302756e-002
  3.0188192e-002
  2.9499039e-002
  2.9562538e-002
  3.0306010e-002
  2.8979390e-002
  3.0328432e-002
  2.9594133e-002
  2.9465793e-002
  3.0086566e-002
  2.9627513e-002
  2.9692362e-002
  2.9403418e-002
  3.0516958e-002
  2.9130853e-002
  2.9675947e-002
  2.9742729e-002
  3.0222965e-002
  2.9593387e-002
  2.9314191e-002
  2.9523486e-002
  2.9925243e-002
  3.0170476e-002
  2.9957840e-002
  2.9533566e-002
  2.9483355e-002
  2.9083980e-002
  2.9726823e-002
  2.9228639e-002
  3.0224789e-002
  2.9557122e-002
  3.0333928e-002
  2.9981711e-002
  2.9995502e-002
  3.0506146e-002
  2.9705332e-002
  3.0412703e-002
  3.0093362e-002
  2.9700213e-002
  3.0343626e-002
  2.9600003e-002
  2.9338382e-002
  2.9823957e-002
  2.9170223e-002
  2.9041694e-002
  2.9960378e-002
  3.0119303e-002
  2.9725318e-002
  2.9952941e-002
  2.9990723e-002
  2.9305953e-002
  2.9072066e-002
  2.9884221e-002
  3.0501470e-002
  2.9875848e-002
  2.9077688e-002
  2.9302625e-002
  2.9988880e-002
  2.9956997e-002
  2.9728530e-002
  3.0118271e-002
  2.9960073e-002
  2.9040494e-002
  2.9175573e-002
  2.9818811e-002
  2.9320545e-002
  2.9588866e-002
  3.0340772e-002
  2.9699999e-002
  3.0099343e-002
  3.0391800e-002
  2.9697473e-002
  3.0493931e-002
  2.9984750e-002
  2.9974096e-002
  3.0341937e-002
  2.9534929e-002
  3.0229256e-002
  2.9222520e-002
  2.9720590e-002
  2.9081269e-002
  2.9468053e-002
  2.9533146e-002
  2.9975578e-002
  3.0147739e-002
  2.9924096e-002
  2.9515827e-002
  2.9313251e-002
  2.9590950e-002
  3.0226563e-002
  2.9734838e-002
  2.9666197e-002
  2.9122163e-002
  3.0531982e-002
  2.9391570e-002
  2.9671252e-002
  2.9641025e-002
  3.0068431e-002
  2.9463892e-002
  2.9581367e-002
  3.0307301e-002
  2.8987167e-002
  3.0316986e-002
  2.9566303e-002
  2.9481551e-002
  3.0225719e-002
  2.9297058e-002
  2.9943786e-002
  2.9789451e-002
  2.9662887e-002
  2.9569361e-002
  3.0277965e-002
  2.9102737e-002
  3.0113206e-002
  2.9959051e-002
  2.9080825e-002
  3.0474583e-002
  2.9478440e-002
  2.9517708e-002
  3.0195239e-002
  2.9523149e-002
  2.9635319e-002
  3.0080790e-002
  2.9641999e-002
  2.9473167e-002
  3.0164955e-002
  2.9996183e-002
  2.9128682e-002
  2.9671885e-002
  3.0607817e-002
  2.9867749e-002
  2.9025518e-002
  2.9653642e-002
  3.0016158e-002
  2.9703809e-002
  3.0160010e-002
  3.0568040e-002
  2.9725599e-002
  2.9326089e-002
  2.9882077e-002
  2.9578164e-002
  2.8829265e-002
