  2.8030658e-002
  2.8997369e-002
  2.8688024e-002
  2.7913016e-002
  2.8844334e-002
  2.8718824e-002
  2.8077094e-002
  2.8734234e-002
  2.8508422e-002
  2.8572356e-002
  2.8184852e-002
  2.8900884e-002
  2.8421110e-002
  2.8158233e-002
  2.9143117e-002
  2.7896333e-002
  2.8792460e-002
  2.8581064e-002
  2.8222812e-002
  2.8753694e-002
  2.8365542e-002
  2.8534672e-002
  2.8489327e-002
  2.8474920e-002
  2.8589320e-002
  2.8358282e-002
  2.8601780e-002
  2.8730706e-002
  2.7843518e-002
  2.9210130e-002
  2.8359959e-002
  2.8073613e-002
  2.8758378e-002
  2.8651101e-002
  2.8724121e-002
  2.7724241e-002
  2.8825744e-002
  2.8453967e-002
  2.9209245e-002
  2.8001098e-002
  2.8526232e-002
  2.7733639e-002
  2.8809296e-002
  2.8331979e-002
  2.9256191e-002
  2.8574163e-002
  2.8981773e-002
  2.8516998e-002
  2.8406567e-002
  2.8570923e-002
  2.7923961e-002
  2.8645791e-002
  2.7913442e-002
  2.8298425e-002
  2.8465128e-002
  2.7935121e-002
  2.8765760e-002
  2.8493376e-002
  2.8405544e-002
  2.9259010e-002
  2.8779324e-002
  2.8503577e-002
  2.8964148e-002
  2.8319227e-002
  2.7692729e-002
  2.8326702e-002
  2.8883341e-002
  2.8637455e-002
  2.8464808e-002
  2.8567695e-002
  2.8447048e-002
  2.8301013e-002
  2.8449838e-002
  2.8572566e-002
  2.8464193e-002
  2.8623424e-002
  2.8893682e-002
  2.8330586e-002
  2.7684655e-002
  2.8322883e-002
  2.8970776e-002
  2.8494889e-002
  2.8776418e-002
  2.9234202e-002
  2.8396915e-002
  2.8489954e-002
  2.8772405e-002
  2.7940069e-002
  2.8437578e-002
  2.8300539e-002
  2.7911396e-002
  2.8639185e-002
  2.7909760e-002
  2.8579543e-002
  2.8386071e-002
  2.8522183e-002
  2.8985092e-002
  2.8566425e-002
  2.9266426e-002
  2.8320968e-002
  2.8808771e-002
  2.7733689e-002
  2.8509756e-002
  2.7998428e-002
  2.9205665e-002
  2.8458214e-002
  2.8823994e-002
  2.7713309e-002
  2.8722669e-002
  2.8653444e-002
  2.8747128e-002
  2.8079888e-002
  2.8350527e-002
  2.9202888e-002
  2.7843690e-002
  2.8717788e-002
  2.8597997e-002
  2.8340037e-002
  2.8567453e-002
  2.8497207e-002
  2.8491760e-002
  2.8539414e-002
  2.8353393e-002
  2.8781126e-002
  2.8224826e-002
  2.8581416e-002
  2.8808326e-002
  2.7898164e-002
  2.9192575e-002
  2.8163243e-002
  2.8434370e-002
  2.8892528e-002
  2.8217009e-002
  2.8584973e-002
  2.8533535e-002
  2.8753599e-002
  2.8115461e-002
  2.8739281e-002
  2.8868293e-002
  2.7942255e-002
  2.8715971e-002
  2.9044284e-002
  2.8064729e-002
  2.8337751e-002
  2.9021596e-002
  2.8565029e-002
  2.8374767e-002
  2.8544400e-002
  2.8318324e-002
  2.8557020e-002
  2.9254880e-002
  2.8775466e-002
  2.7874699e-002
  2.8198347e-002
  2.8636671e-002
  2.8249485e-002
  2.8376093e-002
  2.9194099e-002
  2.9034799e-002
  2.8414050e-002
