  2.7076171e-002
  2.6798212e-002
  2.7916590e-002
  2.7414655e-002
  2.6666078e-002
  2.7890318e-002
  2.7445351e-002
  2.6649038e-002
  2.8008790e-002
  2.7098110e-002
  2.7077993e-002
  2.7648960e-002
  2.7282126e-002
  2.7164460e-002
  2.7384351e-002
  2.7535918e-002
  2.6812924e-002
  2.7844416e-002
  2.7067462e-002
  2.7123406e-002
  2.7905250e-002
  2.6591461e-002
  2.7914373e-002
  2.7104706e-002
  2.7023716e-002
  2.8062085e-002
  2.6597890e-002
  2.7605045e-002
  2.7618009e-002
  2.6831700e-002
  2.7492393e-002
  2.7313591e-002
  2.7740153e-002
  2.6571801e-002
  2.7553522e-002
  2.7498169e-002
  2.7649850e-002
  2.6974279e-002
  2.6992066e-002
  2.7245697e-002
  2.7619805e-002
  2.7668486e-002
  2.7566713e-002
  2.7176836e-002
  2.7186492e-002
  2.6708409e-002
  2.7235043e-002
  2.6668536e-002
  2.7548004e-002
  2.6872694e-002
  2.7565334e-002
  2.7298298e-002
  2.7193516e-002
  2.7699902e-002
  2.6934075e-002
  2.7428427e-002
  2.7186860e-002
  2.6692215e-002
  2.7290881e-002
  2.6855263e-002
  2.6719377e-002
  2.7597114e-002
  2.7507693e-002
  2.7329646e-002
  2.7868920e-002
  2.7568154e-002
  2.6655966e-002
  2.6816105e-002
  2.7686715e-002
  2.7851326e-002
  2.7222548e-002
  2.6816817e-002
  2.7226832e-002
  2.7851541e-002
  2.7688763e-002
  2.6800345e-002
  2.6656219e-002
  2.7571234e-002
  2.7866639e-002
  2.7336349e-002
  2.7511548e-002
  2.7582662e-002
  2.6718227e-002
  2.6845642e-002
  2.7295528e-002
  2.6688990e-002
  2.7184391e-002
  2.7445687e-002
  2.6910748e-002
  2.7700014e-002
  2.7205333e-002
  2.7292481e-002
  2.7547310e-002
  2.6872845e-002
  2.7531200e-002
  2.6670163e-002
  2.7231450e-002
  2.6699722e-002
  2.7190339e-002
  2.7168143e-002
  2.7563612e-002
  2.7671192e-002
  2.7614617e-002
  2.7238465e-002
  2.6980986e-002
  2.6974571e-002
  2.7648353e-002
  2.7478163e-002
  2.7556052e-002
  2.6572396e-002
  2.7730915e-002
  2.7306268e-002
  2.7509303e-002
  2.6823267e-002
  2.7612935e-002
  2.7600175e-002
  2.6600599e-002
  2.8038149e-002
  2.7009295e-002
  2.7133161e-002
  2.7907100e-002
  2.6598465e-002
  2.7897050e-002
  2.7134357e-002
  2.7072303e-002
  2.7870929e-002
  2.6817389e-002
  2.7548394e-002
  2.7432590e-002
  2.7157977e-002
  2.7297142e-002
  2.7648650e-002
  2.7107933e-002
  2.7114299e-002
  2.8041499e-002
  2.6670830e-002
  2.7481915e-002
  2.7909884e-002
  2.6684177e-002
  2.7442155e-002
  2.7952222e-002
  2.6849147e-002
  2.7096114e-002
  2.8054298e-002
  2.7357503e-002
  2.6617366e-002
  2.7587055e-002
  2.8134000e-002
  2.7209743e-002
  2.6841683e-002
  2.7396116e-002
  2.7379559e-002
  2.7246031e-002
  2.7914128e-002
  2.8023138e-002
  2.7227023e-002
  2.7041280e-002
  2.7501221e-002
  2.7131396e-002
  2.6506050e-002
