  2.6022691e-002
  2.6260465e-002
  2.6319544e-002
  2.6055782e-002
  2.6193993e-002
  2.6167976e-002
  2.6338032e-002
  2.6127164e-002
  2.5884530e-002
  2.6794379e-002
  2.5696214e-002
  2.6250029e-002
  2.6581283e-002
  2.5721510e-002
  2.6377841e-002
  2.6275358e-002
  2.5984765e-002
  2.6224092e-002
  2.6344111e-002
  2.5945132e-002
  2.6243296e-002
  2.6468614e-002
  2.5646177e-002
  2.6713614e-002
  2.5952028e-002
  2.6051595e-002
  2.6542284e-002
  2.5967237e-002
  2.6181059e-002
  2.6069044e-002
  2.6676091e-002
  2.5681165e-002
  2.6085027e-002
  2.6611972e-002
  2.6142629e-002
  2.6174203e-002
  2.5560775e-002
  2.6677030e-002
  2.6195213e-002
  2.6790390e-002
  2.5664350e-002
  2.6194721e-002
  2.5493724e-002
  2.6440147e-002
  2.5961675e-002
  2.6796083e-002
  2.6267965e-002
  2.6734358e-002
  2.6453623e-002
  2.6326450e-002
  2.6627576e-002
  2.5989264e-002
  2.6711534e-002
  2.6108806e-002
  2.6436836e-002
  2.6660278e-002
  2.6150263e-002
  2.6865202e-002
  2.6551049e-002
  2.6103519e-002
  2.6562937e-002
  2.5966026e-002
  2.5500800e-002
  2.6143325e-002
  2.6242892e-002
  2.6064085e-002
  2.6584497e-002
  2.6678756e-002
  2.5804401e-002
  2.5493171e-002
  2.6330085e-002
  2.6929443e-002
  2.6326372e-002
  2.5485890e-002
  2.5808107e-002
  2.6680833e-002
  2.6571375e-002
  2.6059875e-002
  2.6247820e-002
  2.6146952e-002
  2.5499391e-002
  2.5951871e-002
  2.6562575e-002
  2.6110457e-002
  2.6554343e-002
  2.6864459e-002
  2.6141377e-002
  2.6677628e-002
  2.6421557e-002
  2.6106438e-002
  2.6721703e-002
  2.5981586e-002
  2.6610599e-002
  2.6326895e-002
  2.6440755e-002
  2.6729140e-002
  2.6259653e-002
  2.6796850e-002
  2.5954376e-002
  2.6434991e-002
  2.5488848e-002
  2.6187091e-002
  2.5668341e-002
  2.6779666e-002
  2.6180684e-002
  2.6669163e-002
  2.5558183e-002
  2.6162970e-002
  2.6138562e-002
  2.6616740e-002
  2.6086590e-002
  2.5668132e-002
  2.6699645e-002
  2.6061886e-002
  2.6181537e-002
  2.5964393e-002
  2.6546822e-002
  2.6038797e-002
  2.5947391e-002
  2.6743845e-002
  2.5635847e-002
  2.6479810e-002
  2.6234954e-002
  2.5949530e-002
  2.6365098e-002
  2.6250198e-002
  2.5980898e-002
  2.6298410e-002
  2.6406490e-002
  2.5723700e-002
  2.6608102e-002
  2.6262619e-002
  2.5712815e-002
  2.6811780e-002
  2.5890990e-002
  2.6167885e-002
  2.6374481e-002
  2.6183248e-002
  2.6214736e-002
  2.6096504e-002
  2.6347263e-002
  2.6312156e-002
  2.6038926e-002
  2.6241038e-002
  2.6315113e-002
  2.6239295e-002
  2.6396321e-002
  2.6119530e-002
  2.5805568e-002
  2.6449424e-002
  2.6984416e-002
  2.6252434e-002
  2.5624412e-002
  2.6054507e-002
  2.6267412e-002
  2.5865086e-002
  2.6165359e-002
  2.6875330e-002
  2.6625082e-002
  2.6117656e-002
