  2.5185287e-002
  2.4392036e-002
  2.5459311e-002
  2.5532453e-002
  2.4423972e-002
  2.5288383e-002
  2.5486734e-002
  2.4590608e-002
  2.5285283e-002
  2.5154839e-002
  2.5212720e-002
  2.4767872e-002
  2.5421568e-002
  2.5105557e-002
  2.4707154e-002
  2.5567654e-002
  2.4873341e-002
  2.4937309e-002
  2.5493573e-002
  2.4661866e-002
  2.5385446e-002
  2.5004995e-002
  2.5051173e-002
  2.5217450e-002
  2.4920402e-002
  2.5242700e-002
  2.5188416e-002
  2.4646834e-002
  2.5679852e-002
  2.4890518e-002
  2.4666353e-002
  2.5650702e-002
  2.4958804e-002
  2.5153668e-002
  2.4527736e-002
  2.5586767e-002
  2.5226026e-002
  2.5247769e-002
  2.4681819e-002
  2.4855750e-002
  2.5056216e-002
  2.5406436e-002
  2.5416104e-002
  2.5383550e-002
  2.5045744e-002
  2.5068597e-002
  2.4570579e-002
  2.5033005e-002
  2.4399613e-002
  2.5094451e-002
  2.4457378e-002
  2.4964500e-002
  2.4755427e-002
  2.4588321e-002
  2.5079670e-002
  2.4386866e-002
  2.4907349e-002
  2.4901926e-002
  2.4588385e-002
  2.5388283e-002
  2.5305619e-002
  2.5130763e-002
  2.5714810e-002
  2.5263431e-002
  2.4526492e-002
  2.4877641e-002
  2.5223858e-002
  2.5049791e-002
  2.5190843e-002
  2.5423974e-002
  2.5024777e-002
  2.4665629e-002
  2.5024312e-002
  2.5419535e-002
  2.5175834e-002
  2.5059068e-002
  2.5214758e-002
  2.4868297e-002
  2.4533125e-002
  2.5259234e-002
  2.5716774e-002
  2.5117710e-002
  2.5301235e-002
  2.5398822e-002
  2.4582632e-002
  2.4902366e-002
  2.4902180e-002
  2.4390008e-002
  2.5057947e-002
  2.4596076e-002
  2.4754962e-002
  2.4968094e-002
  2.4448569e-002
  2.5095607e-002
  2.4393257e-002
  2.5020426e-002
  2.4573656e-002
  2.5070001e-002
  2.5034360e-002
  2.5379878e-002
  2.5414665e-002
  2.5384612e-002
  2.5056757e-002
  2.4845159e-002
  2.4668825e-002
  2.5241491e-002
  2.5221464e-002
  2.5590661e-002
  2.4511221e-002
  2.5160339e-002
  2.4964228e-002
  2.5639546e-002
  2.4671827e-002
  2.4896079e-002
  2.5679013e-002
  2.4639297e-002
  2.5195173e-002
  2.5240390e-002
  2.4913251e-002
  2.5238702e-002
  2.5042236e-002
  2.5016722e-002
  2.5378141e-002
  2.4659454e-002
  2.5521322e-002
  2.4952389e-002
  2.4873330e-002
  2.5588893e-002
  2.4725685e-002
  2.5124787e-002
  2.5444106e-002
  2.4795607e-002
  2.5217230e-002
  2.5158988e-002
  2.5281264e-002
  2.4642245e-002
  2.5531545e-002
  2.5298534e-002
  2.4455751e-002
  2.5592894e-002
  2.5487760e-002
  2.4437829e-002
  2.5204321e-002
  2.5855128e-002
  2.4832399e-002
  2.4567328e-002
  2.5537204e-002
  2.5642690e-002
  2.4891094e-002
  2.4912006e-002
  2.5181226e-002
  2.4973216e-002
  2.5092654e-002
  2.5750031e-002
  2.5706906e-002
  2.4940621e-002
  2.4944480e-002
  2.5301082e-002
  2.4870428e-002
  2.4373385e-002
