 -1.2307822e+001
 -1.1443902e+001
 -1.0560082e+001
 -9.6594489e+000
 -8.7451107e+000
 -7.8201816e+000
 -6.8877682e+000
 -5.9509544e+000
 -5.0127873e+000
 -4.0762634e+000
 -3.1443145e+000
 -2.2197952e+000
 -1.3054700e+000
 -4.0400180e-001
  4.8205962e-001
  1.3502877e+000
  2.1983887e+000
  3.0242105e+000
  3.8257503e+000
  4.6011613e+000
  5.3487588e+000
  6.0670249e+000
  6.7546123e+000
  7.4103470e+000
  8.0332303e+000
  8.6224396e+000
  9.1773278e+000
  9.6974226e+000
  1.0182424e+001
  1.0632201e+001
  1.1046789e+001
  1.1426382e+001
  1.1771333e+001
  1.2082140e+001
  1.2359445e+001
  1.2604026e+001
  1.2816785e+001
  1.2998746e+001
  1.3151040e+001
  1.3274899e+001
  1.3371649e+001
  1.3442696e+001
  1.3489519e+001
  1.3513659e+001
  1.3516714e+001
  1.3500323e+001
  1.3466161e+001
  1.3415930e+001
  1.3351347e+001
  1.3274138e+001
  1.3186033e+001
  1.3088749e+001
  1.2983991e+001
  1.2873443e+001
  1.2758757e+001
  1.2641553e+001
  1.2523408e+001
  1.2405854e+001
  1.2290369e+001
  1.2178378e+001
  1.2071243e+001
  1.1970263e+001
  1.1876668e+001
  1.1791618e+001
  1.1716198e+001
  1.1651415e+001
  1.1598200e+001
  1.1557400e+001
  1.1529779e+001
  1.1516019e+001
  1.1516714e+001
  1.1532370e+001
  1.1563406e+001
  1.1610153e+001
  1.1672850e+001
  1.1751647e+001
  1.1846605e+001
  1.1957693e+001
  1.2084792e+001
  1.2227691e+001
  1.2386094e+001
  1.2559613e+001
  1.2747778e+001
  1.2950029e+001
  1.3165728e+001
  1.3394154e+001
  1.3634507e+001
  1.3885914e+001
  1.4147428e+001
  1.4418035e+001
  1.4696659e+001
  1.4982162e+001
  1.5273354e+001
  1.5568993e+001
  1.5867798e+001
  1.6168448e+001
  1.6469594e+001
  1.6769862e+001
  1.7067863e+001
  1.7362199e+001
  1.7651471e+001
  1.7934286e+001
  1.8209267e+001
  1.8475061e+001
  1.8730343e+001
  1.8973831e+001
  1.9204287e+001
  1.9420530e+001
  1.9621442e+001
  1.9805975e+001
  1.9973156e+001
  2.0122098e+001
  2.0252003e+001
  2.0362169e+001
  2.0451993e+001
  2.0520980e+001
  2.0568741e+001
  2.0595000e+001
  2.0599595e+001
  2.0582481e+001
  2.0543729e+001
  2.0483527e+001
  2.0402180e+001
  2.0300109e+001
  2.0177846e+001
  2.0036036e+001
  1.9875428e+001
  1.9696875e+001
  1.9501328e+001
  1.9289830e+001
  1.9063510e+001
  1.8823577e+001
  1.8571312e+001
  1.8308064e+001
  1.8035236e+001
  1.7754285e+001
  1.7466707e+001
  1.7174031e+001
  1.6877813e+001
  1.6579621e+001
  1.6281035e+001
  1.5983632e+001
  1.5688978e+001
  1.5398624e+001
  1.5114093e+001
  1.4836876e+001
  1.4568420e+001
  1.4310125e+001
  1.4063334e+001
  1.3829329e+001
  1.3609322e+001
  1.3404450e+001
  1.3215770e+001
  1.3044255e+001
  1.2890787e+001
  1.2756153e+001
  1.2641044e+001
  1.2546051e+001
  1.2471658e+001
  1.2418248e+001
