  2.2441219e-002
  2.2384930e-002
  2.1545859e-002
  2.2099945e-002
  2.2588305e-002
  2.1586586e-002
  2.2006476e-002
  2.2601790e-002
  2.1655119e-002
  2.2145850e-002
  2.2126360e-002
  2.2253458e-002
  2.1686152e-002
  2.2342992e-002
  2.2164103e-002
  2.1785882e-002
  2.2218452e-002
  2.2278138e-002
  2.1583661e-002
  2.2594384e-002
  2.1780454e-002
  2.2095122e-002
  2.2246856e-002
  2.1802841e-002
  2.2280239e-002
  2.2076590e-002
  2.1764735e-002
  2.2555500e-002
  2.1820997e-002
  2.1766655e-002
  2.2643171e-002
  2.1772921e-002
  2.2004267e-002
  2.1873306e-002
  2.2421643e-002
  2.2264689e-002
  2.1653145e-002
  2.2026205e-002
  2.1775827e-002
  2.2643448e-002
  2.2057377e-002
  2.2518259e-002
  2.1641050e-002
  2.2089978e-002
  2.1446966e-002
  2.2143372e-002
  2.1596286e-002
  2.2259429e-002
  2.1854175e-002
  2.2313467e-002
  2.2141069e-002
  2.2089335e-002
  2.2366737e-002
  2.1835731e-002
  2.2353650e-002
  2.1799660e-002
  2.1883523e-002
  2.2023749e-002
  2.1435304e-002
  2.1984764e-002
  2.2035818e-002
  2.1859105e-002
  2.2582211e-002
  2.2449398e-002
  2.1791228e-002
  2.1929010e-002
  2.2020950e-002
  2.1801174e-002
  2.2199841e-002
  2.2555079e-002
  2.2014953e-002
  2.1539997e-002
  2.2017040e-002
  2.2557558e-002
  2.2185922e-002
  2.1801320e-002
  2.2004659e-002
  2.1932757e-002
  2.1804503e-002
  2.2446214e-002
  2.2571634e-002
  2.1849275e-002
  2.2044011e-002
  2.1979155e-002
  2.1440315e-002
  2.2025915e-002
  2.1869911e-002
  2.1789753e-002
  2.2373779e-002
  2.1817998e-002
  2.2361895e-002
  2.2098339e-002
  2.2142525e-002
  2.2309951e-002
  2.1847829e-002
  2.2262175e-002
  2.1598036e-002
  2.2122249e-002
  2.1441737e-002
  2.2095079e-002
  2.1641954e-002
  2.2506858e-002
  2.2044455e-002
  2.2656679e-002
  2.1775743e-002
  2.2004657e-002
  2.1642600e-002
  2.2271035e-002
  2.2393581e-002
  2.1875682e-002
  2.1998153e-002
  2.1765386e-002
  2.2655760e-002
  2.1775435e-002
  2.1808183e-002
  2.2556508e-002
  2.1773470e-002
  2.2064928e-002
  2.2281286e-002
  2.1822935e-002
  2.2249129e-002
  2.2086586e-002
  2.1787668e-002
  2.2611602e-002
  2.1589606e-002
  2.2298638e-002
  2.2237908e-002
  2.1797676e-002
  2.2173735e-002
  2.2348201e-002
  2.1710937e-002
  2.2279001e-002
  2.2137470e-002
  2.2166761e-002
  2.1685124e-002
  2.2609317e-002
  2.2053873e-002
  2.1603966e-002
  2.2643962e-002
  2.2155955e-002
  2.1596587e-002
  2.2396504e-002
  2.2469888e-002
  2.1723115e-002
  2.1899801e-002
  2.2636179e-002
  2.2337482e-002
  2.1579983e-002
  2.1845020e-002
  2.2642640e-002
  2.2575852e-002
  2.1903669e-002
  2.1865804e-002
  2.2144924e-002
  2.1930354e-002
  2.1733759e-002
  2.2250178e-002
  2.2695547e-002
  2.2319353e-002
  2.2068973e-002
