  2.1360432e-002
  2.1024689e-002
  2.1039344e-002
  2.1229701e-002
  2.1147520e-002
  2.1306344e-002
  2.0837730e-002
  2.1233145e-002
  2.1535485e-002
  2.0553750e-002
  2.1500092e-002
  2.1213722e-002
  2.0972516e-002
  2.1074590e-002
  2.1483585e-002
  2.0863218e-002
  2.1151997e-002
  2.1285220e-002
  2.1138199e-002
  2.0809079e-002
  2.1727762e-002
  2.0632858e-002
  2.1273155e-002
  2.1473322e-002
  2.0552612e-002
  2.1634295e-002
  2.1138082e-002
  2.0690133e-002
  2.1627201e-002
  2.1018254e-002
  2.1042813e-002
  2.0990028e-002
  2.1300692e-002
  2.1452852e-002
  2.0594739e-002
  2.1213654e-002
  2.0998094e-002
  2.1667747e-002
  2.1110404e-002
  2.1062076e-002
  2.0792528e-002
  2.0925946e-002
  2.1116048e-002
  2.1283855e-002
  2.1441208e-002
  2.1478883e-002
  2.1334332e-002
  2.1418305e-002
  2.1114376e-002
  2.1461626e-002
  2.0909128e-002
  2.1465797e-002
  2.0919058e-002
  2.1408604e-002
  2.1275111e-002
  2.1187350e-002
  2.1723355e-002
  2.1152712e-002
  2.1481514e-002
  2.1378774e-002
  2.0729039e-002
  2.1065018e-002
  2.0936367e-002
  2.0739335e-002
  2.1470029e-002
  2.1602539e-002
  2.0955397e-002
  2.0874947e-002
  2.1176548e-002
  2.1183250e-002
  2.1142262e-002
  2.1182469e-002
  2.1142125e-002
  2.1179374e-002
  2.1170175e-002
  2.0868404e-002
  2.0949064e-002
  2.1605370e-002
  2.1489146e-002
  2.0730035e-002
  2.0921755e-002
  2.1066305e-002
  2.0736600e-002
  2.1361993e-002
  2.1490118e-002
  2.1157333e-002
  2.1709292e-002
  2.1182211e-002
  2.1289574e-002
  2.1389269e-002
  2.0916352e-002
  2.1482355e-002
  2.0903302e-002
  2.1465169e-002
  2.1095592e-002
  2.1424492e-002
  2.1329798e-002
  2.1467302e-002
  2.1430589e-002
  2.1280751e-002
  2.1116886e-002
  2.0914496e-002
  2.0789824e-002
  2.1077204e-002
  2.1094933e-002
  2.1642399e-002
  2.0998219e-002
  2.1233518e-002
  2.0575444e-002
  2.1454567e-002
  2.1295505e-002
  2.0986304e-002
  2.1049307e-002
  2.1023958e-002
  2.1604276e-002
  2.0700055e-002
  2.1142072e-002
  2.1623321e-002
  2.0545708e-002
  2.1487637e-002
  2.1268647e-002
  2.0634733e-002
  2.1747836e-002
  2.0832234e-002
  2.1145569e-002
  2.1297396e-002
  2.1171421e-002
  2.0878270e-002
  2.1482501e-002
  2.1069294e-002
  2.1010194e-002
  2.1228119e-002
  2.1521452e-002
  2.0583629e-002
  2.1561484e-002
  2.1243123e-002
  2.0892126e-002
  2.1326427e-002
  2.1184890e-002
  2.1261195e-002
  2.1096243e-002
  2.1053066e-002
  2.1417986e-002
  2.1279543e-002
  2.0948236e-002
  2.1165790e-002
  2.1380027e-002
  2.1208672e-002
  2.1233994e-002
  2.1279443e-002
  2.0962195e-002
  2.0847152e-002
  2.1417466e-002
  2.1816835e-002
  2.1432633e-002
  2.0993014e-002
  2.1201175e-002
  2.1347892e-002
  2.0850567e-002
  2.0575309e-002
