  1.9277972e-002
  1.9417815e-002
  1.9613630e-002
  1.9164749e-002
  1.9259831e-002
  1.9847399e-002
  1.9095475e-002
  1.9152893e-002
  1.9945971e-002
  1.9103699e-002
  1.9391664e-002
  1.9327028e-002
  1.9705749e-002
  1.8991388e-002
  1.9565443e-002
  1.9493915e-002
  1.9315648e-002
  1.9158283e-002
  1.9889572e-002
  1.8882394e-002
  1.9601436e-002
  1.9479570e-002
  1.9078496e-002
  1.9689703e-002
  1.9293084e-002
  1.9189560e-002
  1.9790243e-002
  1.9066995e-002
  1.9283846e-002
  1.9938924e-002
  1.8973827e-002
  1.9313230e-002
  1.9549276e-002
  1.9503513e-002
  1.9529642e-002
  1.8829095e-002
  1.9582025e-002
  1.9371171e-002
  1.9821008e-002
  1.9326725e-002
  1.9251482e-002
  1.9080733e-002
  1.9132277e-002
  1.9311692e-002
  1.9408495e-002
  1.9584761e-002
  1.9622677e-002
  1.9644401e-002
  1.9740072e-002
  1.9507655e-002
  1.9857637e-002
  1.9378224e-002
  1.9935165e-002
  1.9416686e-002
  1.9818318e-002
  1.9597451e-002
  1.9364962e-002
  1.9686959e-002
  1.9008544e-002
  1.9221098e-002
  1.9252278e-002
  1.8956166e-002
  1.9612134e-002
  1.9758766e-002
  1.9313477e-002
  1.9473273e-002
  1.9298619e-002
  1.8983887e-002
  1.9449605e-002
  1.9930115e-002
  1.9346600e-002
  1.8824414e-002
  1.9357858e-002
  1.9915219e-002
  1.9462238e-002
  1.8971964e-002
  1.9301514e-002
  1.9467126e-002
  1.9328841e-002
  1.9757172e-002
  1.9608029e-002
  1.8955254e-002
  1.9259914e-002
  1.9206681e-002
  1.9008515e-002
  1.9666957e-002
  1.9373815e-002
  1.9594639e-002
  1.9826521e-002
  1.9397407e-002
  1.9943344e-002
  1.9366252e-002
  1.9845592e-002
  1.9507810e-002
  1.9737359e-002
  1.9626495e-002
  1.9608459e-002
  1.9591529e-002
  1.9400741e-002
  1.9328121e-002
  1.9124148e-002
  1.9075095e-002
  1.9269130e-002
  1.9319335e-002
  1.9805002e-002
  1.9377209e-002
  1.9579728e-002
  1.8831068e-002
  1.9512876e-002
  1.9500799e-002
  1.9548563e-002
  1.9320620e-002
  1.8978299e-002
  1.9925756e-002
  1.9267951e-002
  1.9074639e-002
  1.9783401e-002
  1.9208449e-002
  1.9275158e-002
  1.9694044e-002
  1.9082005e-002
  1.9489969e-002
  1.9611755e-002
  1.8892765e-002
  1.9906380e-002
  1.9162674e-002
  1.9324915e-002
  1.9531687e-002
  1.9562482e-002
  1.9011612e-002
  1.9744071e-002
  1.9363168e-002
  1.9407482e-002
  1.9134777e-002
  1.9956561e-002
  1.9185850e-002
  1.9131082e-002
  1.9910133e-002
  1.9305534e-002
  1.9220635e-002
  1.9621895e-002
  1.9477111e-002
  1.9365396e-002
  1.9451422e-002
  1.9487503e-002
  1.9434368e-002
  1.9361185e-002
  1.9486260e-002
  1.9687347e-002
  1.9522047e-002
  1.9067785e-002
  1.9151409e-002
  1.9778357e-002
  2.0010192e-002
  1.9557754e-002
  1.9308672e-002
  1.9521507e-002
  1.9557124e-002
  1.9099013e-002
  1.8896208e-002
