  1.8456271e-002
  1.9032846e-002
  1.8482327e-002
  1.8281695e-002
  1.8731706e-002
  1.8579107e-002
  1.8604151e-002
  1.8416433e-002
  1.8500836e-002
  1.8997747e-002
  1.8079514e-002
  1.8711420e-002
  1.8644063e-002
  1.8591511e-002
  1.8255302e-002
  1.8951890e-002
  1.8376154e-002
  1.8543476e-002
  1.8510943e-002
  1.8831769e-002
  1.8100569e-002
  1.8868364e-002
  1.8649887e-002
  1.8119256e-002
  1.9103885e-002
  1.8361688e-002
  1.8277225e-002
  1.9033561e-002
  1.8348800e-002
  1.8449315e-002
  1.8645614e-002
  1.8640285e-002
  1.8735151e-002
  1.8044593e-002
  1.8759596e-002
  1.8718959e-002
  1.8663113e-002
  1.8541289e-002
  1.8105486e-002
  1.8645848e-002
  1.8351772e-002
  1.9039713e-002
  1.8557230e-002
  1.8973015e-002
  1.8361812e-002
  1.8737710e-002
  1.8139168e-002
  1.8620268e-002
  1.8039232e-002
  1.8554119e-002
  1.8079276e-002
  1.8450018e-002
  1.8237399e-002
  1.8313682e-002
  1.8540645e-002
  1.8216418e-002
  1.8805461e-002
  1.8529084e-002
  1.8757729e-002
  1.9035800e-002
  1.8432659e-002
  1.8637571e-002
  1.8426794e-002
  1.8039688e-002
  1.8656829e-002
  1.8937108e-002
  1.8509358e-002
  1.8507308e-002
  1.8545449e-002
  1.8405145e-002
  1.8559212e-002
  1.8794910e-002
  1.8568730e-002
  1.8393593e-002
  1.8545621e-002
  1.8501803e-002
  1.8512203e-002
  1.8937044e-002
  1.8662599e-002
  1.8029834e-002
  1.8427868e-002
  1.8629373e-002
  1.8450890e-002
  1.9017408e-002
  1.8749226e-002
  1.8515196e-002
  1.8821572e-002
  1.8203553e-002
  1.8555270e-002
  1.8288350e-002
  1.8244746e-002
  1.8441443e-002
  1.8074723e-002
  1.8548414e-002
  1.8041054e-002
  1.8605401e-002
  1.8132063e-002
  1.8741151e-002
  1.8352041e-002
  1.8997870e-002
  1.8536088e-002
  1.9040237e-002
  1.8364292e-002
  1.8654412e-002
  1.8093193e-002
  1.8545913e-002
  1.8657202e-002
  1.8715976e-002
  1.8756844e-002
  1.8047681e-002
  1.8734736e-002
  1.8645135e-002
  1.8642151e-002
  1.8454354e-002
  1.8335563e-002
  1.9025935e-002
  1.8278632e-002
  1.8383260e-002
  1.9091516e-002
  1.8122825e-002
  1.8653550e-002
  1.8871282e-002
  1.8114601e-002
  1.8842030e-002
  1.8531199e-002
  1.8549545e-002
  1.8386298e-002
  1.9001733e-002
  1.8270888e-002
  1.8611188e-002
  1.8654758e-002
  1.8751437e-002
  1.8104528e-002
  1.9029225e-002
  1.8533950e-002
  1.8448128e-002
  1.8640518e-002
  1.8631652e-002
  1.8805910e-002
  1.8325691e-002
  1.8512426e-002
  1.9077561e-002
  1.8532386e-002
  1.8150844e-002
  1.8824214e-002
  1.9092117e-002
  1.8432537e-002
  1.8188766e-002
  1.8707838e-002
  1.9010314e-002
  1.8704027e-002
  1.8511969e-002
  1.8650607e-002
  1.8587634e-002
  1.8273244e-002
  1.8335725e-002
  1.8876514e-002
  1.9055650e-002
  1.8716745e-002
  1.8614846e-002
