  1.7464772e-002
  1.7694703e-002
  1.8209953e-002
  1.7638019e-002
  1.7351377e-002
  1.8213803e-002
  1.7793766e-002
  1.7475970e-002
  1.7889620e-002
  1.7766599e-002
  1.7937234e-002
  1.7323989e-002
  1.8152698e-002
  1.7713748e-002
  1.7688410e-002
  1.7637630e-002
  1.8174570e-002
  1.7314019e-002
  1.8004367e-002
  1.7752646e-002
  1.7711915e-002
  1.7737669e-002
  1.7856409e-002
  1.7785775e-002
  1.7639714e-002
  1.7879921e-002
  1.7739078e-002
  1.7766868e-002
  1.7670964e-002
  1.7844078e-002
  1.8015345e-002
  1.7286634e-002
  1.7884379e-002
  1.8025731e-002
  1.7682890e-002
  1.7764727e-002
  1.7301980e-002
  1.8042658e-002
  1.7824434e-002
  1.8102439e-002
  1.7711896e-002
  1.7611097e-002
  1.7564491e-002
  1.7446391e-002
  1.7689469e-002
  1.7611146e-002
  1.7863831e-002
  1.7817829e-002
  1.7907508e-002
  1.7972820e-002
  1.7839378e-002
  1.8103568e-002
  1.7674997e-002
  1.8133058e-002
  1.7540468e-002
  1.7871188e-002
  1.7556651e-002
  1.7384839e-002
  1.7747734e-002
  1.7382926e-002
  1.7822009e-002
  1.8099961e-002
  1.7739420e-002
  1.7987489e-002
  1.7731158e-002
  1.7255208e-002
  1.7769730e-002
  1.8206652e-002
  1.7738565e-002
  1.7474257e-002
  1.7769001e-002
  1.8004875e-002
  1.7771172e-002
  1.7455460e-002
  1.7740574e-002
  1.8203652e-002
  1.7769774e-002
  1.7256766e-002
  1.7733628e-002
  1.7969648e-002
  1.7752470e-002
  1.8089337e-002
  1.7845620e-002
  1.7369842e-002
  1.7740139e-002
  1.7372899e-002
  1.7567682e-002
  1.7861928e-002
  1.7551962e-002
  1.8113601e-002
  1.7683903e-002
  1.8096430e-002
  1.7836180e-002
  1.7965887e-002
  1.7911596e-002
  1.7816250e-002
  1.7856376e-002
  1.7603929e-002
  1.7687474e-002
  1.7463217e-002
  1.7536957e-002
  1.7609270e-002
  1.7726378e-002
  1.8118294e-002
  1.7807724e-002
  1.8045095e-002
  1.7302848e-002
  1.7763586e-002
  1.7680021e-002
  1.8038481e-002
  1.7884352e-002
  1.7283265e-002
  1.8012779e-002
  1.7862333e-002
  1.7649554e-002
  1.7756202e-002
  1.7754422e-002
  1.7902897e-002
  1.7641087e-002
  1.7782873e-002
  1.7860522e-002
  1.7735486e-002
  1.7732682e-002
  1.7762695e-002
  1.8030224e-002
  1.7328173e-002
  1.8190713e-002
  1.7685561e-002
  1.7706895e-002
  1.7727661e-002
  1.8152692e-002
  1.7353361e-002
  1.7979984e-002
  1.7803932e-002
  1.7950030e-002
  1.7509307e-002
  1.7832919e-002
  1.8264374e-002
  1.7411981e-002
  1.7670608e-002
  1.8264443e-002
  1.7738810e-002
  1.7512241e-002
  1.7978896e-002
  1.8072516e-002
  1.7668055e-002
  1.7598917e-002
  1.7990135e-002
  1.8185403e-002
  1.7778285e-002
  1.7385011e-002
  1.7660756e-002
  1.8214629e-002
  1.8271751e-002
  1.7873571e-002
  1.7732153e-002
  1.7982073e-002
  1.7908697e-002
  1.7486869e-002
  1.7354580e-002
