  1.6022348e-002
  1.5961072e-002
  1.6655918e-002
  1.6377059e-002
  1.5888511e-002
  1.6398188e-002
  1.6385100e-002
  1.6266932e-002
  1.6195353e-002
  1.6095105e-002
  1.6702839e-002
  1.5930756e-002
  1.6330616e-002
  1.6297302e-002
  1.6506178e-002
  1.5844582e-002
  1.6576848e-002
  1.6205216e-002
  1.6283808e-002
  1.6095858e-002
  1.6575454e-002
  1.6148017e-002
  1.6054433e-002
  1.6705040e-002
  1.5971854e-002
  1.6181256e-002
  1.6627526e-002
  1.5960886e-002
  1.6241451e-002
  1.6481063e-002
  1.6215719e-002
  1.6287055e-002
  1.5970976e-002
  1.6497932e-002
  1.6540434e-002
  1.6021531e-002
  1.6270618e-002
  1.5919604e-002
  1.6563331e-002
  1.6342110e-002
  1.6522755e-002
  1.6301558e-002
  1.6143168e-002
  1.6135768e-002
  1.5936975e-002
  1.6142382e-002
  1.5983763e-002
  1.6219966e-002
  1.6087744e-002
  1.6258352e-002
  1.6179511e-002
  1.6129899e-002
  1.6236992e-002
  1.5909082e-002
  1.6283838e-002
  1.5809653e-002
  1.6213195e-002
  1.6103764e-002
  1.6170850e-002
  1.6668011e-002
  1.6266516e-002
  1.6496840e-002
  1.6361418e-002
  1.5819654e-002
  1.6178629e-002
  1.6442303e-002
  1.6263124e-002
  1.6378531e-002
  1.6273307e-002
  1.5966301e-002
  1.6234871e-002
  1.6588816e-002
  1.6238090e-002
  1.5955737e-002
  1.6274796e-002
  1.6377915e-002
  1.6264416e-002
  1.6442540e-002
  1.6185613e-002
  1.5810146e-002
  1.6363480e-002
  1.6473576e-002
  1.6278271e-002
  1.6661447e-002
  1.6158080e-002
  1.6092635e-002
  1.6213006e-002
  1.5803545e-002
  1.6273686e-002
  1.5906817e-002
  1.6255935e-002
  1.6119837e-002
  1.6174609e-002
  1.6252960e-002
  1.6088239e-002
  1.6218067e-002
  1.5974025e-002
  1.6154129e-002
  1.5935625e-002
  1.6136702e-002
  1.6127419e-002
  1.6307204e-002
  1.6525115e-002
  1.6358927e-002
  1.6573492e-002
  1.5921361e-002
  1.6261067e-002
  1.6020381e-002
  1.6523268e-002
  1.6528197e-002
  1.5958254e-002
  1.6288045e-002
  1.6230440e-002
  1.6477255e-002
  1.6236487e-002
  1.5963140e-002
  1.6659078e-002
  1.6189984e-002
  1.5977563e-002
  1.6708283e-002
  1.6055792e-002
  1.6154856e-002
  1.6581719e-002
  1.6110386e-002
  1.6291314e-002
  1.6236249e-002
  1.6594587e-002
  1.5861406e-002
  1.6543843e-002
  1.6308882e-002
  1.6342137e-002
  1.5967759e-002
  1.6761375e-002
  1.6125157e-002
  1.6219608e-002
  1.6324382e-002
  1.6415465e-002
  1.6466861e-002
  1.5922668e-002
  1.6442763e-002
  1.6732720e-002
  1.6030144e-002
  1.6055812e-002
  1.6694967e-002
  1.6566556e-002
  1.6004939e-002
  1.6124770e-002
  1.6671068e-002
  1.6698587e-002
  1.6157182e-002
  1.5906868e-002
  1.6302220e-002
  1.6755383e-002
  1.6662631e-002
  1.6332041e-002
  1.6354505e-002
  1.6510658e-002
  1.6376198e-002
  1.6005138e-002
  1.5932316e-002
