  1.4839643e-002
  1.4511832e-002
  1.5104916e-002
  1.5064602e-002
  1.4799688e-002
  1.4891972e-002
  1.4726111e-002
  1.5129251e-002
  1.4996888e-002
  1.4505684e-002
  1.5188815e-002
  1.4865333e-002
  1.4987061e-002
  1.4544354e-002
  1.5296848e-002
  1.4774170e-002
  1.4877610e-002
  1.4752522e-002
  1.5236849e-002
  1.4584003e-002
  1.4906214e-002
  1.5198233e-002
  1.4529484e-002
  1.5044865e-002
  1.5106555e-002
  1.4534132e-002
  1.5077684e-002
  1.5076819e-002
  1.4492499e-002
  1.5046692e-002
  1.5155127e-002
  1.4617949e-002
  1.4917102e-002
  1.4804775e-002
  1.5130653e-002
  1.5054004e-002
  1.4564150e-002
  1.4886453e-002
  1.4640585e-002
  1.5136006e-002
  1.5027673e-002
  1.5083726e-002
  1.5030917e-002
  1.4766868e-002
  1.4901464e-002
  1.4580051e-002
  1.4827479e-002
  1.4534051e-002
  1.4832010e-002
  1.4561513e-002
  1.4758178e-002
  1.4632395e-002
  1.4687129e-002
  1.4765463e-002
  1.4592863e-002
  1.5020010e-002
  1.4704015e-002
  1.5197405e-002
  1.5044925e-002
  1.4984767e-002
  1.5159482e-002
  1.4559290e-002
  1.4737823e-002
  1.4916743e-002
  1.4816435e-002
  1.5207507e-002
  1.5028642e-002
  1.4484950e-002
  1.4818907e-002
  1.5264402e-002
  1.4925609e-002
  1.4542685e-002
  1.4914500e-002
  1.5283991e-002
  1.4803415e-002
  1.4475875e-002
  1.5030259e-002
  1.5222127e-002
  1.4820868e-002
  1.4909548e-002
  1.4735231e-002
  1.4562767e-002
  1.5144666e-002
  1.4969674e-002
  1.5037371e-002
  1.5180294e-002
  1.4698929e-002
  1.5006632e-002
  1.4592829e-002
  1.4778700e-002
  1.4675269e-002
  1.4628241e-002
  1.4762812e-002
  1.4558134e-002
  1.4813125e-002
  1.4531313e-002
  1.4839835e-002
  1.4584080e-002
  1.4886503e-002
  1.4769554e-002
  1.5034185e-002
  1.5073285e-002
  1.5024573e-002
  1.5139265e-002
  1.4633240e-002
  1.4890748e-002
  1.4549833e-002
  1.5072414e-002
  1.5144210e-002
  1.4789491e-002
  1.4910551e-002
  1.4623224e-002
  1.5165075e-002
  1.5061112e-002
  1.4494518e-002
  1.5104380e-002
  1.5086773e-002
  1.4549309e-002
  1.5114063e-002
  1.5048314e-002
  1.4531723e-002
  1.5241299e-002
  1.4909112e-002
  1.4610171e-002
  1.5265582e-002
  1.4779555e-002
  1.4910171e-002
  1.4780485e-002
  1.5303234e-002
  1.4581160e-002
  1.5001094e-002
  1.4910962e-002
  1.5205565e-002
  1.4539423e-002
  1.5045521e-002
  1.5194692e-002
  1.4782333e-002
  1.4939683e-002
  1.4834780e-002
  1.5129437e-002
  1.5135996e-002
  1.4601312e-002
  1.4885487e-002
  1.5411233e-002
  1.5011185e-002
  1.4556164e-002
  1.4883184e-002
  1.5384343e-002
  1.5217017e-002
  1.4693090e-002
  1.4626471e-002
  1.5044634e-002
  1.5340614e-002
  1.5175305e-002
  1.4962933e-002
  1.5028737e-002
  1.5182552e-002
  1.4963826e-002
  1.4625921e-002
  1.4626047e-002
