  1.3703293e-002
  1.3431344e-002
  1.3645778e-002
  1.3645520e-002
  1.3725745e-002
  1.3808433e-002
  1.3300238e-002
  1.3676459e-002
  1.3857944e-002
  1.3456626e-002
  1.3636863e-002
  1.3517579e-002
  1.4011675e-002
  1.3314037e-002
  1.3716504e-002
  1.3600406e-002
  1.3859625e-002
  1.3258642e-002
  1.3824798e-002
  1.3725376e-002
  1.3409864e-002
  1.3733681e-002
  1.3643284e-002
  1.3609681e-002
  1.3619132e-002
  1.3631980e-002
  1.3600821e-002
  1.3699239e-002
  1.3606990e-002
  1.3409296e-002
  1.3867484e-002
  1.3752346e-002
  1.3253946e-002
  1.3725225e-002
  1.3710622e-002
  1.3740617e-002
  1.3737390e-002
  1.3263005e-002
  1.3655251e-002
  1.3438603e-002
  1.3807817e-002
  1.3815546e-002
  1.3763413e-002
  1.3845883e-002
  1.3558031e-002
  1.3777753e-002
  1.3403049e-002
  1.3678653e-002
  1.3352121e-002
  1.3663775e-002
  1.3368073e-002
  1.3665681e-002
  1.3493425e-002
  1.3691375e-002
  1.3739923e-002
  1.3678921e-002
  1.4001310e-002
  1.3619607e-002
  1.3888551e-002
  1.3486200e-002
  1.3376370e-002
  1.3619692e-002
  1.3444581e-002
  1.3867249e-002
  1.3869567e-002
  1.3357471e-002
  1.3507795e-002
  1.3733711e-002
  1.3636069e-002
  1.3684498e-002
  1.3641003e-002
  1.3509253e-002
  1.3626501e-002
  1.3693378e-002
  1.3642725e-002
  1.3710236e-002
  1.3509724e-002
  1.3355929e-002
  1.3880464e-002
  1.3866366e-002
  1.3439983e-002
  1.3617809e-002
  1.3381753e-002
  1.3482535e-002
  1.3879876e-002
  1.3620555e-002
  1.3988241e-002
  1.3669974e-002
  1.3739672e-002
  1.3676670e-002
  1.3487643e-002
  1.3669105e-002
  1.3370058e-002
  1.3657420e-002
  1.3339862e-002
  1.3695157e-002
  1.3407027e-002
  1.3756957e-002
  1.3556003e-002
  1.3846571e-002
  1.3764850e-002
  1.3816598e-002
  1.3789480e-002
  1.3451276e-002
  1.3652116e-002
  1.3259998e-002
  1.3739781e-002
  1.3752465e-002
  1.3700493e-002
  1.3725419e-002
  1.3255555e-002
  1.3776974e-002
  1.3867346e-002
  1.3425277e-002
  1.3627685e-002
  1.3702263e-002
  1.3600158e-002
  1.3628736e-002
  1.3640016e-002
  1.3626802e-002
  1.3641769e-002
  1.3768100e-002
  1.3414774e-002
  1.3748725e-002
  1.3824101e-002
  1.3284289e-002
  1.3898855e-002
  1.3631545e-002
  1.3742155e-002
  1.3352879e-002
  1.4053771e-002
  1.3551847e-002
  1.3670866e-002
  1.3506476e-002
  1.3932125e-002
  1.3757641e-002
  1.3341347e-002
  1.3864668e-002
  1.3775557e-002
  1.3681116e-002
  1.3716879e-002
  1.3509547e-002
  1.3789144e-002
  1.4018432e-002
  1.3600120e-002
  1.3370379e-002
  1.3779671e-002
  1.4118531e-002
  1.3810041e-002
  1.3413347e-002
  1.3498313e-002
  1.3836926e-002
  1.3965739e-002
  1.3820436e-002
  1.3725313e-002
  1.3855112e-002
  1.3901188e-002
  1.3682597e-002
  1.3385387e-002
  1.3419355e-002
