  1.3328788e-002
  1.3187560e-002
  1.2664476e-002
  1.3058878e-002
  1.3326952e-002
  1.2944136e-002
  1.3050060e-002
  1.2854626e-002
  1.3131816e-002
  1.3236807e-002
  1.2721668e-002
  1.3151500e-002
  1.3023718e-002
  1.3250879e-002
  1.2673032e-002
  1.3212141e-002
  1.3029404e-002
  1.3052261e-002
  1.2828316e-002
  1.3207273e-002
  1.3143946e-002
  1.2670844e-002
  1.3332905e-002
  1.3059405e-002
  1.2717574e-002
  1.3323163e-002
  1.3062261e-002
  1.2708296e-002
  1.3295406e-002
  1.3150469e-002
  1.2709603e-002
  1.3105455e-002
  1.3109203e-002
  1.3103344e-002
  1.3104917e-002
  1.2662151e-002
  1.3122511e-002
  1.3114578e-002
  1.3187460e-002
  1.3247482e-002
  1.2834853e-002
  1.3084391e-002
  1.2665422e-002
  1.3006548e-002
  1.2756363e-002
  1.3074359e-002
  1.2907239e-002
  1.3091730e-002
  1.2969249e-002
  1.3113946e-002
  1.2950430e-002
  1.3117053e-002
  1.2819872e-002
  1.3097567e-002
  1.2671535e-002
  1.3032537e-002
  1.2733160e-002
  1.3050028e-002
  1.3125417e-002
  1.3074620e-002
  1.3401101e-002
  1.2932478e-002
  1.2920147e-002
  1.2970516e-002
  1.2804287e-002
  1.3263525e-002
  1.3253976e-002
  1.2731229e-002
  1.2921975e-002
  1.3293965e-002
  1.3060390e-002
  1.2799948e-002
  1.3056555e-002
  1.3301415e-002
  1.2915649e-002
  1.2721016e-002
  1.3244307e-002
  1.3268606e-002
  1.2813750e-002
  1.2965077e-002
  1.2936182e-002
  1.2920988e-002
  1.3411586e-002
  1.3062193e-002
  1.3121754e-002
  1.3044831e-002
  1.2722753e-002
  1.3022050e-002
  1.2675379e-002
  1.3083816e-002
  1.2819445e-002
  1.3130219e-002
  1.2935885e-002
  1.3111973e-002
  1.2958428e-002
  1.3087436e-002
  1.2911570e-002
  1.3047339e-002
  1.2766262e-002
  1.3006898e-002
  1.2657937e-002
  1.3091200e-002
  1.2816584e-002
  1.3267982e-002
  1.3180751e-002
  1.3100310e-002
  1.3124452e-002
  1.2661549e-002
  1.3094264e-002
  1.3111997e-002
  1.3104029e-002
  1.3123548e-002
  1.2705775e-002
  1.3174000e-002
  1.3310963e-002
  1.2708743e-002
  1.3056455e-002
  1.3313849e-002
  1.2734404e-002
  1.3081654e-002
  1.3338823e-002
  1.2688358e-002
  1.3160464e-002
  1.3234106e-002
  1.2834243e-002
  1.3087845e-002
  1.3059037e-002
  1.3258168e-002
  1.2697519e-002
  1.3294580e-002
  1.3067883e-002
  1.3170368e-002
  1.2752889e-002
  1.3308819e-002
  1.3190906e-002
  1.2926724e-002
  1.3086967e-002
  1.2995156e-002
  1.3381946e-002
  1.3095990e-002
  1.2744044e-002
  1.3258745e-002
  1.3423897e-002
  1.2963049e-002
  1.2903653e-002
  1.3240719e-002
  1.3324150e-002
  1.3098814e-002
  1.2934672e-002
  1.3070836e-002
  1.3335523e-002
  1.3385627e-002
  1.3111530e-002
  1.2822749e-002
  1.2841176e-002
  1.3156466e-002
  1.3372709e-002
  1.3308976e-002
  1.3113242e-002
  1.3211304e-002
