  1.0169906e-002
  1.0368265e-002
  1.0713470e-002
  1.0332443e-002
  1.0250631e-002
  1.0423284e-002
  1.0360229e-002
  1.0598779e-002
  1.0330083e-002
  1.0243460e-002
  1.0523452e-002
  1.0451323e-002
  1.0487430e-002
  1.0155088e-002
  1.0525364e-002
  1.0439381e-002
  1.0420390e-002
  1.0247330e-002
  1.0435017e-002
  1.0642412e-002
  1.0124461e-002
  1.0470095e-002
  1.0559004e-002
  1.0281653e-002
  1.0410450e-002
  1.0459151e-002
  1.0313182e-002
  1.0381478e-002
  1.0586082e-002
  1.0304705e-002
  1.0226348e-002
  1.0645168e-002
  1.0481022e-002
  1.0169081e-002
  1.0403381e-002
  1.0330475e-002
  1.0512760e-002
  1.0625019e-002
  1.0279331e-002
  1.0451705e-002
  1.0189501e-002
  1.0257027e-002
  1.0355518e-002
  1.0262734e-002
  1.0559072e-002
  1.0311245e-002
  1.0590735e-002
  1.0347771e-002
  1.0622457e-002
  1.0353663e-002
  1.0573631e-002
  1.0281705e-002
  1.0515308e-002
  1.0191871e-002
  1.0429376e-002
  1.0109935e-002
  1.0420989e-002
  1.0288680e-002
  1.0497272e-002
  1.0591543e-002
  1.0401372e-002
  1.0502834e-002
  1.0132894e-002
  1.0335108e-002
  1.0571116e-002
  1.0378103e-002
  1.0454461e-002
  1.0300898e-002
  1.0263490e-002
  1.0607660e-002
  1.0433341e-002
  1.0141596e-002
  1.0443490e-002
  1.0614562e-002
  1.0263178e-002
  1.0306486e-002
  1.0443741e-002
  1.0373497e-002
  1.0575670e-002
  1.0332346e-002
  1.0130898e-002
  1.0511819e-002
  1.0407755e-002
  1.0584785e-002
  1.0493781e-002
  1.0288395e-002
  1.0421997e-002
  1.0109021e-002
  1.0416935e-002
  1.0188931e-002
  1.0508864e-002
  1.0280167e-002
  1.0586281e-002
  1.0351983e-002
  1.0617860e-002
  1.0350485e-002
  1.0626596e-002
  1.0308856e-002
  1.0561835e-002
  1.0255409e-002
  1.0355795e-002
  1.0265006e-002
  1.0189815e-002
  1.0452880e-002
  1.0280697e-002
  1.0643820e-002
  1.0523164e-002
  1.0333510e-002
  1.0420954e-002
  1.0181033e-002
  1.0488843e-002
  1.0641764e-002
  1.0225811e-002
  1.0310148e-002
  1.0587479e-002
  1.0390636e-002
  1.0327172e-002
  1.0484275e-002
  1.0444931e-002
  1.0293440e-002
  1.0548734e-002
  1.0497112e-002
  1.0152733e-002
  1.0665935e-002
  1.0458210e-002
  1.0274833e-002
  1.0459578e-002
  1.0478995e-002
  1.0579678e-002
  1.0172713e-002
  1.0544255e-002
  1.0502696e-002
  1.0577130e-002
  1.0285462e-002
  1.0368557e-002
  1.0687587e-002
  1.0424616e-002
  1.0524501e-002
  1.0298562e-002
  1.0408955e-002
  1.0792804e-002
  1.0473204e-002
  1.0255987e-002
  1.0529981e-002
  1.0626327e-002
  1.0504241e-002
  1.0504259e-002
  1.0528809e-002
  1.0508537e-002
  1.0492358e-002
  1.0544537e-002
  1.0550557e-002
  1.0504564e-002
  1.0547906e-002
  1.0682374e-002
  1.0747590e-002
  1.0637424e-002
  1.0399406e-002
  1.0268820e-002
  1.0357128e-002
