  9.9037140e-003
  9.9281825e-003
  9.9007462e-003
  1.0137061e-002
  9.9181361e-003
  9.6727261e-003
  1.0080759e-002
  9.9607216e-003
  1.0042426e-002
  9.8288885e-003
  9.8108020e-003
  1.0158280e-002
  9.9087562e-003
  9.9426436e-003
  9.7415473e-003
  1.0146865e-002
  9.9609764e-003
  9.8197615e-003
  9.9493632e-003
  9.9693878e-003
  1.0082577e-002
  9.6923635e-003
  1.0012784e-002
  1.0185594e-002
  9.6939462e-003
  9.9205974e-003
  1.0189834e-002
  9.7773306e-003
  9.7840973e-003
  1.0217452e-002
  9.9372081e-003
  9.7595410e-003
  9.9676949e-003
  9.9010388e-003
  1.0066927e-002
  1.0099680e-002
  9.7038517e-003
  9.9024335e-003
  9.8228983e-003
  9.9090431e-003
  1.0181569e-002
  9.9465429e-003
  1.0211132e-002
  9.9482354e-003
  1.0062734e-002
  9.9666092e-003
  9.8870558e-003
  9.9950793e-003
  9.8452396e-003
  1.0019778e-002
  9.8549966e-003
  1.0072397e-002
  9.9540524e-003
  1.0158574e-002
  1.0037350e-002
  1.0094366e-002
  1.0003844e-002
  9.7943679e-003
  9.9187751e-003
  9.6728039e-003
  1.0069209e-002
  9.9822907e-003
  1.0024404e-002
  1.0023302e-002
  9.6562513e-003
  9.9577495e-003
  1.0135849e-002
  9.8642369e-003
  9.8981955e-003
  9.9430072e-003
  9.9175672e-003
  9.9678489e-003
  9.9318926e-003
  9.9435713e-003
  9.8953793e-003
  9.8837759e-003
  1.0123103e-002
  9.9582707e-003
  9.6546505e-003
  1.0011205e-002
  1.0028965e-002
  9.9877777e-003
  1.0071813e-002
  9.6691434e-003
  9.9209785e-003
  9.7921439e-003
  1.0008310e-002
  1.0075333e-002
  1.0028431e-002
  1.0156336e-002
  9.9423420e-003
  1.0073552e-002
  9.8650415e-003
  1.0021851e-002
  9.8359775e-003
  1.0003475e-002
  9.9064080e-003
  9.9648089e-003
  1.0063156e-002
  9.9360238e-003
  1.0210535e-002
  9.9459606e-003
  1.0180190e-002
  9.9065799e-003
  9.8371230e-003
  9.9042860e-003
  9.7129856e-003
  1.0104533e-002
  1.0083831e-002
  9.8990123e-003
  9.9742868e-003
  9.7630062e-003
  9.9422256e-003
  1.0211428e-002
  9.7891005e-003
  9.7855881e-003
  1.0211464e-002
  9.9380160e-003
  9.7111348e-003
  1.0198228e-002
  1.0007389e-002
  9.7206287e-003
  1.0110104e-002
  9.9912342e-003
  9.9645920e-003
  9.8532389e-003
  1.0008197e-002
  1.0183019e-002
  9.7819985e-003
  9.9730007e-003
  9.9671049e-003
  1.0215331e-002
  9.8661837e-003
  9.8872858e-003
  1.0084579e-002
  1.0041244e-002
  1.0140194e-002
  9.7536017e-003
  9.9901832e-003
  1.0205536e-002
  1.0007326e-002
  1.0034066e-002
  9.9947406e-003
  9.8807831e-003
  1.0121000e-002
  1.0306554e-002
  1.0094843e-002
  9.7980571e-003
  9.8996161e-003
  1.0250628e-002
  1.0379615e-002
  1.0169673e-002
  9.8756548e-003
  9.8241954e-003
  9.9946720e-003
  1.0196741e-002
  1.0221870e-002
  1.0099790e-002
  1.0065406e-002
  1.0189523e-002
