  6.3566498e+003
  6.3895392e+003
  6.4681705e+003
  6.4715597e+003
  6.3705429e+003
  6.2578573e+003
  6.2451737e+003
  6.3415273e+003
  6.4445560e+003
  6.4515880e+003
  6.3685987e+003
  6.2995259e+003
  6.3292359e+003
  6.4282247e+003
  6.4821822e+003
  6.4130553e+003
  6.2597803e+003
  6.1332770e+003
  6.0980312e+003
  6.1090352e+003
  6.0678835e+003
  5.9328953e+003
  5.7660701e+003
  5.6720823e+003
  5.6959020e+003
  5.7817618e+003
  5.8301377e+003
  5.7931079e+003
  5.7139175e+003
  5.6736135e+003
  5.7006054e+003
  5.7363566e+003
  5.6925062e+003
  5.5403839e+003
  5.3426716e+003
  5.1990498e+003
  5.1620909e+003
  5.2006429e+003
  5.2365000e+003
  5.2150856e+003
  5.1471057e+003
  5.0872256e+003
  5.0722881e+003
  5.0793444e+003
  5.0453734e+003
  4.9294299e+003
  4.7564561e+003
  4.6027147e+003
  4.5382300e+003
  4.5743714e+003
  4.6546980e+003
  4.6941453e+003
  4.6383017e+003
  4.4986884e+003
  4.3377469e+003
  4.2195880e+003
  4.1688155e+003
  4.1646669e+003
  4.1645896e+003
  4.1349771e+003
  4.0698899e+003
  3.9879877e+003
  3.9120415e+003
  3.8499842e+003
  3.7940853e+003
  3.7342867e+003
  3.6688299e+003
  3.6040186e+003
  3.5476244e+003
  3.5018000e+003
  3.4594710e+003
  3.4085958e+003
  3.3428594e+003
  3.2679604e+003
  3.1959229e+003
  3.1341869e+003
  3.0809496e+003
  3.0288239e+003
  2.9715981e+003
  2.9097736e+003
  2.8510871e+003
  2.8030422e+003
  2.7625936e+003
  2.7150143e+003
  2.6459784e+003
  2.5559715e+003
  2.4635297e+003
  2.3943531e+003
  2.3633333e+003
  2.3608389e+003
  2.3546905e+003
  2.3107661e+003
  2.2186926e+003
  2.1010920e+003
  1.9977537e+003
  1.9375803e+003
  1.9197398e+003
  1.9166216e+003
  1.8953995e+003
  1.8421001e+003
  1.7693313e+003
  1.7013841e+003
  1.6507951e+003
  1.6085723e+003
  1.5562118e+003
  1.4862093e+003
  1.4110377e+003
  1.3528247e+003
  1.3234937e+003
  1.3131291e+003
  1.2973642e+003
  1.2578655e+003
  1.1973177e+003
  1.1347764e+003
  1.0863322e+003
  1.0505460e+003
  1.0124909e+003
  9.6083095e+002
  8.9997886e+002
  8.4575089e+002
  8.0986107e+002
  7.8889835e+002
  7.6818172e+002
  7.3610368e+002
  6.9456365e+002
  6.5542042e+002
  6.2724524e+002
  6.0640143e+002
  5.8142670e+002
  5.4538481e+002
  5.0280779e+002
  4.6439185e+002
  4.3589813e+002
  4.1316398e+002
  3.8769081e+002
  3.5596106e+002
  3.2257641e+002
  2.9472916e+002
  2.7462775e+002
  2.5781548e+002
  2.3841359e+002
  2.1516511e+002
  1.9206078e+002
  1.7357117e+002
  1.5998911e+002
  1.4759927e+002
  1.3289123e+002
  1.1602683e+002
  1.0016095e+002
  8.7864358e+001
  7.8638723e+001
  6.9850088e+001
  5.9664405e+001
  4.8807853e+001
  3.9611139e+001
  3.3645298e+001
  3.0368096e+001
  2.7853491e+001
  2.4595303e+001
  2.0637863e+001
