  8.5392839e-003
  8.5479660e-003
  8.6952147e-003
  8.6390961e-003
  8.7730163e-003
  8.7992183e-003
  8.4340389e-003
  8.7078846e-003
  8.6826450e-003
  8.7786422e-003
  8.6159887e-003
  8.5044084e-003
  8.7268081e-003
  8.7310708e-003
  8.7662335e-003
  8.5316164e-003
  8.6106226e-003
  8.8233023e-003
  8.6016320e-003
  8.6703201e-003
  8.5495720e-003
  8.8320323e-003
  8.7270678e-003
  8.4212250e-003
  8.7941363e-003
  8.8429230e-003
  8.4296491e-003
  8.6686552e-003
  8.8944370e-003
  8.5569669e-003
  8.5163655e-003
  8.7964969e-003
  8.6884586e-003
  8.7157174e-003
  8.6609137e-003
  8.4364469e-003
  8.6631621e-003
  8.7937812e-003
  8.6592709e-003
  8.8969607e-003
  8.6236552e-003
  8.6555448e-003
  8.6407881e-003
  8.4457091e-003
  8.6591949e-003
  8.4210253e-003
  8.6336302e-003
  8.4592111e-003
  8.6041607e-003
  8.5051880e-003
  8.5720163e-003
  8.5243262e-003
  8.6088751e-003
  8.6179650e-003
  8.7572062e-003
  8.7059179e-003
  8.8868283e-003
  8.6357455e-003
  8.7553894e-003
  8.4211704e-003
  8.6557830e-003
  8.6319939e-003
  8.7470722e-003
  8.8468493e-003
  8.4765841e-003
  8.5979399e-003
  8.7618180e-003
  8.6510010e-003
  8.6862010e-003
  8.5821026e-003
  8.6221537e-003
  8.7921565e-003
  8.6328473e-003
  8.5751350e-003
  8.6922332e-003
  8.6615446e-003
  8.7483933e-003
  8.6112230e-003
  8.4753089e-003
  8.8410254e-003
  8.7480346e-003
  8.6284953e-003
  8.6475024e-003
  8.4211592e-003
  8.7479597e-003
  8.6353451e-003
  8.8795954e-003
  8.7139942e-003
  8.7544312e-003
  8.6117935e-003
  8.5936357e-003
  8.5309847e-003
  8.5727765e-003
  8.4967332e-003
  8.6027511e-003
  8.4586822e-003
  8.6255547e-003
  8.4202116e-003
  8.6652307e-003
  8.4603847e-003
  8.6426372e-003
  8.6563662e-003
  8.6290768e-003
  8.8835172e-003
  8.6578324e-003
  8.7957624e-003
  8.6630707e-003
  8.4344585e-003
  8.6854087e-003
  8.7013852e-003
  8.7083736e-003
  8.8060285e-003
  8.5203661e-003
  8.5530916e-003
  8.8943795e-003
  8.6737551e-003
  8.4512203e-003
  8.8372059e-003
  8.8130518e-003
  8.4421118e-003
  8.7547518e-003
  8.8521778e-003
  8.5788050e-003
  8.6983070e-003
  8.6307236e-003
  8.8740743e-003
  8.6502861e-003
  8.5637225e-003
  8.7849821e-003
  8.7918664e-003
  8.7751979e-003
  8.5487496e-003
  8.6926272e-003
  8.8548016e-003
  8.7528513e-003
  8.7685003e-003
  8.5068965e-003
  8.8663451e-003
  8.8684725e-003
  8.7247260e-003
  8.7867508e-003
  8.6238716e-003
  8.6704366e-003
  8.9974374e-003
  8.9252031e-003
  8.6486081e-003
  8.6135970e-003
  8.8323646e-003
  8.9721715e-003
  8.8672542e-003
  8.7357776e-003
  8.6919329e-003
  8.7615636e-003
  8.9029147e-003
  9.0365651e-003
  8.9871995e-003
  8.8434478e-003
  8.6750600e-003
  8.6012295e-003
  8.7054746e-003
