  7.7452743e-003
  7.5936034e-003
  7.3824736e-003
  7.5308859e-003
  7.5292896e-003
  7.5491376e-003
  7.7476562e-003
  7.4072277e-003
  7.5024805e-003
  7.4743648e-003
  7.6762864e-003
  7.6239698e-003
  7.4584154e-003
  7.4683462e-003
  7.5773504e-003
  7.6167775e-003
  7.5881903e-003
  7.3559127e-003
  7.6275977e-003
  7.5421970e-003
  7.6064772e-003
  7.4592432e-003
  7.4416879e-003
  7.7563904e-003
  7.5176170e-003
  7.3522054e-003
  7.6687441e-003
  7.6948579e-003
  7.3612857e-003
  7.5004168e-003
  7.7364864e-003
  7.5200774e-003
  7.4806061e-003
  7.5281661e-003
  7.4313004e-003
  7.6153904e-003
  7.7393294e-003
  7.4899039e-003
  7.5959745e-003
  7.4705202e-003
  7.3512367e-003
  7.5604482e-003
  7.3847094e-003
  7.5600742e-003
  7.5460314e-003
  7.5038523e-003
  7.6532421e-003
  7.4664799e-003
  7.6582964e-003
  7.4301830e-003
  7.6159610e-003
  7.3872958e-003
  7.5383307e-003
  7.3527077e-003
  7.5494076e-003
  7.4226835e-003
  7.7037601e-003
  7.5477047e-003
  7.7503361e-003
  7.4524420e-003
  7.4907602e-003
  7.4615610e-003
  7.5289249e-003
  7.7509816e-003
  7.4446435e-003
  7.4913746e-003
  7.5314629e-003
  7.5475317e-003
  7.6491501e-003
  7.4405854e-003
  7.4787201e-003
  7.7048360e-003
  7.4873134e-003
  7.4381301e-003
  7.6506804e-003
  7.5484068e-003
  7.5283113e-003
  7.4948774e-003
  7.4434828e-003
  7.7476930e-003
  7.5307815e-003
  7.4506269e-003
  7.4928052e-003
  7.4496034e-003
  7.7459938e-003
  7.5463597e-003
  7.7020428e-003
  7.4227037e-003
  7.5552229e-003
  7.3548662e-003
  7.5386439e-003
  7.3846002e-003
  7.6101771e-003
  7.4300818e-003
  7.6598999e-003
  7.4611450e-003
  7.6512557e-003
  7.5019268e-003
  7.5490394e-003
  7.5621584e-003
  7.3868231e-003
  7.5612414e-003
  7.3515297e-003
  7.4724631e-003
  7.5912289e-003
  7.4925443e-003
  7.7393590e-003
  7.6236729e-003
  7.4315940e-003
  7.5404854e-003
  7.4970785e-003
  7.5284253e-003
  7.7383849e-003
  7.5137133e-003
  7.3723511e-003
  7.6968684e-003
  7.6891208e-003
  7.3642095e-003
  7.5346189e-003
  7.7686232e-003
  7.4642040e-003
  7.4907872e-003
  7.6299381e-003
  7.5808406e-003
  7.6754676e-003
  7.3854906e-003
  7.6387506e-003
  7.6655684e-003
  7.6240815e-003
  7.5098901e-003
  7.5244121e-003
  7.6835038e-003
  7.7205729e-003
  7.5427337e-003
  7.5882282e-003
  7.4793576e-003
  7.8201354e-003
  7.6586945e-003
  7.6153465e-003
  7.6412344e-003
  7.4788950e-003
  7.7109445e-003
  7.8641827e-003
  7.6494568e-003
  7.5620622e-003
  7.6584929e-003
  7.6862574e-003
  7.6777330e-003
  7.7245029e-003
  7.8083630e-003
  7.7721414e-003
  7.6497645e-003
  7.6097950e-003
  7.6645793e-003
  7.7423122e-003
  7.7853865e-003
  7.7435538e-003
  7.6953875e-003
  7.7380096e-003
  7.8525893e-003
