  6.4819959e-003
  6.6574734e-003
  6.7187888e-003
  6.4673203e-003
  6.5079371e-003
  6.5261468e-003
  6.5044734e-003
  6.7495698e-003
  6.5278016e-003
  6.5659893e-003
  6.4307353e-003
  6.5837914e-003
  6.6328931e-003
  6.6411823e-003
  6.4638525e-003
  6.5340998e-003
  6.5172368e-003
  6.7483064e-003
  6.4658482e-003
  6.5188495e-003
  6.5647844e-003
  6.5778083e-003
  6.6594150e-003
  6.4369579e-003
  6.5002884e-003
  6.7403281e-003
  6.5434570e-003
  6.3838780e-003
  6.6388816e-003
  6.7004151e-003
  6.4636781e-003
  6.4842712e-003
  6.5995547e-003
  6.5445135e-003
  6.6470222e-003
  6.6652518e-003
  6.4181144e-003
  6.4804657e-003
  6.5483978e-003
  6.4452337e-003
  6.6581918e-003
  6.6233654e-003
  6.5904468e-003
  6.7460514e-003
  6.5591164e-003
  6.7162445e-003
  6.6230889e-003
  6.6380750e-003
  6.6994454e-003
  6.5833220e-003
  6.7278458e-003
  6.5335375e-003
  6.6805474e-003
  6.4394671e-003
  6.5765071e-003
  6.3716467e-003
  6.5883612e-003
  6.4876247e-003
  6.7201403e-003
  6.5815422e-003
  6.5678784e-003
  6.4819135e-003
  6.4535523e-003
  6.7200192e-003
  6.5365508e-003
  6.5530489e-003
  6.4992005e-003
  6.5451578e-003
  6.7054616e-003
  6.4450989e-003
  6.4837212e-003
  6.7378769e-003
  6.4848940e-003
  6.4454901e-003
  6.7070982e-003
  6.5444739e-003
  6.4979699e-003
  6.5530133e-003
  6.5365233e-003
  6.7173649e-003
  6.4533642e-003
  6.4826429e-003
  6.5672941e-003
  6.5798636e-003
  6.7195787e-003
  6.4867230e-003
  6.5868882e-003
  6.3707416e-003
  6.5759997e-003
  6.4401344e-003
  6.6795802e-003
  6.5336532e-003
  6.7277769e-003
  6.5827108e-003
  6.6992050e-003
  6.6386451e-003
  6.6213489e-003
  6.7168722e-003
  6.5607216e-003
  6.7466984e-003
  6.5920489e-003
  6.6235919e-003
  6.6604710e-003
  6.4469664e-003
  6.5515590e-003
  6.4840310e-003
  6.4215491e-003
  6.6711261e-003
  6.6514612e-003
  6.5499052e-003
  6.6078192e-003
  6.4920544e-003
  6.4722180e-003
  6.7107572e-003
  6.6511635e-003
  6.3991424e-003
  6.5588312e-003
  6.7570744e-003
  6.5164331e-003
  6.4583811e-003
  6.6847601e-003
  6.6045416e-003
  6.5925730e-003
  6.5518746e-003
  6.5013617e-003
  6.7872224e-003
  6.5567961e-003
  6.5802033e-003
  6.5132582e-003
  6.6942908e-003
  6.6894965e-003
  6.6484815e-003
  6.4986282e-003
  6.6400752e-003
  6.6085521e-003
  6.8371001e-003
  6.5948000e-003
  6.6231241e-003
  6.6116581e-003
  6.5781978e-003
  6.8425931e-003
  6.7829848e-003
  6.6101799e-003
  6.6802843e-003
  6.6819172e-003
  6.6192118e-003
  6.7372322e-003
  6.9008356e-003
  6.8567820e-003
  6.6636751e-003
  6.5578825e-003
  6.6389772e-003
  6.8142147e-003
  6.9450516e-003
  6.9511827e-003
  6.8443667e-003
  6.7091920e-003
  6.6258168e-003
  6.6350793e-003
  6.7169591e-003
