  5.6959573e-003
  5.6361989e-003
  5.6725339e-003
  5.8632723e-003
  5.7138254e-003
  5.6609293e-003
  5.6791442e-003
  5.5648656e-003
  5.8128051e-003
  5.7114831e-003
  5.7913055e-003
  5.6008103e-003
  5.6635725e-003
  5.6484632e-003
  5.8309135e-003
  5.6793701e-003
  5.7305175e-003
  5.5433904e-003
  5.7705170e-003
  5.7707596e-003
  5.6580576e-003
  5.6977788e-003
  5.6234593e-003
  5.7519383e-003
  5.8009216e-003
  5.5822225e-003
  5.6235543e-003
  5.8446899e-003
  5.7348420e-003
  5.5575421e-003
  5.6858714e-003
  5.7925074e-003
  5.6972088e-003
  5.7166676e-003
  5.7054914e-003
  5.5528152e-003
  5.6553823e-003
  5.8018310e-003
  5.6974877e-003
  5.7907250e-003
  5.8143867e-003
  5.6506303e-003
  5.7701007e-003
  5.6723074e-003
  5.6328472e-003
  5.7360807e-003
  5.5844224e-003
  5.7433444e-003
  5.6407138e-003
  5.7283261e-003
  5.7423824e-003
  5.7313419e-003
  5.8216343e-003
  5.7140488e-003
  5.7853393e-003
  5.6071688e-003
  5.6730703e-003
  5.5792323e-003
  5.7377223e-003
  5.7496137e-003
  5.7514283e-003
  5.6948380e-003
  5.5537636e-003
  5.7757181e-003
  5.6988629e-003
  5.7479677e-003
  5.6192122e-003
  5.6467802e-003
  5.8539125e-003
  5.6023338e-003
  5.6190674e-003
  5.8587708e-003
  5.6204534e-003
  5.6017098e-003
  5.8549099e-003
  5.6460628e-003
  5.6186853e-003
  5.7474566e-003
  5.6986735e-003
  5.7751449e-003
  5.5539993e-003
  5.6942703e-003
  5.7534903e-003
  5.7503245e-003
  5.7360775e-003
  5.5780507e-003
  5.6733417e-003
  5.6066265e-003
  5.7857373e-003
  5.7142547e-003
  5.8217675e-003
  5.7313621e-003
  5.7436772e-003
  5.7268150e-003
  5.6401992e-003
  5.7436519e-003
  5.5838777e-003
  5.7374898e-003
  5.6334660e-003
  5.6727727e-003
  5.7708073e-003
  5.6527210e-003
  5.8168358e-003
  5.7930110e-003
  5.7018366e-003
  5.8058226e-003
  5.6591098e-003
  5.5587718e-003
  5.7125965e-003
  5.7231057e-003
  5.7047673e-003
  5.7998000e-003
  5.6955994e-003
  5.5694087e-003
  5.7462210e-003
  5.8583112e-003
  5.6410904e-003
  5.5999460e-003
  5.8203578e-003
  5.7757497e-003
  5.6494781e-003
  5.7272686e-003
  5.6876694e-003
  5.8053803e-003
  5.8077977e-003
  5.5851740e-003
  5.7750355e-003
  5.7277669e-003
  5.8884285e-003
  5.7046099e-003
  5.7271419e-003
  5.6714880e-003
  5.8716340e-003
  5.7944212e-003
  5.8981715e-003
  5.6584730e-003
  5.7807605e-003
  5.7669615e-003
  5.8276148e-003
  5.9899605e-003
  5.8046392e-003
  5.7760927e-003
  5.8446825e-003
  5.7605347e-003
  5.8226725e-003
  6.0176968e-003
  6.0138604e-003
  5.8517883e-003
  5.7795964e-003
  5.8499935e-003
  5.9358019e-003
  5.9665195e-003
  5.9586162e-003
  5.9382177e-003
  5.9192357e-003
  5.8996578e-003
  5.8911981e-003
  5.9192250e-003
  5.9849444e-003
  6.0744267e-003
