  5.2885732e-003
  5.3894458e-003
  5.4748602e-003
  5.4134905e-003
  5.5631385e-003
  5.4759699e-003
  5.3359318e-003
  5.4302474e-003
  5.3335181e-003
  5.5573322e-003
  5.4476819e-003
  5.4971851e-003
  5.3193240e-003
  5.4278216e-003
  5.3937685e-003
  5.5885261e-003
  5.3822504e-003
  5.4368622e-003
  5.3376227e-003
  5.4734639e-003
  5.5669318e-003
  5.3328770e-003
  5.3960811e-003
  5.4881086e-003
  5.4329805e-003
  5.4412688e-003
  5.4272143e-003
  5.4151086e-003
  5.4435150e-003
  5.4295561e-003
  5.4531971e-003
  5.4875602e-003
  5.3649004e-003
  5.3213618e-003
  5.5219963e-003
  5.5460557e-003
  5.4067552e-003
  5.4702816e-003
  5.4141640e-003
  5.2823841e-003
  5.4166964e-003
  5.3688697e-003
  5.3421237e-003
  5.4895599e-003
  5.3537534e-003
  5.4552840e-003
  5.4387028e-003
  5.3677003e-003
  5.4733679e-003
  5.3075552e-003
  5.4370500e-003
  5.2908680e-003
  5.4157136e-003
  5.3542304e-003
  5.4868294e-003
  5.4637605e-003
  5.5428304e-003
  5.4154469e-003
  5.4309588e-003
  5.2971898e-003
  5.4941012e-003
  5.4266449e-003
  5.5521324e-003
  5.3248032e-003
  5.3895844e-003
  5.5156751e-003
  5.4146962e-003
  5.4400111e-003
  5.3703824e-003
  5.4773613e-003
  5.4792944e-003
  5.3279796e-003
  5.4794744e-003
  5.4771671e-003
  5.3710013e-003
  5.4400640e-003
  5.4136240e-003
  5.5150910e-003
  5.3891859e-003
  5.3245929e-003
  5.5528820e-003
  5.4264575e-003
  5.4961827e-003
  5.2964916e-003
  5.4288254e-003
  5.4151795e-003
  5.5431405e-003
  5.4644713e-003
  5.4868349e-003
  5.3543024e-003
  5.4158167e-003
  5.2912367e-003
  5.4379747e-003
  5.3062854e-003
  5.4723292e-003
  5.3679402e-003
  5.4376291e-003
  5.4569597e-003
  5.3545535e-003
  5.4899711e-003
  5.3426438e-003
  5.3714273e-003
  5.4204767e-003
  5.2842842e-003
  5.4183612e-003
  5.4746456e-003
  5.4104249e-003
  5.5539987e-003
  5.5278870e-003
  5.3287076e-003
  5.3724381e-003
  5.4952283e-003
  5.4642107e-003
  5.4417224e-003
  5.4555591e-003
  5.4296125e-003
  5.4441902e-003
  5.4592333e-003
  5.4537911e-003
  5.5125479e-003
  5.4211100e-003
  5.3619812e-003
  5.5983808e-003
  5.5090236e-003
  5.3750349e-003
  5.4823425e-003
  5.4277690e-003
  5.6401015e-003
  5.4502564e-003
  5.4865102e-003
  5.3848212e-003
  5.5727650e-003
  5.5284997e-003
  5.6451569e-003
  5.4221200e-003
  5.5304193e-003
  5.4382061e-003
  5.5875605e-003
  5.6822520e-003
  5.5421658e-003
  5.6162849e-003
  5.5332385e-003
  5.4409420e-003
  5.6195179e-003
  5.7240554e-003
  5.6407704e-003
  5.6266909e-003
  5.6825877e-003
  5.6428747e-003
  5.5511187e-003
  5.5413216e-003
  5.6504197e-003
  5.7845999e-003
  5.8425370e-003
  5.8016890e-003
  5.7024805e-003
  5.6127334e-003
  5.5781085e-003
  5.6053452e-003
  5.6697504e-003
