  4.8668386e-003
  4.9128266e-003
  4.9160332e-003
  4.8456005e-003
  5.0301158e-003
  5.0164595e-003
  4.9495294e-003
  4.9872148e-003
  4.8030679e-003
  4.9594060e-003
  4.9007859e-003
  5.0685600e-003
  4.9299852e-003
  4.9679341e-003
  4.8071405e-003
  4.9933380e-003
  4.9309866e-003
  5.0524444e-003
  4.9003012e-003
  4.8424385e-003
  5.0007748e-003
  4.9448825e-003
  4.9799514e-003
  4.9365122e-003
  4.8433517e-003
  4.9848762e-003
  5.0556241e-003
  4.8734801e-003
  4.8406474e-003
  5.0164185e-003
  5.0227008e-003
  4.8949638e-003
  4.9112980e-003
  4.9332913e-003
  4.8753085e-003
  4.9781794e-003
  5.0835066e-003
  4.9380654e-003
  4.9223042e-003
  4.9721725e-003
  4.8233210e-003
  4.8742261e-003
  4.9197315e-003
  4.8043262e-003
  4.9329900e-003
  4.8642631e-003
  4.8489939e-003
  4.9319949e-003
  4.8011185e-003
  4.9375850e-003
  4.8289700e-003
  4.9396139e-003
  4.9296200e-003
  4.9895403e-003
  5.0169716e-003
  4.9789343e-003
  4.9523012e-003
  4.8672097e-003
  4.8821837e-003
  4.9528961e-003
  4.9870020e-003
  5.0150943e-003
  4.8273461e-003
  4.9566098e-003
  4.9206438e-003
  5.0351329e-003
  4.8833616e-003
  4.8623080e-003
  5.0832369e-003
  4.8764722e-003
  4.8730060e-003
  5.0683814e-003
  4.8736886e-003
  4.8762844e-003
  5.0820435e-003
  4.8628693e-003
  4.8829420e-003
  5.0351628e-003
  4.9201011e-003
  4.9578408e-003
  4.8259764e-003
  5.0167050e-003
  4.9852841e-003
  4.9521369e-003
  4.8823059e-003
  4.8660886e-003
  4.9530229e-003
  4.9782898e-003
  5.0181316e-003
  4.9908848e-003
  4.9287598e-003
  4.9409486e-003
  4.8281340e-003
  4.9370478e-003
  4.8016616e-003
  4.9305988e-003
  4.8494123e-003
  4.8660304e-003
  4.9340078e-003
  4.8048834e-003
  4.9204517e-003
  4.8774508e-003
  4.8267892e-003
  4.9741683e-003
  4.9261297e-003
  4.9432434e-003
  5.0862904e-003
  4.9851723e-003
  4.8808795e-003
  4.9411670e-003
  4.9190930e-003
  4.9035753e-003
  5.0340210e-003
  5.0287392e-003
  4.8551879e-003
  4.8885363e-003
  5.0722766e-003
  5.0058307e-003
  4.8650298e-003
  4.9604857e-003
  5.0081275e-003
  4.9768889e-003
  5.0351502e-003
  4.8809247e-003
  4.9405511e-003
  5.0978476e-003
  4.9803896e-003
  5.0472956e-003
  4.8654895e-003
  5.0348145e-003
  5.0010864e-003
  5.1493458e-003
  4.9829562e-003
  5.0503306e-003
  4.9000802e-003
  5.0939803e-003
  5.0618723e-003
  5.1378592e-003
  5.1626996e-003
  4.9838753e-003
  5.0669369e-003
  5.0697760e-003
  5.0347249e-003
  5.2048037e-003
  5.2675712e-003
  5.1403726e-003
  5.0959976e-003
  5.1559907e-003
  5.1642613e-003
  5.1169592e-003
  5.1247879e-003
  5.2154765e-003
  5.3151037e-003
  5.3478772e-003
  5.2987101e-003
  5.2165477e-003
  5.1516674e-003
  5.1345252e-003
  5.1687391e-003
  5.2240582e-003
