  4.4795261e-003
  4.5330292e-003
  4.4859078e-003
  4.3652992e-003
  4.4977016e-003
  4.4955114e-003
  4.5219932e-003
  4.6015411e-003
  4.4369389e-003
  4.5079201e-003
  4.3711085e-003
  4.5320251e-003
  4.4786571e-003
  4.6164798e-003
  4.4347285e-003
  4.5004443e-003
  4.3840611e-003
  4.5415701e-003
  4.5594022e-003
  4.4668164e-003
  4.5040397e-003
  4.4023571e-003
  4.5058710e-003
  4.6175040e-003
  4.4409624e-003
  4.3863564e-003
  4.5584826e-003
  4.5808315e-003
  4.4194397e-003
  4.3997052e-003
  4.5687157e-003
  4.6007804e-003
  4.4274404e-003
  4.3953880e-003
  4.5098474e-003
  4.4956979e-003
  4.4877163e-003
  4.6080335e-003
  4.5457560e-003
  4.4472908e-003
  4.5302512e-003
  4.4511932e-003
  4.3965214e-003
  4.5006996e-003
  4.3887271e-003
  4.4317792e-003
  4.4717327e-003
  4.3812163e-003
  4.5154198e-003
  4.4234893e-003
  4.5258110e-003
  4.5251612e-003
  4.5342119e-003
  4.5837656e-003
  4.4753933e-003
  4.5141142e-003
  4.3758443e-003
  4.4935059e-003
  4.4612894e-003
  4.5949364e-003
  4.4832418e-003
  4.4544642e-003
  4.4495752e-003
  4.5051785e-003
  4.5870390e-003
  4.3787262e-003
  4.5134822e-003
  4.5224551e-003
  4.4716654e-003
  4.4860128e-003
  4.4763771e-003
  4.5117650e-003
  4.4765092e-003
  4.4860230e-003
  4.4718656e-003
  4.5231139e-003
  4.5121755e-003
  4.3780955e-003
  4.5889686e-003
  4.5034605e-003
  4.4480669e-003
  4.4547476e-003
  4.4814012e-003
  4.5957660e-003
  4.4607010e-003
  4.4929996e-003
  4.3771696e-003
  4.5135564e-003
  4.4754774e-003
  4.5826930e-003
  4.5338379e-003
  4.5254532e-003
  4.5252816e-003
  4.4239975e-003
  4.5162028e-003
  4.3797508e-003
  4.4739070e-003
  4.4328232e-003
  4.3910688e-003
  4.5004728e-003
  4.3981100e-003
  4.4552714e-003
  4.5344647e-003
  4.4490895e-003
  4.5506155e-003
  4.6134921e-003
  4.4940867e-003
  4.5006921e-003
  4.5152148e-003
  4.4029603e-003
  4.4377658e-003
  4.6103709e-003
  4.5802266e-003
  4.4128580e-003
  4.4348484e-003
  4.5981002e-003
  4.5778105e-003
  4.4076153e-003
  4.4623336e-003
  4.6449311e-003
  4.5355738e-003
  4.4340109e-003
  4.5385508e-003
  4.5087165e-003
  4.6046101e-003
  4.5906306e-003
  4.4359183e-003
  4.5590947e-003
  4.4992752e-003
  4.6881257e-003
  4.5549537e-003
  4.6164814e-003
  4.4579960e-003
  4.6056279e-003
  4.5431507e-003
  4.7214973e-003
  4.6462620e-003
  4.6277349e-003
  4.6409634e-003
  4.5141504e-003
  4.6483847e-003
  4.7075560e-003
  4.6677388e-003
  4.7798756e-003
  4.8006138e-003
  4.6597677e-003
  4.6235541e-003
  4.7130377e-003
  4.7617922e-003
  4.7439184e-003
  4.7508501e-003
  4.8153165e-003
  4.8858064e-003
  4.8985973e-003
  4.8544744e-003
  4.7907682e-003
  4.7442153e-003
  4.7410579e-003
  4.7707635e-003
  4.8163261e-003
