  4.4033422e-003
  4.2927977e-003
  4.2472109e-003
  4.2915427e-003
  4.1724004e-003
  4.2689363e-003
  4.3299160e-003
  4.2914917e-003
  4.3899520e-003
  4.2149650e-003
  4.2881979e-003
  4.1692838e-003
  4.3363749e-003
  4.2726045e-003
  4.3948846e-003
  4.2155455e-003
  4.2699676e-003
  4.2209269e-003
  4.2952544e-003
  4.3884884e-003
  4.2268157e-003
  4.2534899e-003
  4.2752908e-003
  4.2648996e-003
  4.3543836e-003
  4.2948934e-003
  4.1823099e-003
  4.2729135e-003
  4.3825413e-003
  4.2893709e-003
  4.1971265e-003
  4.2668950e-003
  4.3116216e-003
  4.2758870e-003
  4.3312347e-003
  4.3541814e-003
  4.2102303e-003
  4.1899371e-003
  4.2833949e-003
  4.2181912e-003
  4.2358251e-003
  4.3492535e-003
  4.2648578e-003
  4.3091586e-003
  4.3658208e-003
  4.2575369e-003
  4.3568629e-003
  4.2932986e-003
  4.2633366e-003
  4.3132811e-003
  4.1818889e-003
  4.2824754e-003
  4.1664696e-003
  4.2879631e-003
  4.2572524e-003
  4.3588642e-003
  4.3144780e-003
  4.3066096e-003
  4.2062572e-003
  4.2543491e-003
  4.2641909e-003
  4.3883935e-003
  4.2243512e-003
  4.2793975e-003
  4.2193935e-003
  4.3799117e-003
  4.2601391e-003
  4.1938013e-003
  4.3837849e-003
  4.2447870e-003
  4.2310147e-003
  4.3593968e-003
  4.2314086e-003
  4.2448857e-003
  4.3844573e-003
  4.1936039e-003
  4.2595649e-003
  4.3788355e-003
  4.2205575e-003
  4.2787185e-003
  4.2225726e-003
  4.3886955e-003
  4.2635589e-003
  4.2544365e-003
  4.2067377e-003
  4.3052146e-003
  4.3154357e-003
  4.3587334e-003
  4.2560013e-003
  4.2867748e-003
  4.1668228e-003
  4.2829782e-003
  4.1819929e-003
  4.3137504e-003
  4.2642469e-003
  4.2918682e-003
  4.3595686e-003
  4.2575817e-003
  4.3688181e-003
  4.3105123e-003
  4.2655707e-003
  4.3540462e-003
  4.2388799e-003
  4.2208142e-003
  4.2880662e-003
  4.1943260e-003
  4.2161669e-003
  4.3585694e-003
  4.3373357e-003
  4.2841397e-003
  4.3212269e-003
  4.2771375e-003
  4.2084452e-003
  4.3030860e-003
  4.4000014e-003
  4.2899571e-003
  4.2014754e-003
  4.3164644e-003
  4.3773759e-003
  4.2916011e-003
  4.3051902e-003
  4.2861410e-003
  4.2628262e-003
  4.4323677e-003
  4.3423833e-003
  4.2691819e-003
  4.3252245e-003
  4.2757669e-003
  4.4637923e-003
  4.3458631e-003
  4.4163414e-003
  4.2536059e-003
  4.3821511e-003
  4.3159459e-003
  4.5027866e-003
  4.4123417e-003
  4.4618263e-003
  4.4058312e-003
  4.3192007e-003
  4.4522958e-003
  4.4163598e-003
  4.4762150e-003
  4.6090077e-003
  4.5225299e-003
  4.4572472e-003
  4.5189288e-003
  4.5137489e-003
  4.4462314e-003
  4.4752096e-003
  4.6048646e-003
  4.7059560e-003
  4.6992176e-003
  4.6276369e-003
  4.5576118e-003
  4.5256744e-003
  4.5343401e-003
  4.5730190e-003
  4.6303455e-003
  4.6956293e-003
  4.7572161e-003
