  3.0703023e+003
  3.1225268e+003
  3.1431639e+003
  3.1063298e+003
  3.0573223e+003
  3.0577518e+003
  3.1122377e+003
  3.1628021e+003
  3.1565184e+003
  3.1060646e+003
  3.0722673e+003
  3.0903762e+003
  3.1276966e+003
  3.1218910e+003
  3.0535788e+003
  2.9679932e+003
  2.9225408e+003
  2.9234695e+003
  2.9239450e+003
  2.8820646e+003
  2.8104116e+003
  2.7625811e+003
  2.7742478e+003
  2.8243183e+003
  2.8571836e+003
  2.8405719e+003
  2.7961068e+003
  2.7702693e+003
  2.7791687e+003
  2.7892327e+003
  2.7548277e+003
  2.6698960e+003
  2.5771670e+003
  2.5273598e+003
  2.5328119e+003
  2.5606794e+003
  2.5680476e+003
  2.5421770e+003
  2.5073692e+003
  2.4936296e+003
  2.5006225e+003
  2.4955725e+003
  2.4476288e+003
  2.3620550e+003
  2.2792747e+003
  2.2412326e+003
  2.2570912e+003
  2.2966164e+003
  2.3146962e+003
  2.2862677e+003
  2.2227752e+003
  2.1572781e+003
  2.1144864e+003
  2.0943257e+003
  2.0799915e+003
  2.0571928e+003
  2.0261310e+003
  1.9984400e+003
  1.9832943e+003
  1.9753287e+003
  1.9571693e+003
  1.9157498e+003
  1.8561881e+003
  1.7994781e+003
  1.7669161e+003
  1.7642439e+003
  1.7761696e+003
  1.7755493e+003
  1.7426940e+003
  1.6805089e+003
  1.6123853e+003
  1.5649720e+003
  1.5501441e+003
  1.5580155e+003
  1.5639582e+003
  1.5454194e+003
  1.4977144e+003
  1.4364398e+003
  1.3846138e+003
  1.3560642e+003
  1.3476910e+003
  1.3438824e+003
  1.3285357e+003
  1.2965203e+003
  1.2559215e+003
  1.2190228e+003
  1.1909181e+003
  1.1667969e+003
  1.1390052e+003
  1.1057459e+003
  1.0735929e+003
  1.0517482e+003
  1.0422668e+003
  1.0351784e+003
  1.0150809e+003
  9.7472964e+002
  9.2268582e+002
  8.7727392e+002
  8.5220744e+002
  8.4614571e+002
  8.4441657e+002
  8.3133965e+002
  8.0285629e+002
  7.6821846e+002
  7.3933260e+002
  7.1878277e+002
  6.9870678e+002
  6.7074368e+002
  6.3589099e+002
  6.0420953e+002
  5.8508359e+002
  5.7780684e+002
  5.7178545e+002
  5.5638266e+002
  5.3069069e+002
  5.0325316e+002
  4.8227491e+002
  4.6710226e+002
  4.4999455e+002
  4.2551335e+002
  3.9680429e+002
  3.7223205e+002
  3.5660086e+002
  3.4654696e+002
  3.3463818e+002
  3.1733442e+002
  2.9817998e+002
  2.8311498e+002
  2.7347752e+002
  2.6457172e+002
  2.5111659e+002
  2.3308179e+002
  2.1533372e+002
  2.0192504e+002
  1.9183317e+002
  1.8074930e+002
  1.6631609e+002
  1.5063030e+002
  1.3753016e+002
  1.2824491e+002
  1.2038889e+002
  1.1101567e+002
  9.9896420e+001
  8.9403555e+001
  8.1551151e+001
  7.5797974e+001
  6.9931651e+001
  6.2674702e+001
  5.4934707e+001
  4.8503178e+001
  4.3956490e+001
  4.0158892e+001
  3.5714688e+001
  3.0562409e+001
  2.5982513e+001
  2.3184980e+001
  2.2088336e+001
  2.1484593e+001
  2.0237699e+001
  1.8238681e+001
