  3.2008031e-003
  3.1352302e-003
  3.1862303e-003
  3.2676270e-003
  3.1998085e-003
  3.2765706e-003
  3.2241527e-003
  3.1724612e-003
  3.1955515e-003
  3.1171373e-003
  3.2225776e-003
  3.1737648e-003
  3.2904144e-003
  3.1993635e-003
  3.2369809e-003
  3.1458011e-003
  3.1577023e-003
  3.2139786e-003
  3.1906862e-003
  3.2857577e-003
  3.1902652e-003
  3.1322272e-003
  3.2114291e-003
  3.2031239e-003
  3.2100219e-003
  3.2445646e-003
  3.1835795e-003
  3.1366009e-003
  3.2069831e-003
  3.2694016e-003
  3.2097969e-003
  3.1580003e-003
  3.1852257e-003
  3.1984638e-003
  3.1648197e-003
  3.2130748e-003
  3.2927132e-003
  3.2314230e-003
  3.1720303e-003
  3.2250425e-003
  3.1957369e-003
  3.1218970e-003
  3.1879862e-003
  3.1771572e-003
  3.1171523e-003
  3.1987615e-003
  3.1618079e-003
  3.1499820e-003
  3.2394425e-003
  3.1728708e-003
  3.2578889e-003
  3.2442126e-003
  3.2168150e-003
  3.2417289e-003
  3.1248119e-003
  3.1985952e-003
  3.1354821e-003
  3.2773048e-003
  3.1986288e-003
  3.2361510e-003
  3.1109629e-003
  3.2355390e-003
  3.1977751e-003
  3.2505142e-003
  3.1120957e-003
  3.2397579e-003
  3.2297002e-003
  3.1517375e-003
  3.2219296e-003
  3.1968339e-003
  3.1976024e-003
  3.1964444e-003
  3.1977236e-003
  3.1967357e-003
  3.2224168e-003
  3.1519665e-003
  3.2295776e-003
  3.2386937e-003
  3.1122794e-003
  3.2500761e-003
  3.1988316e-003
  3.2350210e-003
  3.1114037e-003
  3.2360995e-003
  3.1993444e-003
  3.2750316e-003
  3.1368872e-003
  3.1986052e-003
  3.1247608e-003
  3.2422042e-003
  3.2161815e-003
  3.2452342e-003
  3.2580447e-003
  3.1733720e-003
  3.2389799e-003
  3.1505118e-003
  3.1635545e-003
  3.2007049e-003
  3.1184019e-003
  3.1801435e-003
  3.1896417e-003
  3.1246904e-003
  3.1997280e-003
  3.2293529e-003
  3.1753787e-003
  3.2378327e-003
  3.2978647e-003
  3.2212118e-003
  3.1730540e-003
  3.2068961e-003
  3.1967995e-003
  3.1695295e-003
  3.2246433e-003
  3.2833730e-003
  3.2236796e-003
  3.1562766e-003
  3.2052361e-003
  3.2699036e-003
  3.2366238e-003
  3.2334013e-003
  3.2454327e-003
  3.1717064e-003
  3.2335641e-003
  3.3367194e-003
  3.2445780e-003
  3.2730995e-003
  3.2232997e-003
  3.2179976e-003
  3.3191478e-003
  3.2890153e-003
  3.3898842e-003
  3.2799002e-003
  3.3402086e-003
  3.2449845e-003
  3.3365729e-003
  3.3268741e-003
  3.3940305e-003
  3.4621558e-003
  3.4031137e-003
  3.4906868e-003
  3.4210813e-003
  3.3816101e-003
  3.4674980e-003
  3.4495870e-003
  3.4600044e-003
  3.5897422e-003
  3.6506753e-003
  3.6054317e-003
  3.5887039e-003
  3.6421306e-003
  3.6860710e-003
  3.6805785e-003
  3.6608301e-003
  3.6663831e-003
  3.7157324e-003
  3.7883818e-003
  3.8675110e-003
  3.9353545e-003
  3.9895066e-003
  4.0234095e-003
