  2.9172460e-003
  2.8304500e-003
  2.8615019e-003
  2.9067504e-003
  2.8571191e-003
  2.9540382e-003
  2.9321859e-003
  2.9310049e-003
  2.9474960e-003
  2.8584552e-003
  2.9000679e-003
  2.8271172e-003
  2.9166452e-003
  2.8888817e-003
  2.9653299e-003
  2.9285806e-003
  2.8916620e-003
  2.9014962e-003
  2.8211513e-003
  2.9265744e-003
  2.9365158e-003
  2.9024773e-003
  2.9347349e-003
  2.8669710e-003
  2.8357231e-003
  2.9416666e-003
  2.9807272e-003
  2.8776739e-003
  2.8227934e-003
  2.9012445e-003
  2.9840197e-003
  2.9353935e-003
  2.8381014e-003
  2.8448462e-003
  2.9177041e-003
  2.9189327e-003
  2.8919879e-003
  2.9543419e-003
  2.9734772e-003
  2.8939863e-003
  2.8986622e-003
  2.9461047e-003
  2.8770875e-003
  2.8749934e-003
  2.9380363e-003
  2.8718578e-003
  2.9044141e-003
  2.9566451e-003
  2.8934436e-003
  2.9707025e-003
  2.9341702e-003
  2.9028271e-003
  2.9277055e-003
  2.8245968e-003
  2.9002578e-003
  2.8573662e-003
  2.9613601e-003
  2.9148193e-003
  2.9088308e-003
  2.8463349e-003
  2.9065413e-003
  2.9227993e-003
  2.9328647e-003
  2.8318566e-003
  2.9372766e-003
  2.8987299e-003
  2.9197199e-003
  2.8447129e-003
  2.9551863e-003
  2.8944881e-003
  2.8462774e-003
  2.9839634e-003
  2.8453520e-003
  2.8956185e-003
  2.9556755e-003
  2.8450196e-003
  2.9187646e-003
  2.8987119e-003
  2.9372435e-003
  2.8313610e-003
  2.9313331e-003
  2.9233819e-003
  2.9067595e-003
  2.8458376e-003
  2.9079525e-003
  2.9151018e-003
  2.9601417e-003
  2.8577467e-003
  2.9014655e-003
  2.8257224e-003
  2.9274096e-003
  2.9038467e-003
  2.9350492e-003
  2.9732271e-003
  2.8945445e-003
  2.9554718e-003
  2.9051329e-003
  2.8748794e-003
  2.9404829e-003
  2.8774573e-003
  2.8794908e-003
  2.9492198e-003
  2.9013266e-003
  2.8991214e-003
  2.9791223e-003
  2.9574242e-003
  2.8991962e-003
  2.9251574e-003
  2.9259748e-003
  2.8542965e-003
  2.8496452e-003
  2.9484888e-003
  2.9970601e-003
  2.9171806e-003
  2.8400779e-003
  2.8985107e-003
  3.0034678e-003
  2.9668984e-003
  2.8644616e-003
  2.8993390e-003
  2.9736896e-003
  2.9446635e-003
  2.9832198e-003
  2.9796589e-003
  2.8777517e-003
  2.9639045e-003
  2.9610235e-003
  3.0079945e-003
  3.0541528e-003
  2.9838545e-003
  3.0252712e-003
  2.9414565e-003
  3.0315276e-003
  2.9993350e-003
  3.1052146e-003
  3.1053565e-003
  3.1266582e-003
  3.1676503e-003
  3.0780823e-003
  3.1506715e-003
  3.1237498e-003
  3.1281324e-003
  3.2497263e-003
  3.2420860e-003
  3.2256157e-003
  3.3226242e-003
  3.3919757e-003
  3.3924114e-003
  3.4413555e-003
  3.5371475e-003
  3.5875229e-003
  3.5414129e-003
  3.4414038e-003
  3.3568889e-003
  3.3204987e-003
  3.3296217e-003
  3.3697587e-003
  3.4216272e-003
  3.4726157e-003
  3.5157864e-003
