  2.6789358e-003
  2.5929167e-003
  2.6074577e-003
  2.6205550e-003
  2.5569378e-003
  2.6321739e-003
  2.6129415e-003
  2.6473665e-003
  2.6792159e-003
  2.6449662e-003
  2.6769186e-003
  2.5951246e-003
  2.6228772e-003
  2.5744575e-003
  2.6207930e-003
  2.6471592e-003
  2.6445901e-003
  2.6980971e-003
  2.5934817e-003
  2.6159529e-003
  2.6099606e-003
  2.5891662e-003
  2.6846593e-003
  2.6808655e-003
  2.5844767e-003
  2.5914055e-003
  2.6462762e-003
  2.6565035e-003
  2.6244103e-003
  2.6046864e-003
  2.6230467e-003
  2.6640699e-003
  2.6653591e-003
  2.5984665e-003
  2.5564275e-003
  2.6149450e-003
  2.6762921e-003
  2.6397501e-003
  2.6359040e-003
  2.6967489e-003
  2.6742798e-003
  2.6217165e-003
  2.6737190e-003
  2.6751641e-003
  2.6167067e-003
  2.6794530e-003
  2.6772099e-003
  2.6307753e-003
  2.6970134e-003
  2.6370124e-003
  2.6183049e-003
  2.6375678e-003
  2.5550263e-003
  2.6319626e-003
  2.6039021e-003
  2.6752082e-003
  2.6556375e-003
  2.6116187e-003
  2.6024270e-003
  2.6040362e-003
  2.6830670e-003
  2.6240102e-003
  2.6067997e-003
  2.6108583e-003
  2.6641202e-003
  2.6293752e-003
  2.5747028e-003
  2.6974273e-003
  2.5887727e-003
  2.6277209e-003
  2.6561589e-003
  2.5908771e-003
  2.6549720e-003
  2.6281132e-003
  2.5898958e-003
  2.6987248e-003
  2.5741720e-003
  2.6285577e-003
  2.6643139e-003
  2.6107261e-003
  2.6053774e-003
  2.6244315e-003
  2.6843763e-003
  2.6032019e-003
  2.6028830e-003
  2.6106148e-003
  2.6568002e-003
  2.6738974e-003
  2.6052298e-003
  2.6340285e-003
  2.5548957e-003
  2.6370429e-003
  2.6188297e-003
  2.6377350e-003
  2.6990734e-003
  2.6308471e-003
  2.6795882e-003
  2.6801579e-003
  2.6197049e-003
  2.6786014e-003
  2.6766175e-003
  2.6242955e-003
  2.6784859e-003
  2.7023837e-003
  2.6405592e-003
  2.6463025e-003
  2.6802865e-003
  2.6231622e-003
  2.5645225e-003
  2.6075400e-003
  2.6778122e-003
  2.6772684e-003
  2.6388645e-003
  2.6212411e-003
  2.6431766e-003
  2.6772770e-003
  2.6726410e-003
  2.6164393e-003
  2.6170254e-003
  2.7167746e-003
  2.7250321e-003
  2.6321721e-003
  2.6577520e-003
  2.6713522e-003
  2.6540414e-003
  2.7678326e-003
  2.7222308e-003
  2.7315617e-003
  2.7154334e-003
  2.6760568e-003
  2.7397289e-003
  2.7223976e-003
  2.8207365e-003
  2.8018762e-003
  2.8613721e-003
  2.8398007e-003
  2.8207912e-003
  2.8652343e-003
  2.8137885e-003
  2.9181197e-003
  2.9166378e-003
  2.9036247e-003
  3.0183879e-003
  3.0661481e-003
  3.1227127e-003
  3.2608537e-003
  3.2894041e-003
  3.1661207e-003
  3.0504455e-003
  3.0433893e-003
  3.1100189e-003
  3.2164399e-003
  3.3697324e-003
  3.5703845e-003
  3.7934519e-003
  3.9979183e-003
  4.1548397e-003
  4.2567366e-003
  4.3105498e-003
  4.3311304e-003
