  2.5034165e-003
  2.5491115e-003
  2.4926379e-003
  2.4556778e-003
  2.5074134e-003
  2.4374503e-003
  2.4924936e-003
  2.4989241e-003
  2.5061989e-003
  2.5573540e-003
  2.5166170e-003
  2.5456466e-003
  2.4767864e-003
  2.4889036e-003
  2.4607256e-003
  2.4762260e-003
  2.5374678e-003
  2.4991855e-003
  2.5664077e-003
  2.4933718e-003
  2.4544845e-003
  2.5059413e-003
  2.4821722e-003
  2.5067322e-003
  2.5617061e-003
  2.5065026e-003
  2.4309080e-003
  2.4792864e-003
  2.5627104e-003
  2.5526678e-003
  2.4642057e-003
  2.4338971e-003
  2.5001771e-003
  2.5631222e-003
  2.5298502e-003
  2.4922697e-003
  2.5230364e-003
  2.5174236e-003
  2.4497061e-003
  2.4470277e-003
  2.4989257e-003
  2.4640675e-003
  2.4364659e-003
  2.4951756e-003
  2.4692426e-003
  2.4344665e-003
  2.4969093e-003
  2.4608959e-003
  2.4592926e-003
  2.5321141e-003
  2.4870185e-003
  2.5504174e-003
  2.5425770e-003
  2.4881750e-003
  2.5097051e-003
  2.4301874e-003
  2.5242584e-003
  2.4983665e-003
  2.5556150e-003
  2.4632789e-003
  2.4878878e-003
  2.4929777e-003
  2.5582175e-003
  2.4551370e-003
  2.5065006e-003
  2.4988530e-003
  2.5390042e-003
  2.4379265e-003
  2.5476247e-003
  2.5044747e-003
  2.4489304e-003
  2.5723814e-003
  2.4487645e-003
  2.5040843e-003
  2.5495616e-003
  2.4378280e-003
  2.5402712e-003
  2.4985011e-003
  2.5064592e-003
  2.4541498e-003
  2.5560833e-003
  2.4924577e-003
  2.4896650e-003
  2.4620454e-003
  2.5559334e-003
  2.4978838e-003
  2.5250742e-003
  2.4294551e-003
  2.5118118e-003
  2.4897142e-003
  2.5417500e-003
  2.5503996e-003
  2.4869483e-003
  2.5330416e-003
  2.4606976e-003
  2.4623290e-003
  2.4985590e-003
  2.4353372e-003
  2.4724601e-003
  2.4987795e-003
  2.4391924e-003
  2.4668835e-003
  2.5030510e-003
  2.4515620e-003
  2.4549931e-003
  2.5238448e-003
  2.5273698e-003
  2.5007402e-003
  2.5382472e-003
  2.5722265e-003
  2.5126941e-003
  2.4466405e-003
  2.4805959e-003
  2.5694635e-003
  2.5831987e-003
  2.5003182e-003
  2.4564779e-003
  2.5326466e-003
  2.5968224e-003
  2.5435187e-003
  2.5217535e-003
  2.5511176e-003
  2.5038845e-003
  2.5500068e-003
  2.6310488e-003
  2.5708476e-003
  2.6189231e-003
  2.5629073e-003
  2.5577603e-003
  2.5983051e-003
  2.5964847e-003
  2.6840139e-003
  2.6660978e-003
  2.7297307e-003
  2.6916250e-003
  2.6986434e-003
  2.7161822e-003
  2.6923131e-003
  2.7947745e-003
  2.7479479e-003
  2.7999262e-003
  2.8968733e-003
  2.9299286e-003
  3.0647589e-003
  3.1463953e-003
  3.0339209e-003
  2.9175769e-003
  2.9315028e-003
  3.0260884e-003
  3.1835142e-003
  3.4190962e-003
  3.6991011e-003
  3.9235423e-003
  4.0149583e-003
  3.9649896e-003
  3.8153630e-003
  3.6253285e-003
  3.4421474e-003
  3.2921772e-003
  3.1853602e-003
