  2.4499385e-003
  2.3815102e-003
  2.3991723e-003
  2.4014228e-003
  2.3301113e-003
  2.3808859e-003
  2.3288893e-003
  2.3601237e-003
  2.3812558e-003
  2.3798545e-003
  2.4321210e-003
  2.3943509e-003
  2.4218575e-003
  2.3689113e-003
  2.3569142e-003
  2.3608859e-003
  2.3330682e-003
  2.4198998e-003
  2.3853272e-003
  2.4171136e-003
  2.4096838e-003
  2.3216898e-003
  2.3565072e-003
  2.4032556e-003
  2.3806501e-003
  2.3929408e-003
  2.4048111e-003
  2.3638102e-003
  2.3390494e-003
  2.3838592e-003
  2.4169785e-003
  2.3958793e-003
  2.3671857e-003
  2.3828928e-003
  2.3796683e-003
  2.3368609e-003
  2.3355570e-003
  2.4027627e-003
  2.4201071e-003
  2.3780690e-003
  2.4024098e-003
  2.4480513e-003
  2.4007379e-003
  2.3915480e-003
  2.4472531e-003
  2.3991287e-003
  2.3884965e-003
  2.4330165e-003
  2.3604720e-003
  2.3688130e-003
  2.3743921e-003
  2.3136845e-003
  2.3942663e-003
  2.3711929e-003
  2.4162943e-003
  2.4140718e-003
  2.3480998e-003
  2.3712882e-003
  2.3408705e-003
  2.4459339e-003
  2.3612670e-003
  2.3844886e-003
  2.3331975e-003
  2.4456866e-003
  2.3509297e-003
  2.3713980e-003
  2.3880253e-003
  2.3925545e-003
  2.3614610e-003
  2.3756451e-003
  2.4146408e-003
  2.3320385e-003
  2.4146812e-003
  2.3758142e-003
  2.3629116e-003
  2.3916990e-003
  2.3892764e-003
  2.3712171e-003
  2.3502854e-003
  2.4434486e-003
  2.3323680e-003
  2.3833574e-003
  2.3629896e-003
  2.4447794e-003
  2.3409845e-003
  2.3720554e-003
  2.3479522e-003
  2.4139420e-003
  2.4183438e-003
  2.3712103e-003
  2.3945502e-003
  2.3135937e-003
  2.3745900e-003
  2.3687661e-003
  2.3616892e-003
  2.4348714e-003
  2.3895887e-003
  2.4008277e-003
  2.4498355e-003
  2.3948323e-003
  2.4038976e-003
  2.4507790e-003
  2.4065813e-003
  2.3820246e-003
  2.4256263e-003
  2.4090029e-003
  2.3415548e-003
  2.3440225e-003
  2.3885295e-003
  2.3923282e-003
  2.3797730e-003
  2.4100426e-003
  2.4344512e-003
  2.4016330e-003
  2.3592376e-003
  2.3854456e-003
  2.4311154e-003
  2.4209982e-003
  2.4144801e-003
  2.4408532e-003
  2.3979298e-003
  2.3675773e-003
  2.4615670e-003
  2.4766023e-003
  2.4496824e-003
  2.4961065e-003
  2.4162048e-003
  2.4507849e-003
  2.4588594e-003
  2.4824744e-003
  2.5508395e-003
  2.5388236e-003
  2.5955161e-003
  2.5553888e-003
  2.5738288e-003
  2.5741820e-003
  2.5799791e-003
  2.6570612e-003
  2.6071764e-003
  2.7034779e-003
  2.7610754e-003
  2.8379935e-003
  2.9863401e-003
  2.9344643e-003
  2.7986819e-003
  2.7999942e-003
  2.9084966e-003
  3.1001868e-003
  3.3981296e-003
  3.6949277e-003
  3.8074701e-003
  3.6661044e-003
  3.3460318e-003
  2.9881189e-003
  2.6955285e-003
  2.5200295e-003
  2.4597884e-003
  2.4869760e-003
  2.5654668e-003
  2.6564412e-003
