  1.8658450e+003
  1.8846089e+003
  1.8678526e+003
  1.8197696e+003
  1.7803724e+003
  1.7762528e+003
  1.7896953e+003
  1.7826878e+003
  1.7445282e+003
  1.7047478e+003
  1.6971997e+003
  1.7199609e+003
  1.7387798e+003
  1.7285149e+003
  1.7024289e+003
  1.6949166e+003
  1.7189174e+003
  1.7489222e+003
  1.7496737e+003
  1.7162217e+003
  1.6779258e+003
  1.6627314e+003
  1.6651793e+003
  1.6554104e+003
  1.6165717e+003
  1.5660322e+003
  1.5372370e+003
  1.5442857e+003
  1.5682211e+003
  1.5781829e+003
  1.5633125e+003
  1.5411686e+003
  1.5345154e+003
  1.5431348e+003
  1.5427866e+003
  1.5123883e+003
  1.4585021e+003
  1.4105215e+003
  1.3931043e+003
  1.4047258e+003
  1.4217181e+003
  1.4214037e+003
  1.4015305e+003
  1.3781481e+003
  1.3654748e+003
  1.3598096e+003
  1.3447633e+003
  1.3110010e+003
  1.2684914e+003
  1.2391347e+003
  1.2376347e+003
  1.2576326e+003
  1.2748614e+003
  1.2657209e+003
  1.2261884e+003
  1.1744375e+003
  1.1355740e+003
  1.1230192e+003
  1.1310502e+003
  1.1412308e+003
  1.1362450e+003
  1.1114905e+003
  1.0763432e+003
  1.0450085e+003
  1.0259461e+003
  1.0181700e+003
  1.0143118e+003
  1.0061098e+003
  9.8937369e+002
  9.6603041e+002
  9.4175307e+002
  9.2161609e+002
  9.0763017e+002
  8.9840441e+002
  8.8957154e+002
  8.7581232e+002
  8.5464902e+002
  8.2881747e+002
  8.0477643e+002
  7.8867949e+002
  7.8217367e+002
  7.8007375e+002
  7.7260656e+002
  7.5246980e+002
  7.2130567e+002
  6.8937384e+002
  6.6839256e+002
  6.6303496e+002
  6.6697144e+002
  6.6671681e+002
  6.5157450e+002
  6.2209107e+002
  5.8936053e+002
  5.6575938e+002
  5.5553266e+002
  5.5279466e+002
  5.4756725e+002
  5.3436418e+002
  5.1603647e+002
  4.9949641e+002
  4.8775879e+002
  4.7682719e+002
  4.6064809e+002
  4.3839661e+002
  4.1620214e+002
  4.0164734e+002
  3.9651962e+002
  3.9481150e+002
  3.8810472e+002
  3.7330077e+002
  3.5491677e+002
  3.3961853e+002
  3.2909085e+002
  3.1900488e+002
  3.0470129e+002
  2.8683291e+002
  2.7082173e+002
  2.6106420e+002
  2.5629717e+002
  2.5101553e+002
  2.4128043e+002
  2.2855617e+002
  2.1745237e+002
  2.1014146e+002
  2.0394702e+002
  1.9471733e+002
  1.8176297e+002
  1.6855451e+002
  1.5865884e+002
  1.5189694e+002
  1.4503616e+002
  1.3581163e+002
  1.2543038e+002
  1.1687295e+002
  1.1130119e+002
  1.0683616e+002
  1.0091628e+002
  9.3239335e+001
  8.5850462e+001
  8.0515486e+001
  7.6666246e+001
  7.2261584e+001
  6.6293570e+001
  5.9859760e+001
  5.4692838e+001
  5.1116204e+001
  4.7854144e+001
  4.3703906e+001
  3.8920274e+001
  3.4748345e+001
  3.1861424e+001
  2.9633812e+001
  2.7001661e+001
  2.3771004e+001
  2.0848763e+001
  1.9227222e+001
  1.8923328e+001
  1.8985618e+001
  1.8441617e+001
  1.7144421e+001
