  9.3189887e+002
  9.4413613e+002
  9.3677438e+002
  9.2149923e+002
  9.1967149e+002
  9.3483975e+002
  9.4821230e+002
  9.4246972e+002
  9.2330114e+002
  9.1144768e+002
  9.1595237e+002
  9.2288873e+002
  9.1339652e+002
  8.8756050e+002
  8.6424799e+002
  8.5813373e+002
  8.6303049e+002
  8.6125624e+002
  8.4623763e+002
  8.3056619e+002
  8.3048386e+002
  8.4592455e+002
  8.5981534e+002
  8.5723037e+002
  8.4162747e+002
  8.2912710e+002
  8.2825961e+002
  8.2989684e+002
  8.1908729e+002
  7.9381528e+002
  7.6837838e+002
  7.5833695e+002
  7.6470956e+002
  7.7416311e+002
  7.7367442e+002
  7.6341219e+002
  7.5438190e+002
  7.5407699e+002
  7.5671844e+002
  7.4945503e+002
  7.2731987e+002
  6.9989585e+002
  6.8277932e+002
  6.8334093e+002
  6.9460052e+002
  7.0199150e+002
  6.9616020e+002
  6.7997409e+002
  6.6358477e+002
  6.5351490e+002
  6.4753055e+002
  6.3946877e+002
  6.2714959e+002
  6.1494269e+002
  6.0924991e+002
  6.1143347e+002
  6.1485595e+002
  6.0975972e+002
  5.9219238e+002
  5.6825766e+002
  5.4951539e+002
  5.4400144e+002
  5.5017786e+002
  5.5785054e+002
  5.5551483e+002
  5.3907403e+002
  5.1488769e+002
  4.9461736e+002
  4.8659950e+002
  4.9034545e+002
  4.9719689e+002
  4.9640449e+002
  4.8286379e+002
  4.6077769e+002
  4.4021309e+002
  4.2965376e+002
  4.3032711e+002
  4.3566549e+002
  4.3595974e+002
  4.2539879e+002
  4.0632842e+002
  3.8710135e+002
  3.7551886e+002
  3.7336413e+002
  3.7569640e+002
  3.7487990e+002
  3.6643793e+002
  3.5219804e+002
  3.3797834e+002
  3.2820193e+002
  3.2267588e+002
  3.1793962e+002
  3.1111196e+002
  3.0258162e+002
  2.9521571e+002
  2.9077695e+002
  2.8727848e+002
  2.8055603e+002
  2.6870073e+002
  2.5453115e+002
  2.4339423e+002
  2.3845411e+002
  2.3788710e+002
  2.3654962e+002
  2.3066278e+002
  2.2105186e+002
  2.1166313e+002
  2.0505238e+002
  1.9988656e+002
  1.9303027e+002
  1.8351443e+002
  1.7386023e+002
  1.6744308e+002
  1.6485286e+002
  1.6317614e+002
  1.5900601e+002
  1.5192121e+002
  1.4457173e+002
  1.3935827e+002
  1.3566344e+002
  1.3082930e+002
  1.2351211e+002
  1.1533169e+002
  1.0899287e+002
  1.0525798e+002
  1.0229459e+002
  9.7978296e+001
  9.2327432e+001
  8.7258234e+001
  8.4107038e+001
  8.1980441e+001
  7.8879300e+001
  7.4114603e+001
  6.9027628e+001
  6.5238272e+001
  6.2700767e+001
  5.9931001e+001
  5.5954911e+001
  5.1470969e+001
  4.7883007e+001
  4.5559952e+001
  4.3498263e+001
  4.0670282e+001
  3.7274376e+001
  3.4381994e+001
  3.2554881e+001
  3.1204231e+001
  2.9404777e+001
  2.7043148e+001
  2.4868785e+001
  2.3475470e+001
  2.2549410e+001
  2.1301132e+001
  1.9497283e+001
  1.7814514e+001
  1.7106856e+001
  1.7456844e+001
  1.8067360e+001
  1.8050204e+001
  1.7227188e+001
