  4.3256795e+002
  4.3075733e+002
  4.2040212e+002
  4.1090790e+002
  4.1021007e+002
  4.1473644e+002
  4.1466132e+002
  4.0705580e+002
  3.9966324e+002
  4.0072523e+002
  4.0832318e+002
  4.1291117e+002
  4.0949860e+002
  4.0368739e+002
  4.0393178e+002
  4.1019548e+002
  4.1369979e+002
  4.0798241e+002
  3.9692054e+002
  3.8959784e+002
  3.8900219e+002
  3.8901339e+002
  3.8293268e+002
  3.7231877e+002
  3.6531760e+002
  3.6701914e+002
  3.7356846e+002
  3.7670378e+002
  3.7306912e+002
  3.6732253e+002
  3.6559655e+002
  3.6747796e+002
  3.6638315e+002
  3.5773474e+002
  3.4486481e+002
  3.3580006e+002
  3.3504147e+002
  3.3946809e+002
  3.4213409e+002
  3.3938359e+002
  3.3379755e+002
  3.3018073e+002
  3.2943533e+002
  3.2752697e+002
  3.2060187e+002
  3.1002231e+002
  3.0162364e+002
  3.0023811e+002
  3.0503068e+002
  3.0990076e+002
  3.0863190e+002
  3.0018092e+002
  2.8913449e+002
  2.8119381e+002
  2.7851123e+002
  2.7894734e+002
  2.7879686e+002
  2.7599071e+002
  2.7128726e+002
  2.6675968e+002
  2.6330018e+002
  2.5993814e+002
  2.5547711e+002
  2.5013502e+002
  2.4540873e+002
  2.4265651e+002
  2.4170782e+002
  2.4063015e+002
  2.3722236e+002
  2.3109085e+002
  2.2409862e+002
  2.1873020e+002
  2.1612403e+002
  2.1532345e+002
  2.1404170e+002
  2.1047489e+002
  2.0480431e+002
  1.9887641e+002
  1.9440117e+002
  1.9161064e+002
  1.8942645e+002
  1.8658910e+002
  1.8277994e+002
  1.7883054e+002
  1.7565014e+002
  1.7297360e+002
  1.6954118e+002
  1.6458457e+002
  1.5890610e+002
  1.5442558e+002
  1.5254433e+002
  1.5261930e+002
  1.5206810e+002
  1.4847011e+002
  1.4184010e+002
  1.3471636e+002
  1.2993631e+002
  1.2826681e+002
  1.2796843e+002
  1.2654018e+002
  1.2302100e+002
  1.1863963e+002
  1.1516539e+002
  1.1283798e+002
  1.1023967e+002
  1.0613515e+002
  1.0106591e+002
  9.6923164e+001
  9.4988905e+001
  9.4527441e+001
  9.3470715e+001
  9.0543067e+001
  8.6501914e+001
  8.3088713e+001
  8.0961041e+001
  7.9058474e+001
  7.6048272e+001
  7.2015136e+001
  6.8397935e+001
  6.6322808e+001
  6.5321116e+001
  6.3915306e+001
  6.1351387e+001
  5.8402873e+001
  5.6302925e+001
  5.5164053e+001
  5.3859819e+001
  5.1469142e+001
  4.8419936e+001
  4.5916268e+001
  4.4441584e+001
  4.3240126e+001
  4.1359174e+001
  3.8864708e+001
  3.6705764e+001
  3.5471999e+001
  3.4665893e+001
  3.3384943e+001
  3.1479994e+001
  2.9690584e+001
  2.8635620e+001
  2.8015484e+001
  2.7045359e+001
  2.5496547e+001
  2.3964143e+001
  2.3053265e+001
  2.2597429e+001
  2.1922920e+001
  2.0757720e+001
  1.9562837e+001
  1.8875790e+001
  1.8567316e+001
  1.8002268e+001
  1.6899609e+001
  1.5785814e+001
  1.5453505e+001
  1.6061619e+001
  1.6921862e+001
  1.7182200e+001
  1.6622730e+001
