  3.3230723e+001
  3.2499172e+001
  3.2162800e+001
  3.2503157e+001
  3.2790526e+001
  3.2406805e+001
  3.1755820e+001
  3.1637159e+001
  3.2059867e+001
  3.2251519e+001
  3.1806443e+001
  3.1263704e+001
  3.1302094e+001
  3.1767662e+001
  3.1930616e+001
  3.1542034e+001
  3.1149909e+001
  3.1271917e+001
  3.1654922e+001
  3.1654968e+001
  3.1148922e+001
  3.0685606e+001
  3.0705060e+001
  3.0946804e+001
  3.0852472e+001
  3.0360622e+001
  2.9981377e+001
  3.0086439e+001
  3.0422296e+001
  3.0476678e+001
  3.0142944e+001
  2.9801404e+001
  2.9777282e+001
  2.9919016e+001
  2.9822927e+001
  2.9385018e+001
  2.8951918e+001
  2.8879788e+001
  2.9095477e+001
  2.9218229e+001
  2.9029286e+001
  2.8684259e+001
  2.8474865e+001
  2.8475281e+001
  2.8475372e+001
  2.8262444e+001
  2.7901980e+001
  2.7653901e+001
  2.7645911e+001
  2.7736475e+001
  2.7693667e+001
  2.7436346e+001
  2.7102309e+001
  2.6896957e+001
  2.6866138e+001
  2.6856958e+001
  2.6718102e+001
  2.6464887e+001
  2.6230618e+001
  2.6122244e+001
  2.6119170e+001
  2.6080502e+001
  2.5887320e+001
  2.5575948e+001
  2.5287258e+001
  2.5122491e+001
  2.5078025e+001
  2.5058976e+001
  2.4949080e+001
  2.4720941e+001
  2.4459944e+001
  2.4266106e+001
  2.4175135e+001
  2.4146541e+001
  2.4077425e+001
  2.3879504e+001
  2.3578598e+001
  2.3296588e+001
  2.3140168e+001
  2.3120382e+001
  2.3130256e+001
  2.3010802e+001
  2.2709943e+001
  2.2360869e+001
  2.2158604e+001
  2.2174718e+001
  2.2283908e+001
  2.2253419e+001
  2.1958688e+001
  2.1533210e+001
  2.1245008e+001
  2.1217069e+001
  2.1313308e+001
  2.1291773e+001
  2.1053662e+001
  2.0745486e+001
  2.0583779e+001
  2.0578856e+001
  2.0517510e+001
  2.0248668e+001
  1.9899598e+001
  1.9743557e+001
  1.9870411e+001
  2.0041497e+001
  1.9932697e+001
  1.9521162e+001
  1.9128503e+001
  1.9026002e+001
  1.9103368e+001
  1.9037799e+001
  1.8736026e+001
  1.8469752e+001
  1.8519143e+001
  1.8772001e+001
  1.8822795e+001
  1.8488184e+001
  1.8057386e+001
  1.7906741e+001
  1.7993338e+001
  1.7937033e+001
  1.7577785e+001
  1.7222893e+001
  1.7229857e+001
  1.7499765e+001
  1.7598431e+001
  1.7357989e+001
  1.7111161e+001
  1.7199235e+001
  1.7450362e+001
  1.7408261e+001
  1.6999896e+001
  1.6654738e+001
  1.6682584e+001
  1.6827025e+001
  1.6661276e+001
  1.6237527e+001
  1.6017841e+001
  1.6185516e+001
  1.6368099e+001
  1.6195551e+001
  1.5860558e+001
  1.5828943e+001
  1.6125356e+001
  1.6279983e+001
  1.6035830e+001
  1.5748802e+001
  1.5856419e+001
  1.6208265e+001
  1.6283318e+001
  1.5978177e+001
  1.5762773e+001
  1.5940541e+001
  1.6124899e+001
  1.5772898e+001
  1.5062410e+001
  1.4835735e+001
  1.5591915e+001
  1.6817351e+001
  1.7509212e+001
  1.7228413e+001
