  1.5999784e+001
  1.6184177e+001
  1.6584786e+001
  1.6630024e+001
  1.6307431e+001
  1.6167729e+001
  1.6398215e+001
  1.6526852e+001
  1.6230290e+001
  1.5873673e+001
  1.5900682e+001
  1.6118191e+001
  1.6049279e+001
  1.5737866e+001
  1.5681129e+001
  1.6021318e+001
  1.6313168e+001
  1.6229295e+001
  1.6060880e+001
  1.6215361e+001
  1.6532843e+001
  1.6529040e+001
  1.6165504e+001
  1.5907441e+001
  1.6002789e+001
  1.6140762e+001
  1.5986644e+001
  1.5721449e+001
  1.5769407e+001
  1.6147188e+001
  1.6412624e+001
  1.6290581e+001
  1.6041949e+001
  1.6032636e+001
  1.6184772e+001
  1.6139830e+001
  1.5839721e+001
  1.5645468e+001
  1.5845559e+001
  1.6249070e+001
  1.6415714e+001
  1.6218420e+001
  1.5970136e+001
  1.5959882e+001
  1.6088597e+001
  1.6084934e+001
  1.5923434e+001
  1.5866477e+001
  1.6094508e+001
  1.6405848e+001
  1.6417647e+001
  1.6053004e+001
  1.5668188e+001
  1.5657755e+001
  1.6033891e+001
  1.6424383e+001
  1.6463398e+001
  1.6164072e+001
  1.5859025e+001
  1.5813801e+001
  1.5995571e+001
  1.6178571e+001
  1.6189768e+001
  1.6060310e+001
  1.5946259e+001
  1.5931843e+001
  1.5978581e+001
  1.6020487e+001
  1.6029612e+001
  1.6022111e+001
  1.6022473e+001
  1.6018533e+001
  1.5994539e+001
  1.5976888e+001
  1.5986256e+001
  1.5997931e+001
  1.5982099e+001
  1.5946734e+001
  1.5947827e+001
  1.6033321e+001
  1.6139339e+001
  1.6122063e+001
  1.5943905e+001
  1.5760681e+001
  1.5788200e+001
  1.6067059e+001
  1.6350307e+001
  1.6317129e+001
  1.5948099e+001
  1.5590761e+001
  1.5603857e+001
  1.5976807e+001
  1.6327082e+001
  1.6308686e+001
  1.5998996e+001
  1.5772683e+001
  1.5822854e+001
  1.5969115e+001
  1.5960126e+001
  1.5835281e+001
  1.5869342e+001
  1.6147978e+001
  1.6361160e+001
  1.6184919e+001
  1.5753815e+001
  1.5525259e+001
  1.5701965e+001
  1.5997123e+001
  1.6048014e+001
  1.5913357e+001
  1.5950569e+001
  1.6227008e+001
  1.6358879e+001
  1.6073907e+001
  1.5653767e+001
  1.5560534e+001
  1.5794497e+001
  1.5934043e+001
  1.5790062e+001
  1.5690522e+001
  1.5946452e+001
  1.6311246e+001
  1.6315584e+001
  1.5992458e+001
  1.5828675e+001
  1.5994313e+001
  1.6087811e+001
  1.5811760e+001
  1.5482959e+001
  1.5543979e+001
  1.5856928e+001
  1.5925308e+001
  1.5700017e+001
  1.5656798e+001
  1.5996612e+001
  1.6283048e+001
  1.6147517e+001
  1.5905046e+001
  1.6029139e+001
  1.6345554e+001
  1.6313201e+001
  1.5939391e+001
  1.5782505e+001
  1.6020971e+001
  1.6156491e+001
  1.5862545e+001
  1.5550878e+001
  1.5690679e+001
  1.6017940e+001
  1.5972661e+001
  1.5639057e+001
  1.5593903e+001
  1.5881075e+001
  1.5838620e+001
  1.5174728e+001
  1.4628325e+001
  1.5083239e+001
  1.6333571e+001
  1.7249895e+001
  1.7106415e+001
