  1.5633718e+001
  1.5871542e+001
  1.6118155e+001
  1.5933581e+001
  1.5630356e+001
  1.5727411e+001
  1.6068692e+001
  1.6112168e+001
  1.5866693e+001
  1.5863647e+001
  1.6226115e+001
  1.6440290e+001
  1.6217913e+001
  1.5970208e+001
  1.6093513e+001
  1.6301679e+001
  1.6132233e+001
  1.5740475e+001
  1.5647290e+001
  1.5897306e+001
  1.6023893e+001
  1.5837085e+001
  1.5730029e+001
  1.6021435e+001
  1.6405890e+001
  1.6403761e+001
  1.6093291e+001
  1.5951972e+001
  1.6087322e+001
  1.6109377e+001
  1.5809414e+001
  1.5531141e+001
  1.5672970e+001
  1.6098866e+001
  1.6324202e+001
  1.6190607e+001
  1.6034457e+001
  1.6118109e+001
  1.6225726e+001
  1.6041670e+001
  1.5688879e+001
  1.5608464e+001
  1.5967629e+001
  1.6407379e+001
  1.6471439e+001
  1.6162786e+001
  1.5883260e+001
  1.5880287e+001
  1.5997758e+001
  1.5989361e+001
  1.5877697e+001
  1.5897560e+001
  1.6124106e+001
  1.6300528e+001
  1.6156500e+001
  1.5795476e+001
  1.5607124e+001
  1.5828042e+001
  1.6263627e+001
  1.6467193e+001
  1.6219537e+001
  1.5772831e+001
  1.5565388e+001
  1.5773321e+001
  1.6166342e+001
  1.6347214e+001
  1.6149098e+001
  1.5793914e+001
  1.5639086e+001
  1.5827744e+001
  1.6176004e+001
  1.6342529e+001
  1.6157228e+001
  1.5801796e+001
  1.5626299e+001
  1.5812662e+001
  1.6200105e+001
  1.6407660e+001
  1.6204995e+001
  1.5776662e+001
  1.5549471e+001
  1.5767449e+001
  1.6239497e+001
  1.6499147e+001
  1.6281406e+001
  1.5821149e+001
  1.5594062e+001
  1.5808385e+001
  1.6211671e+001
  1.6383072e+001
  1.6200325e+001
  1.5940947e+001
  1.5883843e+001
  1.5970208e+001
  1.5965772e+001
  1.5838115e+001
  1.5825858e+001
  1.6088137e+001
  1.6389100e+001
  1.6334936e+001
  1.5915984e+001
  1.5569653e+001
  1.5640192e+001
  1.5964321e+001
  1.6120680e+001
  1.6003944e+001
  1.5931397e+001
  1.6108660e+001
  1.6264861e+001
  1.6062465e+001
  1.5660465e+001
  1.5539578e+001
  1.5828421e+001
  1.6123847e+001
  1.6084233e+001
  1.5925606e+001
  1.6045649e+001
  1.6341462e+001
  1.6336600e+001
  1.5951688e+001
  1.5664516e+001
  1.5778652e+001
  1.5973930e+001
  1.5856918e+001
  1.5618971e+001
  1.5727860e+001
  1.6136102e+001
  1.6315958e+001
  1.6107507e+001
  1.5975885e+001
  1.6213632e+001
  1.6427397e+001
  1.6204677e+001
  1.5833107e+001
  1.5828662e+001
  1.6069340e+001
  1.6020108e+001
  1.5666993e+001
  1.5553089e+001
  1.5844032e+001
  1.6031615e+001
  1.5805217e+001
  1.5595183e+001
  1.5827849e+001
  1.6167129e+001
  1.6079086e+001
  1.5764709e+001
  1.5828841e+001
  1.6233448e+001
  1.6355874e+001
  1.6070763e+001
  1.5966934e+001
  1.6277509e+001
  1.6368755e+001
  1.5776760e+001
  1.5161901e+001
  1.5540825e+001
  1.6829886e+001
  1.7836863e+001
  1.7710606e+001
