  1.6039871e+001
  1.6435483e+001
  1.6580266e+001
  1.6273024e+001
  1.6071492e+001
  1.6286034e+001
  1.6443303e+001
  1.6156409e+001
  1.5819172e+001
  1.5901714e+001
  1.6131136e+001
  1.5997778e+001
  1.5661099e+001
  1.5670467e+001
  1.6016677e+001
  1.6159694e+001
  1.5961263e+001
  1.5906933e+001
  1.6242810e+001
  1.6521141e+001
  1.6341875e+001
  1.6014410e+001
  1.6016637e+001
  1.6204458e+001
  1.6104075e+001
  1.5745391e+001
  1.5640424e+001
  1.5970985e+001
  1.6300587e+001
  1.6251041e+001
  1.6056812e+001
  1.6121699e+001
  1.6327512e+001
  1.6239381e+001
  1.5848464e+001
  1.5637216e+001
  1.5886140e+001
  1.6282361e+001
  1.6373097e+001
  1.6182178e+001
  1.6096617e+001
  1.6227585e+001
  1.6258104e+001
  1.5989721e+001
  1.5701712e+001
  1.5792361e+001
  1.6225053e+001
  1.6526078e+001
  1.6363458e+001
  1.5951060e+001
  1.5735550e+001
  1.5848089e+001
  1.6047464e+001
  1.6101332e+001
  1.6062293e+001
  1.6120770e+001
  1.6262428e+001
  1.6260636e+001
  1.6032523e+001
  1.5807369e+001
  1.5872050e+001
  1.6214639e+001
  1.6475552e+001
  1.6332565e+001
  1.5902118e+001
  1.5631099e+001
  1.5815508e+001
  1.6286546e+001
  1.6562452e+001
  1.6350587e+001
  1.5873618e+001
  1.5622772e+001
  1.5844931e+001
  1.6305267e+001
  1.6521414e+001
  1.6267699e+001
  1.5817155e+001
  1.5627604e+001
  1.5863090e+001
  1.6252126e+001
  1.6381860e+001
  1.6145832e+001
  1.5840480e+001
  1.5788968e+001
  1.5993054e+001
  1.6192647e+001
  1.6196168e+001
  1.6099016e+001
  1.6104565e+001
  1.6190558e+001
  1.6146641e+001
  1.5926616e+001
  1.5782636e+001
  1.5971627e+001
  1.6366690e+001
  1.6517543e+001
  1.6206643e+001
  1.5767531e+001
  1.5678823e+001
  1.5977149e+001
  1.6253590e+001
  1.6213672e+001
  1.6051017e+001
  1.6096499e+001
  1.6262123e+001
  1.6173585e+001
  1.5799316e+001
  1.5573869e+001
  1.5798960e+001
  1.6196401e+001
  1.6291893e+001
  1.6098330e+001
  1.6047812e+001
  1.6252698e+001
  1.6304514e+001
  1.5966722e+001
  1.5618320e+001
  1.5700487e+001
  1.6040087e+001
  1.6134049e+001
  1.5955638e+001
  1.5973881e+001
  1.6324760e+001
  1.6524894e+001
  1.6263006e+001
  1.5937637e+001
  1.5993720e+001
  1.6184040e+001
  1.6027438e+001
  1.5669975e+001
  1.5656242e+001
  1.5994367e+001
  1.6132617e+001
  1.5911357e+001
  1.5839729e+001
  1.6185688e+001
  1.6470908e+001
  1.6296910e+001
  1.6055133e+001
  1.6231253e+001
  1.6527712e+001
  1.6392279e+001
  1.6020230e+001
  1.6017603e+001
  1.6312143e+001
  1.6274358e+001
  1.5851790e+001
  1.5685465e+001
  1.5983177e+001
  1.6156227e+001
  1.5875698e+001
  1.5657433e+001
  1.5896172e+001
  1.6050827e+001
  1.5519489e+001
  1.4825714e+001
  1.5060476e+001
  1.6295185e+001
  1.7358368e+001
  1.7305063e+001
