  1.5918063e+001
  1.6218011e+001
  1.6117979e+001
  1.5770536e+001
  1.5792543e+001
  1.6137970e+001
  1.6202085e+001
  1.5939133e+001
  1.5940075e+001
  1.6340228e+001
  1.6557184e+001
  1.6333128e+001
  1.6179024e+001
  1.6420500e+001
  1.6594094e+001
  1.6283914e+001
  1.5872915e+001
  1.5879638e+001
  1.6095994e+001
  1.6022676e+001
  1.5776327e+001
  1.5880731e+001
  1.6330709e+001
  1.6551870e+001
  1.6331762e+001
  1.6133539e+001
  1.6270212e+001
  1.6384602e+001
  1.6112175e+001
  1.5745076e+001
  1.5779996e+001
  1.6139948e+001
  1.6321766e+001
  1.6188500e+001
  1.6135314e+001
  1.6378567e+001
  1.6549025e+001
  1.6281156e+001
  1.5830073e+001
  1.5727714e+001
  1.6044304e+001
  1.6338718e+001
  1.6302102e+001
  1.6144272e+001
  1.6182385e+001
  1.6311192e+001
  1.6205280e+001
  1.5887428e+001
  1.5756370e+001
  1.6046752e+001
  1.6465316e+001
  1.6515380e+001
  1.6132200e+001
  1.5765689e+001
  1.5812864e+001
  1.6182927e+001
  1.6462186e+001
  1.6400140e+001
  1.6153452e+001
  1.6017884e+001
  1.6059900e+001
  1.6135319e+001
  1.6135582e+001
  1.6105287e+001
  1.6142537e+001
  1.6219305e+001
  1.6206925e+001
  1.6088632e+001
  1.6001477e+001
  1.6065385e+001
  1.6234457e+001
  1.6319836e+001
  1.6211106e+001
  1.6030474e+001
  1.5975239e+001
  1.6087690e+001
  1.6228087e+001
  1.6236798e+001
  1.6128830e+001
  1.6059431e+001
  1.6088511e+001
  1.6121185e+001
  1.6079656e+001
  1.6034031e+001
  1.6123984e+001
  1.6317846e+001
  1.6360835e+001
  1.6108194e+001
  1.5789540e+001
  1.5788501e+001
  1.6178611e+001
  1.6562166e+001
  1.6497860e+001
  1.6061358e+001
  1.5757934e+001
  1.5884134e+001
  1.6204084e+001
  1.6317113e+001
  1.6199193e+001
  1.6172149e+001
  1.6333472e+001
  1.6359171e+001
  1.6041740e+001
  1.5702493e+001
  1.5795530e+001
  1.6252815e+001
  1.6532353e+001
  1.6366334e+001
  1.6115701e+001
  1.6155423e+001
  1.6279143e+001
  1.6098701e+001
  1.5751576e+001
  1.5735513e+001
  1.6118687e+001
  1.6395429e+001
  1.6268358e+001
  1.6104688e+001
  1.6273478e+001
  1.6477346e+001
  1.6262407e+001
  1.5838019e+001
  1.5766406e+001
  1.6038960e+001
  1.6121323e+001
  1.5892180e+001
  1.5855148e+001
  1.6232294e+001
  1.6522156e+001
  1.6350213e+001
  1.6126392e+001
  1.6301296e+001
  1.6541260e+001
  1.6334305e+001
  1.5937997e+001
  1.5931979e+001
  1.6179411e+001
  1.6092683e+001
  1.5723455e+001
  1.5681695e+001
  1.6019549e+001
  1.6127266e+001
  1.5853019e+001
  1.5788523e+001
  1.6165075e+001
  1.6390665e+001
  1.6122543e+001
  1.5917277e+001
  1.6227795e+001
  1.6570920e+001
  1.6415516e+001
  1.6163704e+001
  1.6375682e+001
  1.6622643e+001
  1.6154225e+001
  1.5362470e+001
  1.5462724e+001
  1.6705605e+001
  1.7888890e+001
  1.7913713e+001
