  3.5601281e+000
  4.3882682e+000
  5.2210291e+000
  6.0541244e+000
  6.8833771e+000
  7.7047552e+000
  8.5144044e+000
  9.3086802e+000
  1.0084176e+001
  1.0837749e+001
  1.1566544e+001
  1.2268011e+001
  1.2939922e+001
  1.3580379e+001
  1.4187828e+001
  1.4761055e+001
  1.5299192e+001
  1.5801707e+001
  1.6268402e+001
  1.6699396e+001
  1.7095113e+001
  1.7456265e+001
  1.7783830e+001
  1.8079032e+001
  1.8343314e+001
  1.8578314e+001
  1.8785836e+001
  1.8967824e+001
  1.9126332e+001
  1.9263499e+001
  1.9381515e+001
  1.9482596e+001
  1.9568959e+001
  1.9642792e+001
  1.9706231e+001
  1.9761335e+001
  1.9810067e+001
  1.9854270e+001
  1.9895652e+001
  1.9935765e+001
  1.9975996e+001
  2.0017552e+001
  2.0061447e+001
  2.0108499e+001
  2.0159321e+001
  2.0214317e+001
  2.0273683e+001
  2.0337403e+001
  2.0405256e+001
  2.0476821e+001
  2.0551480e+001
  2.0628433e+001
  2.0706702e+001
  2.0785152e+001
  2.0862502e+001
  2.0937344e+001
  2.1008159e+001
  2.1073343e+001
  2.1131223e+001
  2.1180085e+001
  2.1218197e+001
  2.1243832e+001
  2.1255296e+001
  2.1250954e+001
  2.1229250e+001
  2.1188737e+001
  2.1128098e+001
  2.1046168e+001
  2.0941951e+001
  2.0814643e+001
  2.0663644e+001
  2.0488568e+001
  2.0289254e+001
  2.0065775e+001
  1.9818433e+001
  1.9547764e+001
  1.9254529e+001
  1.8939709e+001
  1.8604492e+001
  1.8250259e+001
  1.7878569e+001
  1.7491134e+001
  1.7089805e+001
  1.6676545e+001
  1.6253406e+001
  1.5822502e+001
  1.5385991e+001
  1.4946042e+001
  1.4504818e+001
  1.4064449e+001
  1.3627016e+001
  1.3194523e+001
  1.2768888e+001
  1.2351925e+001
  1.1945330e+001
  1.1550671e+001
  1.1169383e+001
  1.0802761e+001
  1.0451957e+001
  1.0117982e+001
  9.8017043e+000
  9.5038593e+000
  9.2250497e+000
  8.9657558e+000
  8.7263427e+000
  8.5070698e+000
  8.3081008e+000
  8.1295129e+000
  7.9713071e+000
  7.8334174e+000
  7.7157195e+000
  7.6180386e+000
  7.5401563e+000
  7.4818158e+000
  7.4427269e+000
  7.4225680e+000
  7.4209886e+000
  7.4376089e+000
  7.4720199e+000
  7.5237807e+000
  7.5924169e+000
  7.6774167e+000
  7.7782279e+000
  7.8942541e+000
  8.0248513e+000
  8.1693250e+000
  8.3269276e+000
  8.4968570e+000
  8.6782554e+000
  8.8702104e+000
  9.0717563e+000
  9.2818766e+000
  9.4995086e+000
  9.7235481e+000
  9.9528556e+000
  1.0186264e+001
  1.0422584e+001
  1.0660618e+001
  1.0899162e+001
  1.1137018e+001
  1.1373004e+001
  1.1605959e+001
  1.1834756e+001
  1.2058303e+001
  1.2275555e+001
  1.2485517e+001
  1.2687249e+001
  1.2879872e+001
  1.3062567e+001
  1.3234581e+001
  1.3395223e+001
  1.3543869e+001
  1.3679959e+001
  1.3802993e+001
  1.3912536e+001
  1.4008208e+001
  1.4089688e+001
  1.4156709e+001
  1.4209056e+001
  1.4246563e+001
