  1.6947774e+001
  1.6624463e+001
  1.6603705e+001
  1.6979391e+001
  1.6945987e+001
  1.6491399e+001
  1.6409763e+001
  1.6650751e+001
  1.6484595e+001
  1.6068154e+001
  1.6118411e+001
  1.6434572e+001
  1.6349202e+001
  1.6129568e+001
  1.6423325e+001
  1.6890983e+001
  1.6833580e+001
  1.6549134e+001
  1.6670007e+001
  1.6867904e+001
  1.6563550e+001
  1.6140169e+001
  1.6208871e+001
  1.6459041e+001
  1.6347022e+001
  1.6191776e+001
  1.6529349e+001
  1.6990363e+001
  1.6902523e+001
  1.6496563e+001
  1.6415359e+001
  1.6536499e+001
  1.6354542e+001
  1.6059388e+001
  1.6236184e+001
  1.6767692e+001
  1.6947275e+001
  1.6640717e+001
  1.6429591e+001
  1.6533675e+001
  1.6530290e+001
  1.6261859e+001
  1.6189362e+001
  1.6584912e+001
  1.6960746e+001
  1.6775117e+001
  1.6292470e+001
  1.6146940e+001
  1.6405573e+001
  1.6611124e+001
  1.6547386e+001
  1.6494057e+001
  1.6634435e+001
  1.6690926e+001
  1.6453076e+001
  1.6217263e+001
  1.6380588e+001
  1.6808005e+001
  1.6918105e+001
  1.6496804e+001
  1.6053576e+001
  1.6153819e+001
  1.6690852e+001
  1.7005373e+001
  1.6712691e+001
  1.6193195e+001
  1.6073163e+001
  1.6461168e+001
  1.6856773e+001
  1.6763374e+001
  1.6307526e+001
  1.6057952e+001
  1.6319359e+001
  1.6785051e+001
  1.6883046e+001
  1.6481588e+001
  1.6071298e+001
  1.6152779e+001
  1.6632704e+001
  1.6909507e+001
  1.6614276e+001
  1.6117889e+001
  1.6056491e+001
  1.6523966e+001
  1.6952419e+001
  1.6832631e+001
  1.6381543e+001
  1.6187501e+001
  1.6395934e+001
  1.6622883e+001
  1.6580703e+001
  1.6471740e+001
  1.6550202e+001
  1.6615441e+001
  1.6393611e+001
  1.6121808e+001
  1.6270347e+001
  1.6767285e+001
  1.6965933e+001
  1.6594779e+001
  1.6195558e+001
  1.6258264e+001
  1.6513958e+001
  1.6506498e+001
  1.6397370e+001
  1.6610244e+001
  1.6926422e+001
  1.6766573e+001
  1.6261259e+001
  1.6102343e+001
  1.6391599e+001
  1.6545216e+001
  1.6391709e+001
  1.6454349e+001
  1.6861037e+001
  1.6964322e+001
  1.6523333e+001
  1.6197960e+001
  1.6350826e+001
  1.6453488e+001
  1.6204855e+001
  1.6157690e+001
  1.6608543e+001
  1.6918380e+001
  1.6689063e+001
  1.6515660e+001
  1.6762102e+001
  1.6821321e+001
  1.6389554e+001
  1.6136795e+001
  1.6377162e+001
  1.6460083e+001
  1.6133258e+001
  1.6077644e+001
  1.6492903e+001
  1.6650417e+001
  1.6385394e+001
  1.6433565e+001
  1.6862428e+001
  1.6891589e+001
  1.6530815e+001
  1.6572334e+001
  1.6914471e+001
  1.6775912e+001
  1.6369351e+001
  1.6465956e+001
  1.6751116e+001
  1.6478675e+001
  1.6069373e+001
  1.6259824e+001
  1.6570693e+001
  1.6326915e+001
  1.6078428e+001
  1.6373510e+001
  1.6427512e+001
  1.5655909e+001
  1.5180248e+001
  1.6122221e+001
  1.7574965e+001
  1.7879401e+001
