  1.6880517e+001
  1.6668824e+001
  1.7009735e+001
  1.7172691e+001
  1.6753181e+001
  1.6553936e+001
  1.6809519e+001
  1.6722079e+001
  1.6276124e+001
  1.6287188e+001
  1.6626661e+001
  1.6525194e+001
  1.6246270e+001
  1.6495995e+001
  1.6882641e+001
  1.6751333e+001
  1.6568925e+001
  1.6866209e+001
  1.7046473e+001
  1.6648422e+001
  1.6339271e+001
  1.6543620e+001
  1.6643256e+001
  1.6345568e+001
  1.6305705e+001
  1.6755798e+001
  1.6978235e+001
  1.6704033e+001
  1.6582653e+001
  1.6796436e+001
  1.6720497e+001
  1.6281734e+001
  1.6199336e+001
  1.6645907e+001
  1.6923115e+001
  1.6728924e+001
  1.6608157e+001
  1.6785729e+001
  1.6740925e+001
  1.6328325e+001
  1.6174466e+001
  1.6592440e+001
  1.6996192e+001
  1.6848132e+001
  1.6499640e+001
  1.6473905e+001
  1.6598925e+001
  1.6506175e+001
  1.6379820e+001
  1.6606813e+001
  1.6975864e+001
  1.6897650e+001
  1.6403520e+001
  1.6173331e+001
  1.6529352e+001
  1.6984047e+001
  1.6941639e+001
  1.6525266e+001
  1.6304706e+001
  1.6462357e+001
  1.6686445e+001
  1.6698616e+001
  1.6595304e+001
  1.6582759e+001
  1.6624106e+001
  1.6604113e+001
  1.6562093e+001
  1.6612044e+001
  1.6728752e+001
  1.6735423e+001
  1.6604190e+001
  1.6515126e+001
  1.6579650e+001
  1.6699452e+001
  1.6702806e+001
  1.6610402e+001
  1.6577606e+001
  1.6616345e+001
  1.6625244e+001
  1.6590510e+001
  1.6635271e+001
  1.6776101e+001
  1.6780210e+001
  1.6543532e+001
  1.6355307e+001
  1.6541108e+001
  1.6927409e+001
  1.6949287e+001
  1.6486947e+001
  1.6139468e+001
  1.6392633e+001
  1.6909599e+001
  1.6991276e+001
  1.6605736e+001
  1.6366363e+001
  1.6506086e+001
  1.6629388e+001
  1.6523128e+001
  1.6541218e+001
  1.6868036e+001
  1.6999007e+001
  1.6588273e+001
  1.6168999e+001
  1.6323245e+001
  1.6735051e+001
  1.6772962e+001
  1.6579888e+001
  1.6683035e+001
  1.6869169e+001
  1.6599256e+001
  1.6171753e+001
  1.6278043e+001
  1.6738345e+001
  1.6826046e+001
  1.6611438e+001
  1.6723489e+001
  1.6984004e+001
  1.6744365e+001
  1.6277351e+001
  1.6309859e+001
  1.6615228e+001
  1.6530623e+001
  1.6333891e+001
  1.6638087e+001
  1.7029688e+001
  1.6856432e+001
  1.6580779e+001
  1.6783595e+001
  1.6915756e+001
  1.6506531e+001
  1.6224312e+001
  1.6480099e+001
  1.6578757e+001
  1.6252995e+001
  1.6258175e+001
  1.6710032e+001
  1.6788256e+001
  1.6511119e+001
  1.6685566e+001
  1.7090039e+001
  1.6929218e+001
  1.6602209e+001
  1.6829984e+001
  1.7051106e+001
  1.6681734e+001
  1.6440667e+001
  1.6755582e+001
  1.6798788e+001
  1.6336156e+001
  1.6281922e+001
  1.6689722e+001
  1.6629338e+001
  1.6244830e+001
  1.6400629e+001
  1.6615423e+001
  1.5951273e+001
  1.5275592e+001
  1.6044343e+001
  1.7599987e+001
  1.8063204e+001
