  1.6381780e+001
  1.6315587e+001
  1.6715558e+001
  1.6699909e+001
  1.6352050e+001
  1.6523496e+001
  1.6917625e+001
  1.6781246e+001
  1.6601243e+001
  1.6966121e+001
  1.7192942e+001
  1.6834610e+001
  1.6658978e+001
  1.6917049e+001
  1.6815347e+001
  1.6329461e+001
  1.6302537e+001
  1.6659003e+001
  1.6632157e+001
  1.6434658e+001
  1.6746858e+001
  1.7164640e+001
  1.6988104e+001
  1.6663482e+001
  1.6782917e+001
  1.6852313e+001
  1.6446804e+001
  1.6204433e+001
  1.6574630e+001
  1.6925689e+001
  1.6788685e+001
  1.6697949e+001
  1.6961990e+001
  1.6970472e+001
  1.6487500e+001
  1.6223840e+001
  1.6544461e+001
  1.6854710e+001
  1.6740769e+001
  1.6648820e+001
  1.6860636e+001
  1.6873037e+001
  1.6444235e+001
  1.6182385e+001
  1.6527534e+001
  1.6980823e+001
  1.6914584e+001
  1.6566963e+001
  1.6503583e+001
  1.6655307e+001
  1.6641521e+001
  1.6546353e+001
  1.6729800e+001
  1.7045051e+001
  1.6948112e+001
  1.6462879e+001
  1.6260211e+001
  1.6665267e+001
  1.7134038e+001
  1.6998288e+001
  1.6452302e+001
  1.6253341e+001
  1.6650941e+001
  1.7098147e+001
  1.7010085e+001
  1.6550183e+001
  1.6343512e+001
  1.6624221e+001
  1.7000458e+001
  1.6980708e+001
  1.6614871e+001
  1.6391033e+001
  1.6582398e+001
  1.6931762e+001
  1.6961316e+001
  1.6612652e+001
  1.6351568e+001
  1.6552395e+001
  1.6989720e+001
  1.7061107e+001
  1.6616823e+001
  1.6239496e+001
  1.6464309e+001
  1.7028030e+001
  1.7164834e+001
  1.6681976e+001
  1.6257013e+001
  1.6443988e+001
  1.6924799e+001
  1.7031452e+001
  1.6734016e+001
  1.6560264e+001
  1.6645217e+001
  1.6640764e+001
  1.6491704e+001
  1.6590496e+001
  1.6981761e+001
  1.7064371e+001
  1.6593278e+001
  1.6220595e+001
  1.6468132e+001
  1.6895976e+001
  1.6883941e+001
  1.6667442e+001
  1.6750687e+001
  1.6853215e+001
  1.6530145e+001
  1.6199960e+001
  1.6462830e+001
  1.6955339e+001
  1.6963914e+001
  1.6718811e+001
  1.6822162e+001
  1.6958427e+001
  1.6594616e+001
  1.6208297e+001
  1.6437680e+001
  1.6835425e+001
  1.6766007e+001
  1.6655652e+001
  1.6992542e+001
  1.7173601e+001
  1.6747696e+001
  1.6422152e+001
  1.6613725e+001
  1.6647077e+001
  1.6302375e+001
  1.6334922e+001
  1.6815265e+001
  1.6903574e+001
  1.6630194e+001
  1.6793645e+001
  1.7148027e+001
  1.6928493e+001
  1.6578413e+001
  1.6771251e+001
  1.6908258e+001
  1.6496243e+001
  1.6292750e+001
  1.6612343e+001
  1.6622498e+001
  1.6241323e+001
  1.6335734e+001
  1.6740692e+001
  1.6610586e+001
  1.6345442e+001
  1.6680890e+001
  1.6974966e+001
  1.6646372e+001
  1.6529303e+001
  1.7002732e+001
  1.7116869e+001
  1.6745186e+001
  1.6852455e+001
  1.7159441e+001
  1.6565792e+001
  1.5788063e+001
  1.6476845e+001
  1.8115209e+001
  1.8667149e+001
