  1.6803264e+001
  1.7184643e+001
  1.7160634e+001
  1.6784138e+001
  1.6972211e+001
  1.7222573e+001
  1.6809572e+001
  1.6539182e+001
  1.6832492e+001
  1.6786245e+001
  1.6391226e+001
  1.6559130e+001
  1.6962299e+001
  1.6839291e+001
  1.6789536e+001
  1.7264682e+001
  1.7376000e+001
  1.6910371e+001
  1.6806728e+001
  1.7006241e+001
  1.6721114e+001
  1.6374380e+001
  1.6689044e+001
  1.7064069e+001
  1.6899453e+001
  1.6845079e+001
  1.7193129e+001
  1.7139579e+001
  1.6619050e+001
  1.6517408e+001
  1.6822978e+001
  1.6799279e+001
  1.6642062e+001
  1.6988350e+001
  1.7377143e+001
  1.7075291e+001
  1.6585103e+001
  1.6629134e+001
  1.6835827e+001
  1.6721148e+001
  1.6707856e+001
  1.7110456e+001
  1.7269579e+001
  1.6794748e+001
  1.6417818e+001
  1.6696098e+001
  1.7101128e+001
  1.7045051e+001
  1.6838214e+001
  1.6884474e+001
  1.6881952e+001
  1.6621251e+001
  1.6569963e+001
  1.7026903e+001
  1.7391892e+001
  1.7046891e+001
  1.6460430e+001
  1.6482002e+001
  1.7041106e+001
  1.7290364e+001
  1.6902082e+001
  1.6498163e+001
  1.6611748e+001
  1.6987899e+001
  1.7074363e+001
  1.6826751e+001
  1.6673213e+001
  1.6819385e+001
  1.7045014e+001
  1.7046425e+001
  1.6842557e+001
  1.6712515e+001
  1.6802891e+001
  1.6981350e+001
  1.6980100e+001
  1.6779474e+001
  1.6671137e+001
  1.6861616e+001
  1.7133304e+001
  1.7051024e+001
  1.6663652e+001
  1.6536902e+001
  1.6936284e+001
  1.7327568e+001
  1.7076539e+001
  1.6494762e+001
  1.6423660e+001
  1.6955072e+001
  1.7280936e+001
  1.6950583e+001
  1.6551380e+001
  1.6640048e+001
  1.6905307e+001
  1.6894874e+001
  1.6834358e+001
  1.7031134e+001
  1.7081378e+001
  1.6676672e+001
  1.6408421e+001
  1.6802160e+001
  1.7287648e+001
  1.7122732e+001
  1.6705651e+001
  1.6714385e+001
  1.6839654e+001
  1.6643938e+001
  1.6598116e+001
  1.7079060e+001
  1.7376970e+001
  1.6991691e+001
  1.6646855e+001
  1.6796417e+001
  1.6812768e+001
  1.6520573e+001
  1.6660308e+001
  1.7214329e+001
  1.7259632e+001
  1.6861017e+001
  1.6862237e+001
  1.7006515e+001
  1.6640766e+001
  1.6338256e+001
  1.6684642e+001
  1.6959443e+001
  1.6742758e+001
  1.6824385e+001
  1.7278624e+001
  1.7188463e+001
  1.6766097e+001
  1.6870121e+001
  1.7016732e+001
  1.6598702e+001
  1.6396120e+001
  1.6761118e+001
  1.6788852e+001
  1.6477302e+001
  1.6726727e+001
  1.7141121e+001
  1.6943778e+001
  1.6847787e+001
  1.7297525e+001
  1.7325976e+001
  1.6887571e+001
  1.6993691e+001
  1.7268716e+001
  1.6896231e+001
  1.6647354e+001
  1.7000588e+001
  1.6951001e+001
  1.6469007e+001
  1.6613824e+001
  1.6972242e+001
  1.6652790e+001
  1.6441170e+001
  1.6797946e+001
  1.6499701e+001
  1.5575039e+001
  1.5913850e+001
  1.7575023e+001
  1.8343193e+001
