  3.5480177e+000
  3.3813232e+000
  3.2569250e+000
  3.1779287e+000
  3.1468690e+000
  3.1656878e+000
  3.2357176e+000
  3.3576707e+000
  3.5316343e+000
  3.7570697e+000
  4.0328180e+000
  4.3571107e+000
  4.7275871e+000
  5.1413180e+000
  5.5948361e+000
  6.0841755e+000
  6.6049171e+000
  7.1522443e+000
  7.7210046e+000
  8.3057807e+000
  8.9009671e+000
  9.5008537e+000
  1.0099713e+001
  1.0691891e+001
  1.1271898e+001
  1.1834502e+001
  1.2374811e+001
  1.2888360e+001
  1.3371184e+001
  1.3819884e+001
  1.4231677e+001
  1.4604443e+001
  1.4936749e+001
  1.5227860e+001
  1.5477738e+001
  1.5687025e+001
  1.5857006e+001
  1.5989568e+001
  1.6087132e+001
  1.6152588e+001
  1.6189210e+001
  1.6200570e+001
  1.6190440e+001
  1.6162694e+001
  1.6121212e+001
  1.6069780e+001
  1.6011995e+001
  1.5951177e+001
  1.5890287e+001
  1.5831857e+001
  1.5777929e+001
  1.5730007e+001
  1.5689026e+001
  1.5655327e+001
  1.5628661e+001
  1.5608190e+001
  1.5592525e+001
  1.5579756e+001
  1.5567511e+001
  1.5553024e+001
  1.5533208e+001
  1.5504743e+001
  1.5464169e+001
  1.5407981e+001
  1.5332730e+001
  1.5235120e+001
  1.5112104e+001
  1.4960970e+001
  1.4779428e+001
  1.4565674e+001
  1.4318456e+001
  1.4037116e+001
  1.3721619e+001
  1.3372574e+001
  1.2991226e+001
  1.2579447e+001
  1.2139704e+001
  1.1675008e+001
  1.1188865e+001
  1.0685202e+001
  1.0168290e+001
  9.6426639e+000
  9.1130279e+000
  8.5841692e+000
  8.0608656e+000
  7.5477976e+000
  7.0494647e+000
  6.5701091e+000
  6.1136463e+000
  5.6836066e+000
  5.2830869e+000
  4.9147135e+000
  4.5806186e+000
  4.2824268e+000
  4.0212558e+000
  3.7977271e+000
  3.6119877e+000
  3.4637426e+000
  3.3522942e+000
  3.2765896e+000
  3.2352729e+000
  3.2267418e+000
  3.2492046e+000
  3.3007386e+000
  3.3793455e+000
  3.4830041e+000
  3.6097171e+000
  3.7575514e+000
  3.9246703e+000
  4.1093577e+000
  4.3100316e+000
  4.5252483e+000
  4.7536973e+000
  4.9941863e+000
  5.2456179e+000
  5.5069589e+000
  5.7772038e+000
  6.0553346e+000
  6.3402777e+000
  6.6308611e+000
  6.9257747e+000
  7.2235338e+000
  7.5224496e+000
  7.8206086e+000
  8.1158611e+000
  8.4058219e+000
  8.6878824e+000
  8.9592356e+000
  9.2169131e+000
  9.4578345e+000
  9.6788662e+000
  9.8768903e+000
  1.0048880e+001
  1.0191980e+001
  1.0303587e+001
  1.0381434e+001
  1.0423664e+001
  1.0428908e+001
  1.0396339e+001
  1.0325733e+001
  1.0217501e+001
  1.0072715e+001
  9.8931171e+000
  9.6811090e+000
  9.4397293e+000
  9.1726113e+000
  8.8839276e+000
  8.5783195e+000
  8.2608153e+000
  7.9367378e+000
  7.6116038e+000
  7.2910188e+000
  6.9805677e+000
  6.6857058e+000
  6.4116513e+000
  6.1632827e+000
  5.9450422e+000
  5.7608478e+000
  5.6140164e+000
  5.5071980e+000
