  1.7576411e+001
  1.7419000e+001
  1.7028801e+001
  1.7291882e+001
  1.7276898e+001
  1.6773311e+001
  1.6871037e+001
  1.7109303e+001
  1.6733117e+001
  1.6692664e+001
  1.7165592e+001
  1.7085294e+001
  1.6874955e+001
  1.7306719e+001
  1.7462859e+001
  1.7067627e+001
  1.7143808e+001
  1.7347561e+001
  1.6892493e+001
  1.6624763e+001
  1.6969741e+001
  1.6984874e+001
  1.6783894e+001
  1.7210514e+001
  1.7591605e+001
  1.7222933e+001
  1.6987692e+001
  1.7172256e+001
  1.6931564e+001
  1.6550552e+001
  1.6881904e+001
  1.7333771e+001
  1.7166103e+001
  1.7052134e+001
  1.7299639e+001
  1.7120772e+001
  1.6653658e+001
  1.6829429e+001
  1.7355467e+001
  1.7308149e+001
  1.7011908e+001
  1.7104987e+001
  1.7114468e+001
  1.6759231e+001
  1.6770118e+001
  1.7323514e+001
  1.7463177e+001
  1.6930154e+001
  1.6662193e+001
  1.6980863e+001
  1.7204861e+001
  1.7087209e+001
  1.7100812e+001
  1.7219981e+001
  1.7006715e+001
  1.6745457e+001
  1.7022932e+001
  1.7505922e+001
  1.7342547e+001
  1.6730670e+001
  1.6657623e+001
  1.7234727e+001
  1.7507553e+001
  1.7037735e+001
  1.6623039e+001
  1.6931025e+001
  1.7470874e+001
  1.7396701e+001
  1.6847366e+001
  1.6661163e+001
  1.7053294e+001
  1.7360584e+001
  1.7087170e+001
  1.6692767e+001
  1.6824618e+001
  1.7304528e+001
  1.7358196e+001
  1.6862813e+001
  1.6623401e+001
  1.7089016e+001
  1.7573042e+001
  1.7275564e+001
  1.6653390e+001
  1.6688858e+001
  1.7284298e+001
  1.7448948e+001
  1.6975939e+001
  1.6710750e+001
  1.6983477e+001
  1.7201028e+001
  1.7071251e+001
  1.7038980e+001
  1.7152674e+001
  1.6951599e+001
  1.6669311e+001
  1.6966901e+001
  1.7512522e+001
  1.7366409e+001
  1.6790395e+001
  1.6747309e+001
  1.7075426e+001
  1.7066320e+001
  1.7005973e+001
  1.7336972e+001
  1.7385513e+001
  1.6825418e+001
  1.6607209e+001
  1.7051392e+001
  1.7245579e+001
  1.7053458e+001
  1.7234392e+001
  1.7436250e+001
  1.6967070e+001
  1.6589614e+001
  1.6928684e+001
  1.7142022e+001
  1.6936759e+001
  1.7157018e+001
  1.7530449e+001
  1.7180125e+001
  1.6789732e+001
  1.7004184e+001
  1.6976866e+001
  1.6615512e+001
  1.6878872e+001
  1.7340711e+001
  1.7149094e+001
  1.7084923e+001
  1.7481794e+001
  1.7306402e+001
  1.6838448e+001
  1.7017613e+001
  1.7093077e+001
  1.6640155e+001
  1.6706279e+001
  1.7103307e+001
  1.6885937e+001
  1.6810014e+001
  1.7320861e+001
  1.7312695e+001
  1.7005325e+001
  1.7361798e+001
  1.7517629e+001
  1.7064492e+001
  1.7155223e+001
  1.7449903e+001
  1.7025885e+001
  1.6858858e+001
  1.7243244e+001
  1.6992749e+001
  1.6604622e+001
  1.6999133e+001
  1.7104474e+001
  1.6678061e+001
  1.6892771e+001
  1.6990798e+001
  1.6015749e+001
  1.5835357e+001
  1.7459723e+001
  1.8551308e+001
