  1.7537671e+001
  1.7140714e+001
  1.7276563e+001
  1.7605213e+001
  1.7152496e+001
  1.6951267e+001
  1.7245712e+001
  1.6930973e+001
  1.6643888e+001
  1.7070121e+001
  1.7125672e+001
  1.6881513e+001
  1.7298936e+001
  1.7544821e+001
  1.7166304e+001
  1.7263724e+001
  1.7508506e+001
  1.7041482e+001
  1.6812110e+001
  1.7154779e+001
  1.7036672e+001
  1.6820299e+001
  1.7294056e+001
  1.7534700e+001
  1.7166592e+001
  1.7201015e+001
  1.7366613e+001
  1.6904024e+001
  1.6661919e+001
  1.7109135e+001
  1.7265261e+001
  1.7092080e+001
  1.7387740e+001
  1.7553920e+001
  1.6987456e+001
  1.6691124e+001
  1.7107238e+001
  1.7284961e+001
  1.7092015e+001
  1.7253991e+001
  1.7377016e+001
  1.6907199e+001
  1.6659656e+001
  1.7156056e+001
  1.7492525e+001
  1.7187570e+001
  1.7005544e+001
  1.7140514e+001
  1.7033560e+001
  1.6892484e+001
  1.7261943e+001
  1.7599881e+001
  1.7184208e+001
  1.6690902e+001
  1.6993233e+001
  1.7559728e+001
  1.7440157e+001
  1.6943227e+001
  1.6894384e+001
  1.7191991e+001
  1.7264693e+001
  1.7120006e+001
  1.7104637e+001
  1.7140301e+001
  1.7077874e+001
  1.7084638e+001
  1.7255048e+001
  1.7278113e+001
  1.7030707e+001
  1.6918730e+001
  1.7162219e+001
  1.7375906e+001
  1.7206945e+001
  1.6981461e+001
  1.7071757e+001
  1.7281210e+001
  1.7243403e+001
  1.7088142e+001
  1.7100337e+001
  1.7166682e+001
  1.7122420e+001
  1.7126561e+001
  1.7265192e+001
  1.7193227e+001
  1.6896311e+001
  1.6938346e+001
  1.7421564e+001
  1.7527197e+001
  1.6955594e+001
  1.6663998e+001
  1.7178393e+001
  1.7609840e+001
  1.7276872e+001
  1.6911882e+001
  1.7064024e+001
  1.7180889e+001
  1.7043196e+001
  1.7207375e+001
  1.7485329e+001
  1.7127861e+001
  1.6641795e+001
  1.6938830e+001
  1.7457478e+001
  1.7332976e+001
  1.7128228e+001
  1.7287662e+001
  1.7099707e+001
  1.6664702e+001
  1.6922076e+001
  1.7467060e+001
  1.7329861e+001
  1.7091264e+001
  1.7298414e+001
  1.7135180e+001
  1.6665392e+001
  1.6895648e+001
  1.7359627e+001
  1.7202735e+001
  1.7180836e+001
  1.7556981e+001
  1.7307049e+001
  1.6806056e+001
  1.6996462e+001
  1.7109463e+001
  1.6781427e+001
  1.7029796e+001
  1.7507870e+001
  1.7260052e+001
  1.7145253e+001
  1.7503111e+001
  1.7249646e+001
  1.6842903e+001
  1.7107417e+001
  1.7069918e+001
  1.6651967e+001
  1.6936138e+001
  1.7232796e+001
  1.6896585e+001
  1.7044516e+001
  1.7481344e+001
  1.7212755e+001
  1.7179523e+001
  1.7642821e+001
  1.7401292e+001
  1.7093071e+001
  1.7467665e+001
  1.7340402e+001
  1.6891549e+001
  1.7195069e+001
  1.7242506e+001
  1.6717121e+001
  1.6921652e+001
  1.7238342e+001
  1.6815079e+001
  1.6863123e+001
  1.7121171e+001
  1.6235621e+001
  1.5831022e+001
  1.7398469e+001
  1.8640577e+001
