  1.7065046e+001
  1.6693574e+001
  1.7079863e+001
  1.7336086e+001
  1.7003009e+001
  1.7273006e+001
  1.7619495e+001
  1.7229451e+001
  1.7230668e+001
  1.7552491e+001
  1.7180698e+001
  1.7004718e+001
  1.7334987e+001
  1.7038901e+001
  1.6682546e+001
  1.7091470e+001
  1.7234624e+001
  1.7031152e+001
  1.7448996e+001
  1.7702827e+001
  1.7211310e+001
  1.7101493e+001
  1.7271228e+001
  1.6869158e+001
  1.6725654e+001
  1.7266063e+001
  1.7388385e+001
  1.7184116e+001
  1.7487175e+001
  1.7530294e+001
  1.6922283e+001
  1.6816775e+001
  1.7241553e+001
  1.7207816e+001
  1.7094034e+001
  1.7452665e+001
  1.7415121e+001
  1.6831691e+001
  1.6788089e+001
  1.7208464e+001
  1.7224024e+001
  1.7164304e+001
  1.7481751e+001
  1.7408705e+001
  1.6822356e+001
  1.6803981e+001
  1.7413721e+001
  1.7537424e+001
  1.7115439e+001
  1.7024326e+001
  1.7188977e+001
  1.7115600e+001
  1.7124529e+001
  1.7473397e+001
  1.7475546e+001
  1.6933878e+001
  1.6788222e+001
  1.7364162e+001
  1.7650447e+001
  1.7116098e+001
  1.6705561e+001
  1.7092693e+001
  1.7572064e+001
  1.7357167e+001
  1.6909613e+001
  1.6987116e+001
  1.7392791e+001
  1.7436406e+001
  1.7100177e+001
  1.6975888e+001
  1.7239042e+001
  1.7439045e+001
  1.7228824e+001
  1.6954108e+001
  1.7065895e+001
  1.7393369e+001
  1.7352005e+001
  1.6959559e+001
  1.6896840e+001
  1.7350880e+001
  1.7560403e+001
  1.7071310e+001
  1.6685830e+001
  1.7113868e+001
  1.7664350e+001
  1.7373814e+001
  1.6771220e+001
  1.6879694e+001
  1.7396397e+001
  1.7403412e+001
  1.7087750e+001
  1.7100177e+001
  1.7171925e+001
  1.7007964e+001
  1.7120020e+001
  1.7567730e+001
  1.7449143e+001
  1.6815370e+001
  1.6790941e+001
  1.7345210e+001
  1.7434257e+001
  1.7179507e+001
  1.7291676e+001
  1.7274877e+001
  1.6830211e+001
  1.6879104e+001
  1.7487128e+001
  1.7514447e+001
  1.7101344e+001
  1.7168379e+001
  1.7201048e+001
  1.6797004e+001
  1.6903814e+001
  1.7494075e+001
  1.7443892e+001
  1.7154810e+001
  1.7379898e+001
  1.7275484e+001
  1.6752130e+001
  1.6911186e+001
  1.7315918e+001
  1.7126252e+001
  1.7203081e+001
  1.7671388e+001
  1.7420298e+001
  1.7030851e+001
  1.7269162e+001
  1.7134725e+001
  1.6690609e+001
  1.6993195e+001
  1.7265755e+001
  1.6962253e+001
  1.7187982e+001
  1.7591943e+001
  1.7270099e+001
  1.7248479e+001
  1.7607786e+001
  1.7219663e+001
  1.6909171e+001
  1.7235260e+001
  1.7018982e+001
  1.6684310e+001
  1.7075787e+001
  1.7069197e+001
  1.6708019e+001
  1.7093261e+001
  1.7271152e+001
  1.6883815e+001
  1.7184821e+001
  1.7485102e+001
  1.7042748e+001
  1.7193521e+001
  1.7655316e+001
  1.7297047e+001
  1.7276960e+001
  1.7631412e+001
  1.6820636e+001
  1.6325647e+001
  1.7907452e+001
  1.9248787e+001
