  1.7555048e+001
  1.7225546e+001
  1.7583653e+001
  1.7409728e+001
  1.6978298e+001
  1.7268244e+001
  1.7200438e+001
  1.6734865e+001
  1.7002417e+001
  1.7177895e+001
  1.6885756e+001
  1.7276241e+001
  1.7702834e+001
  1.7329638e+001
  1.7303956e+001
  1.7547145e+001
  1.7106762e+001
  1.6917136e+001
  1.7264375e+001
  1.7049486e+001
  1.6831566e+001
  1.7342933e+001
  1.7491940e+001
  1.7198786e+001
  1.7441991e+001
  1.7497497e+001
  1.6911256e+001
  1.6865380e+001
  1.7282424e+001
  1.7181087e+001
  1.7162106e+001
  1.7623259e+001
  1.7490817e+001
  1.6911207e+001
  1.6960785e+001
  1.7177093e+001
  1.7005658e+001
  1.7205698e+001
  1.7698248e+001
  1.7413092e+001
  1.6836299e+001
  1.7018641e+001
  1.7395588e+001
  1.7288457e+001
  1.7290493e+001
  1.7496391e+001
  1.7173666e+001
  1.6751469e+001
  1.7126750e+001
  1.7690099e+001
  1.7437866e+001
  1.6943889e+001
  1.7048074e+001
  1.7326943e+001
  1.7271942e+001
  1.7240234e+001
  1.7354917e+001
  1.7165052e+001
  1.6892859e+001
  1.7160765e+001
  1.7618213e+001
  1.7387536e+001
  1.6822311e+001
  1.6958862e+001
  1.7609341e+001
  1.7621664e+001
  1.6962105e+001
  1.6797303e+001
  1.7412884e+001
  1.7728743e+001
  1.7187534e+001
  1.6746144e+001
  1.7155021e+001
  1.7679075e+001
  1.7368473e+001
  1.6767451e+001
  1.6938308e+001
  1.7596433e+001
  1.7585687e+001
  1.6936466e+001
  1.6787862e+001
  1.7332903e+001
  1.7561708e+001
  1.7130097e+001
  1.6890206e+001
  1.7166895e+001
  1.7337082e+001
  1.7193276e+001
  1.7210497e+001
  1.7285100e+001
  1.7040498e+001
  1.6942019e+001
  1.7409620e+001
  1.7643467e+001
  1.7094282e+001
  1.6749796e+001
  1.7190236e+001
  1.7501270e+001
  1.7257938e+001
  1.7223511e+001
  1.7336857e+001
  1.6995174e+001
  1.6830795e+001
  1.7391994e+001
  1.7667403e+001
  1.7205546e+001
  1.7052685e+001
  1.7240136e+001
  1.7003861e+001
  1.6934393e+001
  1.7511944e+001
  1.7639155e+001
  1.7153318e+001
  1.7146399e+001
  1.7244979e+001
  1.6846001e+001
  1.6912617e+001
  1.7513498e+001
  1.7470204e+001
  1.7240930e+001
  1.7541328e+001
  1.7376259e+001
  1.6823482e+001
  1.6997710e+001
  1.7204932e+001
  1.6909652e+001
  1.7181005e+001
  1.7659826e+001
  1.7371582e+001
  1.7312648e+001
  1.7638879e+001
  1.7229672e+001
  1.6884502e+001
  1.7203156e+001
  1.7020718e+001
  1.6726306e+001
  1.7166300e+001
  1.7228510e+001
  1.6959267e+001
  1.7419880e+001
  1.7597361e+001
  1.7199898e+001
  1.7473668e+001
  1.7651477e+001
  1.7163331e+001
  1.7302570e+001
  1.7534743e+001
  1.7028128e+001
  1.7060422e+001
  1.7370745e+001
  1.6886239e+001
  1.6824416e+001
  1.7285759e+001
  1.6971996e+001
  1.6852231e+001
  1.7231451e+001
  1.6488021e+001
  1.5867334e+001
  1.7334140e+001
  1.8717591e+001
