  1.6969620e+001
  1.6885409e+001
  1.7315675e+001
  1.7076237e+001
  1.7055624e+001
  1.7609244e+001
  1.7462338e+001
  1.7321128e+001
  1.7765072e+001
  1.7517404e+001
  1.7094826e+001
  1.7369165e+001
  1.7195948e+001
  1.6763416e+001
  1.7084840e+001
  1.7205497e+001
  1.6968888e+001
  1.7444610e+001
  1.7769950e+001
  1.7325325e+001
  1.7309469e+001
  1.7430195e+001
  1.6916200e+001
  1.6845163e+001
  1.7334058e+001
  1.7258738e+001
  1.7181421e+001
  1.7632459e+001
  1.7493882e+001
  1.6947839e+001
  1.7070593e+001
  1.7220142e+001
  1.6975921e+001
  1.7269632e+001
  1.7757392e+001
  1.7394877e+001
  1.6977859e+001
  1.7200567e+001
  1.7231962e+001
  1.7053588e+001
  1.7433554e+001
  1.7713335e+001
  1.7179933e+001
  1.6839963e+001
  1.7219554e+001
  1.7419189e+001
  1.7258294e+001
  1.7388497e+001
  1.7441962e+001
  1.6995850e+001
  1.6888344e+001
  1.7483315e+001
  1.7686199e+001
  1.7098167e+001
  1.6826689e+001
  1.7261664e+001
  1.7520799e+001
  1.7265375e+001
  1.7125669e+001
  1.7234790e+001
  1.7236302e+001
  1.7216704e+001
  1.7397994e+001
  1.7426869e+001
  1.7121649e+001
  1.7029766e+001
  1.7390176e+001
  1.7548925e+001
  1.7151371e+001
  1.6915577e+001
  1.7299733e+001
  1.7623558e+001
  1.7273385e+001
  1.6883100e+001
  1.7140153e+001
  1.7563635e+001
  1.7407645e+001
  1.7032574e+001
  1.7115571e+001
  1.7418969e+001
  1.7379636e+001
  1.7181336e+001
  1.7200481e+001
  1.7221118e+001
  1.7131891e+001
  1.7270325e+001
  1.7511283e+001
  1.7241961e+001
  1.6817229e+001
  1.7124426e+001
  1.7747136e+001
  1.7540262e+001
  1.6904624e+001
  1.6971985e+001
  1.7405037e+001
  1.7363318e+001
  1.7246962e+001
  1.7400048e+001
  1.7175049e+001
  1.6786421e+001
  1.7150989e+001
  1.7714497e+001
  1.7433547e+001
  1.7021668e+001
  1.7171592e+001
  1.7143643e+001
  1.6950620e+001
  1.7395455e+001
  1.7768792e+001
  1.7283362e+001
  1.6990421e+001
  1.7227285e+001
  1.7063328e+001
  1.6933891e+001
  1.7486883e+001
  1.7636310e+001
  1.7189858e+001
  1.7264031e+001
  1.7335274e+001
  1.6850838e+001
  1.6931708e+001
  1.7441305e+001
  1.7287806e+001
  1.7257431e+001
  1.7686768e+001
  1.7407835e+001
  1.7007737e+001
  1.7281117e+001
  1.7134851e+001
  1.6767077e+001
  1.7178542e+001
  1.7358398e+001
  1.7093467e+001
  1.7511446e+001
  1.7741807e+001
  1.7276772e+001
  1.7405270e+001
  1.7564182e+001
  1.7049821e+001
  1.7108327e+001
  1.7346085e+001
  1.6866513e+001
  1.6888159e+001
  1.7248832e+001
  1.6886247e+001
  1.6925636e+001
  1.7391085e+001
  1.7086318e+001
  1.7071477e+001
  1.7571521e+001
  1.7258713e+001
  1.7129570e+001
  1.7698043e+001
  1.7521370e+001
  1.7358044e+001
  1.7800289e+001
  1.7105681e+001
  1.6332879e+001
  1.7763860e+001
  1.9274354e+001
