  1.7379798e+001
  1.7485857e+001
  1.7687857e+001
  1.7164195e+001
  1.7210458e+001
  1.7433253e+001
  1.6954324e+001
  1.7018577e+001
  1.7379460e+001
  1.7031451e+001
  1.7113710e+001
  1.7591084e+001
  1.7349194e+001
  1.7368259e+001
  1.7767695e+001
  1.7349394e+001
  1.7029387e+001
  1.7314969e+001
  1.7055547e+001
  1.6843127e+001
  1.7374043e+001
  1.7462358e+001
  1.7256215e+001
  1.7645512e+001
  1.7594793e+001
  1.6980683e+001
  1.7042304e+001
  1.7235185e+001
  1.6977578e+001
  1.7263908e+001
  1.7778411e+001
  1.7434865e+001
  1.7101925e+001
  1.7312364e+001
  1.7152673e+001
  1.6969748e+001
  1.7516536e+001
  1.7773414e+001
  1.7251804e+001
  1.7082732e+001
  1.7267799e+001
  1.7091122e+001
  1.7139897e+001
  1.7682682e+001
  1.7603318e+001
  1.6955435e+001
  1.6983998e+001
  1.7482584e+001
  1.7466475e+001
  1.7255751e+001
  1.7342592e+001
  1.7213847e+001
  1.6939343e+001
  1.7252654e+001
  1.7737108e+001
  1.7398992e+001
  1.6823113e+001
  1.7101006e+001
  1.7705281e+001
  1.7526406e+001
  1.6978516e+001
  1.7049143e+001
  1.7492176e+001
  1.7501300e+001
  1.7182995e+001
  1.7128743e+001
  1.7309730e+001
  1.7359667e+001
  1.7254661e+001
  1.7226385e+001
  1.7288445e+001
  1.7321457e+001
  1.7247901e+001
  1.7174041e+001
  1.7229635e+001
  1.7370239e+001
  1.7327592e+001
  1.7132795e+001
  1.7180683e+001
  1.7504559e+001
  1.7499142e+001
  1.7055578e+001
  1.6990240e+001
  1.7548291e+001
  1.7725616e+001
  1.7103037e+001
  1.6806232e+001
  1.7377133e+001
  1.7729220e+001
  1.7276022e+001
  1.6994633e+001
  1.7278421e+001
  1.7386677e+001
  1.7264078e+001
  1.7448192e+001
  1.7458420e+001
  1.6956718e+001
  1.6903981e+001
  1.7522534e+001
  1.7611614e+001
  1.7120255e+001
  1.7117568e+001
  1.7301434e+001
  1.7086855e+001
  1.7211478e+001
  1.7704028e+001
  1.7450123e+001
  1.6923426e+001
  1.7118920e+001
  1.7279969e+001
  1.7069059e+001
  1.7402078e+001
  1.7748618e+001
  1.7245888e+001
  1.6976095e+001
  1.7243371e+001
  1.7045487e+001
  1.6964878e+001
  1.7559285e+001
  1.7608470e+001
  1.7236267e+001
  1.7456339e+001
  1.7363173e+001
  1.6819151e+001
  1.7034126e+001
  1.7314475e+001
  1.7040849e+001
  1.7347400e+001
  1.7747282e+001
  1.7350658e+001
  1.7351558e+001
  1.7604714e+001
  1.7111302e+001
  1.6990120e+001
  1.7302827e+001
  1.6935447e+001
  1.6889965e+001
  1.7394565e+001
  1.7196302e+001
  1.7166989e+001
  1.7687861e+001
  1.7457603e+001
  1.7310263e+001
  1.7762934e+001
  1.7470749e+001
  1.7213709e+001
  1.7617856e+001
  1.7315647e+001
  1.7019047e+001
  1.7434377e+001
  1.7150380e+001
  1.6820850e+001
  1.7314372e+001
  1.7178577e+001
  1.6882656e+001
  1.7289557e+001
  1.6702512e+001
  1.5880725e+001
  1.7221904e+001
  1.8770059e+001
