  1.7286499e+001
  1.7367969e+001
  1.6999599e+001
  1.7474214e+001
  1.7503225e+001
  1.7377865e+001
  1.7975239e+001
  1.7733076e+001
  1.7371727e+001
  1.7644868e+001
  1.7213480e+001
  1.7044156e+001
  1.7414958e+001
  1.7090092e+001
  1.7241434e+001
  1.7815480e+001
  1.7509970e+001
  1.7540626e+001
  1.7781760e+001
  1.7242011e+001
  1.7226522e+001
  1.7430927e+001
  1.7008584e+001
  1.7275593e+001
  1.7788976e+001
  1.7487315e+001
  1.7558858e+001
  1.7680417e+001
  1.7065488e+001
  1.7077455e+001
  1.7537641e+001
  1.7375323e+001
  1.7532671e+001
  1.7837039e+001
  1.7260584e+001
  1.7022104e+001
  1.7501669e+001
  1.7478674e+001
  1.7428412e+001
  1.7754978e+001
  1.7370685e+001
  1.6901295e+001
  1.7387327e+001
  1.7728133e+001
  1.7434236e+001
  1.7454787e+001
  1.7429198e+001
  1.7056972e+001
  1.7343189e+001
  1.7940758e+001
  1.7546606e+001
  1.6985785e+001
  1.7373133e+001
  1.7773418e+001
  1.7483294e+001
  1.7310662e+001
  1.7393335e+001
  1.7291626e+001
  1.7353173e+001
  1.7659745e+001
  1.7455027e+001
  1.7031042e+001
  1.7345274e+001
  1.7851286e+001
  1.7450387e+001
  1.6917046e+001
  1.7359774e+001
  1.7910395e+001
  1.7439845e+001
  1.6902886e+001
  1.7359274e+001
  1.7855629e+001
  1.7362271e+001
  1.6899887e+001
  1.7419682e+001
  1.7873914e+001
  1.7324470e+001
  1.6910998e+001
  1.7491856e+001
  1.7915935e+001
  1.7388281e+001
  1.7049717e+001
  1.7477211e+001
  1.7685757e+001
  1.7363661e+001
  1.7295114e+001
  1.7412074e+001
  1.7328390e+001
  1.7462607e+001
  1.7718081e+001
  1.7320747e+001
  1.6950145e+001
  1.7513943e+001
  1.7915451e+001
  1.7347171e+001
  1.7076798e+001
  1.7420908e+001
  1.7410869e+001
  1.7386222e+001
  1.7693270e+001
  1.7365910e+001
  1.6906013e+001
  1.7416703e+001
  1.7822059e+001
  1.7474139e+001
  1.7491078e+001
  1.7499145e+001
  1.7018584e+001
  1.7254997e+001
  1.7827274e+001
  1.7526476e+001
  1.7380004e+001
  1.7549488e+001
  1.7085107e+001
  1.7058665e+001
  1.7659093e+001
  1.7534158e+001
  1.7471421e+001
  1.7787983e+001
  1.7284577e+001
  1.7008457e+001
  1.7409832e+001
  1.7205371e+001
  1.7249271e+001
  1.7803920e+001
  1.7525604e+001
  1.7429693e+001
  1.7714833e+001
  1.7189488e+001
  1.7087929e+001
  1.7415190e+001
  1.7048523e+001
  1.7263439e+001
  1.7720728e+001
  1.7387514e+001
  1.7651435e+001
  1.7873038e+001
  1.7361598e+001
  1.7585293e+001
  1.7572761e+001
  1.7042789e+001
  1.7354370e+001
  1.7251994e+001
  1.6891831e+001
  1.7362216e+001
  1.7208310e+001
  1.7055669e+001
  1.7607293e+001
  1.7332219e+001
  1.7319700e+001
  1.7808618e+001
  1.7371577e+001
  1.7501305e+001
  1.7940798e+001
  1.7465779e+001
  1.7699904e+001
  1.7631860e+001
  1.6506756e+001
  1.7458908e+001
  1.9397448e+001
