  1.7868838e+001
  1.7619420e+001
  1.7282124e+001
  1.7608201e+001
  1.7174515e+001
  1.7098653e+001
  1.7493520e+001
  1.7077793e+001
  1.7204545e+001
  1.7562184e+001
  1.7269038e+001
  1.7701215e+001
  1.7944296e+001
  1.7437476e+001
  1.7637112e+001
  1.7509237e+001
  1.6957027e+001
  1.7267467e+001
  1.7295024e+001
  1.7186377e+001
  1.7858415e+001
  1.7810476e+001
  1.7368265e+001
  1.7569951e+001
  1.7237655e+001
  1.6958429e+001
  1.7522989e+001
  1.7556013e+001
  1.7446910e+001
  1.7859952e+001
  1.7485116e+001
  1.6978794e+001
  1.7344875e+001
  1.7412897e+001
  1.7365590e+001
  1.7881854e+001
  1.7685182e+001
  1.7055141e+001
  1.7282758e+001
  1.7498718e+001
  1.7357773e+001
  1.7706957e+001
  1.7700008e+001
  1.7033120e+001
  1.7167453e+001
  1.7784315e+001
  1.7608510e+001
  1.7348573e+001
  1.7474215e+001
  1.7291158e+001
  1.7265088e+001
  1.7795855e+001
  1.7705936e+001
  1.7017795e+001
  1.7165078e+001
  1.7787444e+001
  1.7576695e+001
  1.7107383e+001
  1.7292043e+001
  1.7558965e+001
  1.7448530e+001
  1.7414099e+001
  1.7445852e+001
  1.7325752e+001
  1.7389697e+001
  1.7639138e+001
  1.7487148e+001
  1.7192053e+001
  1.7432881e+001
  1.7767999e+001
  1.7449563e+001
  1.7114242e+001
  1.7459339e+001
  1.7775506e+001
  1.7422825e+001
  1.7163593e+001
  1.7457462e+001
  1.7632922e+001
  1.7417609e+001
  1.7358066e+001
  1.7443055e+001
  1.7389532e+001
  1.7443500e+001
  1.7575509e+001
  1.7309224e+001
  1.7133021e+001
  1.7629100e+001
  1.7846193e+001
  1.7189417e+001
  1.6998975e+001
  1.7667231e+001
  1.7759671e+001
  1.7236828e+001
  1.7269626e+001
  1.7458490e+001
  1.7323827e+001
  1.7560599e+001
  1.7733218e+001
  1.7138884e+001
  1.7016713e+001
  1.7682413e+001
  1.7707825e+001
  1.7394509e+001
  1.7543726e+001
  1.7296491e+001
  1.7037714e+001
  1.7656195e+001
  1.7849207e+001
  1.7335337e+001
  1.7397664e+001
  1.7352064e+001
  1.7001552e+001
  1.7510929e+001
  1.7875994e+001
  1.7438903e+001
  1.7518668e+001
  1.7473254e+001
  1.6930622e+001
  1.7251637e+001
  1.7600675e+001
  1.7364710e+001
  1.7757342e+001
  1.7800826e+001
  1.7177408e+001
  1.7336400e+001
  1.7310877e+001
  1.6956097e+001
  1.7464895e+001
  1.7570379e+001
  1.7342916e+001
  1.7829902e+001
  1.7634075e+001
  1.7297417e+001
  1.7633537e+001
  1.7225524e+001
  1.7024575e+001
  1.7425676e+001
  1.7081303e+001
  1.7212527e+001
  1.7655239e+001
  1.7293973e+001
  1.7592550e+001
  1.7837788e+001
  1.7391014e+001
  1.7757738e+001
  1.7732430e+001
  1.7310259e+001
  1.7730865e+001
  1.7462618e+001
  1.7165914e+001
  1.7595892e+001
  1.7154261e+001
  1.7080566e+001
  1.7537525e+001
  1.7071332e+001
  1.7210241e+001
  1.7221301e+001
  1.6074482e+001
  1.6873584e+001
  1.8813566e+001
