  1.7488678e+001
  1.7158138e+001
  1.7247616e+001
  1.7675961e+001
  1.7320634e+001
  1.7662743e+001
  1.7891687e+001
  1.7451099e+001
  1.7765854e+001
  1.7587041e+001
  1.7090453e+001
  1.7444927e+001
  1.7238110e+001
  1.7098247e+001
  1.7663897e+001
  1.7475474e+001
  1.7501466e+001
  1.7901658e+001
  1.7395076e+001
  1.7313267e+001
  1.7523378e+001
  1.7047277e+001
  1.7251721e+001
  1.7668947e+001
  1.7413140e+001
  1.7720349e+001
  1.7817245e+001
  1.7144781e+001
  1.7242763e+001
  1.7471424e+001
  1.7224385e+001
  1.7637622e+001
  1.7820272e+001
  1.7236210e+001
  1.7307479e+001
  1.7499277e+001
  1.7252158e+001
  1.7645073e+001
  1.7909689e+001
  1.7244592e+001
  1.7119589e+001
  1.7513586e+001
  1.7415209e+001
  1.7534449e+001
  1.7784603e+001
  1.7240244e+001
  1.7009019e+001
  1.7665452e+001
  1.7768308e+001
  1.7290763e+001
  1.7319797e+001
  1.7409725e+001
  1.7301233e+001
  1.7600243e+001
  1.7702539e+001
  1.7108037e+001
  1.7066610e+001
  1.7794339e+001
  1.7761870e+001
  1.7071844e+001
  1.7212037e+001
  1.7826311e+001
  1.7636531e+001
  1.7149439e+001
  1.7339644e+001
  1.7697943e+001
  1.7516801e+001
  1.7277885e+001
  1.7443130e+001
  1.7624156e+001
  1.7458131e+001
  1.7305922e+001
  1.7468475e+001
  1.7631630e+001
  1.7431588e+001
  1.7247544e+001
  1.7484245e+001
  1.7680955e+001
  1.7340642e+001
  1.7140959e+001
  1.7590205e+001
  1.7759744e+001
  1.7163684e+001
  1.7048082e+001
  1.7749815e+001
  1.7797842e+001
  1.7095347e+001
  1.7149532e+001
  1.7731668e+001
  1.7605778e+001
  1.7296738e+001
  1.7421962e+001
  1.7353961e+001
  1.7322230e+001
  1.7776819e+001
  1.7649500e+001
  1.6986003e+001
  1.7242284e+001
  1.7816550e+001
  1.7560199e+001
  1.7417435e+001
  1.7515223e+001
  1.7128841e+001
  1.7233819e+001
  1.7867616e+001
  1.7596309e+001
  1.7203145e+001
  1.7432490e+001
  1.7238256e+001
  1.7207550e+001
  1.7842457e+001
  1.7680580e+001
  1.7259147e+001
  1.7485777e+001
  1.7227225e+001
  1.7089538e+001
  1.7735296e+001
  1.7660724e+001
  1.7412154e+001
  1.7700501e+001
  1.7261615e+001
  1.7019539e+001
  1.7491073e+001
  1.7320321e+001
  1.7457392e+001
  1.7987448e+001
  1.7556455e+001
  1.7477927e+001
  1.7627004e+001
  1.7038375e+001
  1.7178274e+001
  1.7413592e+001
  1.7082571e+001
  1.7567605e+001
  1.7724399e+001
  1.7410705e+001
  1.7871008e+001
  1.7665031e+001
  1.7343652e+001
  1.7706449e+001
  1.7259755e+001
  1.7140121e+001
  1.7464234e+001
  1.6992050e+001
  1.7198841e+001
  1.7440733e+001
  1.7015767e+001
  1.7450236e+001
  1.7480592e+001
  1.7179349e+001
  1.7737162e+001
  1.7499532e+001
  1.7370095e+001
  1.7958533e+001
  1.7587448e+001
  1.7691431e+001
  1.7804610e+001
  1.6587789e+001
  1.7273810e+001
  1.9322251e+001
