  1.7479287e+001
  1.7083874e+001
  1.7581186e+001
  1.7525912e+001
  1.7427748e+001
  1.7985639e+001
  1.7628713e+001
  1.7665153e+001
  1.7886838e+001
  1.7259786e+001
  1.7388183e+001
  1.7358780e+001
  1.6975997e+001
  1.7529936e+001
  1.7542074e+001
  1.7439991e+001
  1.7952395e+001
  1.7574072e+001
  1.7414097e+001
  1.7623041e+001
  1.7076355e+001
  1.7245357e+001
  1.7679837e+001
  1.7421304e+001
  1.7783130e+001
  1.7834599e+001
  1.7187865e+001
  1.7341910e+001
  1.7350195e+001
  1.7152092e+001
  1.7778062e+001
  1.7790992e+001
  1.7279812e+001
  1.7467665e+001
  1.7307698e+001
  1.7132850e+001
  1.7765547e+001
  1.7747924e+001
  1.7269531e+001
  1.7432944e+001
  1.7318582e+001
  1.7209398e+001
  1.7841050e+001
  1.7781930e+001
  1.7103677e+001
  1.7303094e+001
  1.7634857e+001
  1.7476026e+001
  1.7625417e+001
  1.7545706e+001
  1.7042305e+001
  1.7374119e+001
  1.7979392e+001
  1.7489820e+001
  1.7021695e+001
  1.7477746e+001
  1.7705650e+001
  1.7397816e+001
  1.7400577e+001
  1.7501424e+001
  1.7413519e+001
  1.7534017e+001
  1.7587372e+001
  1.7239231e+001
  1.7278749e+001
  1.7801943e+001
  1.7670399e+001
  1.7097313e+001
  1.7335871e+001
  1.7872344e+001
  1.7479349e+001
  1.7005381e+001
  1.7502351e+001
  1.7900872e+001
  1.7346978e+001
  1.7084695e+001
  1.7645263e+001
  1.7780922e+001
  1.7274514e+001
  1.7252739e+001
  1.7607559e+001
  1.7544344e+001
  1.7403481e+001
  1.7474229e+001
  1.7372655e+001
  1.7388899e+001
  1.7718587e+001
  1.7495514e+001
  1.7025106e+001
  1.7471744e+001
  1.7956858e+001
  1.7373918e+001
  1.7057518e+001
  1.7542404e+001
  1.7593241e+001
  1.7429958e+001
  1.7592379e+001
  1.7274362e+001
  1.7073836e+001
  1.7733090e+001
  1.7796736e+001
  1.7203135e+001
  1.7342822e+001
  1.7467690e+001
  1.7322807e+001
  1.7819771e+001
  1.7806015e+001
  1.7112812e+001
  1.7279988e+001
  1.7486388e+001
  1.7334596e+001
  1.7846785e+001
  1.7812373e+001
  1.7168451e+001
  1.7369768e+001
  1.7362339e+001
  1.7184719e+001
  1.7805987e+001
  1.7749302e+001
  1.7392745e+001
  1.7654969e+001
  1.7221659e+001
  1.7049824e+001
  1.7595533e+001
  1.7398680e+001
  1.7573549e+001
  1.7950867e+001
  1.7427128e+001
  1.7526932e+001
  1.7527179e+001
  1.6982399e+001
  1.7350246e+001
  1.7340588e+001
  1.7163977e+001
  1.7761903e+001
  1.7552488e+001
  1.7545041e+001
  1.7930115e+001
  1.7417326e+001
  1.7559911e+001
  1.7614732e+001
  1.7072025e+001
  1.7426212e+001
  1.7254986e+001
  1.7029634e+001
  1.7535280e+001
  1.7179989e+001
  1.7304058e+001
  1.7677493e+001
  1.7237192e+001
  1.7664846e+001
  1.7702722e+001
  1.7330706e+001
  1.7935440e+001
  1.7702180e+001
  1.7624122e+001
  1.7907107e+001
  1.6730120e+001
  1.7207534e+001
  1.9342081e+001
