  3.6977502e+000
  1.0160358e+000
 -1.3998270e+000
 -3.5223518e+000
 -5.3280829e+000
 -6.7978554e+000
 -7.9170262e+000
 -8.6756700e+000
 -9.0687354e+000
 -9.0961516e+000
 -8.7628774e+000
 -8.0788824e+000
 -7.0590534e+000
 -5.7230189e+000
 -4.0948871e+000
 -2.2028972e+000
 -7.8985870e-002
  2.2417258e+000
  4.7215160e+000
  7.3207037e+000
  9.9983356e+000
  1.2712901e+001
  1.5423055e+001
  1.8088346e+001
  2.0669903e+001
  2.3131102e+001
  2.5438170e+001
  2.7560724e+001
  2.9472245e+001
  3.1150454e+001
  3.2577621e+001
  3.3740765e+001
  3.4631780e+001
  3.5247457e+001
  3.5589427e+001
  3.5664014e+001
  3.5482010e+001
  3.5058373e+001
  3.4411853e+001
  3.3564558e+001
  3.2541460e+001
  3.1369856e+001
  3.0078790e+001
  2.8698446e+001
  2.7259521e+001
  2.5792602e+001
  2.4327547e+001
  2.2892882e+001
  2.1515246e+001
  2.0218873e+001
  1.9025144e+001
  1.7952212e+001
  1.7014700e+001
  1.6223503e+001
  1.5585677e+001
  1.5104427e+001
  1.4779202e+001
  1.4605872e+001
  1.4577004e+001
  1.4682210e+001
  1.4908574e+001
  1.5241121e+001
  1.5663333e+001
  1.6157684e+001
  1.6706183e+001
  1.7290903e+001
  1.7894478e+001
  1.8500565e+001
  1.9094240e+001
  1.9662335e+001
  2.0193695e+001
  2.0679358e+001
  2.1112657e+001
  2.1489238e+001
  2.1807016e+001
  2.2066053e+001
  2.2268389e+001
  2.2417825e+001
  2.2519675e+001
  2.2580490e+001
  2.2607782e+001
  2.2609731e+001
  2.2594915e+001
  2.2572045e+001
  2.2549718e+001
  2.2536193e+001
  2.2539194e+001
  2.2565733e+001
  2.2621956e+001
  2.2713016e+001
  2.2842968e+001
  2.3014683e+001
  2.3229794e+001
  2.3488649e+001
  2.3790309e+001
  2.4132546e+001
  2.4511891e+001
  2.4923692e+001
  2.5362202e+001
  2.5820703e+001
  2.6291647e+001
  2.6766823e+001
  2.7237552e+001
  2.7694896e+001
  2.8129881e+001
  2.8533729e+001
  2.8898101e+001
  2.9215322e+001
  2.9478608e+001
  2.9682269e+001
  2.9821893e+001
  2.9894489e+001
  2.9898602e+001
  2.9834375e+001
  2.9703574e+001
  2.9509547e+001
  2.9257144e+001
  2.8952573e+001
  2.8603211e+001
  2.8217366e+001
  2.7804002e+001
  2.7372431e+001
  2.6931985e+001
  2.6491683e+001
  2.6059899e+001
  2.5644053e+001
  2.5250333e+001
  2.4883464e+001
  2.4546535e+001
  2.4240887e+001
  2.3966080e+001
  2.3719930e+001
  2.3498629e+001
  2.3296925e+001
  2.3108377e+001
  2.2925656e+001
  2.2740894e+001
  2.2546052e+001
  2.2333298e+001
  2.2095381e+001
  2.1825978e+001
  2.1520000e+001
  2.1173850e+001
  2.0785612e+001
  2.0355174e+001
  1.9884277e+001
  1.9376491e+001
  1.8837112e+001
  1.8273008e+001
  1.7692398e+001
  1.7104595e+001
  1.6519708e+001
  1.5948331e+001
  1.5401221e+001
  1.4888980e+001
  1.4421747e+001
  1.4008920e+001
  1.3658896e+001
  1.3378856e+001
  1.3174577e+001
