  1.7466293e+001
  1.7783332e+001
  1.7302365e+001
  1.7275897e+001
  1.7468191e+001
  1.6997640e+001
  1.7486270e+001
  1.7368496e+001
  1.7333934e+001
  1.7856970e+001
  1.7490474e+001
  1.7833896e+001
  1.7775159e+001
  1.7255058e+001
  1.7540640e+001
  1.7098378e+001
  1.7199001e+001
  1.7673006e+001
  1.7385960e+001
  1.7847194e+001
  1.7745299e+001
  1.7297016e+001
  1.7568265e+001
  1.7139880e+001
  1.7291567e+001
  1.7850878e+001
  1.7506798e+001
  1.7708596e+001
  1.7540271e+001
  1.6983623e+001
  1.7464643e+001
  1.7525393e+001
  1.7516559e+001
  1.7935858e+001
  1.7341008e+001
  1.7124732e+001
  1.7570058e+001
  1.7413173e+001
  1.7687690e+001
  1.7788716e+001
  1.7072169e+001
  1.7289293e+001
  1.7737655e+001
  1.7485137e+001
  1.7616157e+001
  1.7450714e+001
  1.7054141e+001
  1.7670960e+001
  1.7901752e+001
  1.7211380e+001
  1.7286673e+001
  1.7636621e+001
  1.7495674e+001
  1.7606709e+001
  1.7500151e+001
  1.7158961e+001
  1.7639990e+001
  1.7927410e+001
  1.7179545e+001
  1.7132515e+001
  1.7868057e+001
  1.7613548e+001
  1.7057626e+001
  1.7492964e+001
  1.7812984e+001
  1.7326026e+001
  1.7232711e+001
  1.7667798e+001
  1.7612852e+001
  1.7280968e+001
  1.7445806e+001
  1.7703607e+001
  1.7457011e+001
  1.7282796e+001
  1.7589279e+001
  1.7639739e+001
  1.7228670e+001
  1.7341331e+001
  1.7824406e+001
  1.7488470e+001
  1.7060507e+001
  1.7657097e+001
  1.7929133e+001
  1.7161852e+001
  1.7181939e+001
  1.7933837e+001
  1.7649657e+001
  1.7159605e+001
  1.7497150e+001
  1.7601722e+001
  1.7476386e+001
  1.7604920e+001
  1.7258075e+001
  1.7191641e+001
  1.7893282e+001
  1.7678311e+001
  1.7067033e+001
  1.7449694e+001
  1.7603131e+001
  1.7478316e+001
  1.7742656e+001
  1.7296585e+001
  1.7070103e+001
  1.7775279e+001
  1.7670319e+001
  1.7394175e+001
  1.7549267e+001
  1.7110051e+001
  1.7336451e+001
  1.7930690e+001
  1.7497804e+001
  1.7497958e+001
  1.7454005e+001
  1.7011843e+001
  1.7595583e+001
  1.7750500e+001
  1.7512203e+001
  1.7836341e+001
  1.7277267e+001
  1.7116123e+001
  1.7527052e+001
  1.7269438e+001
  1.7753018e+001
  1.7865599e+001
  1.7394577e+001
  1.7684688e+001
  1.7222111e+001
  1.7113431e+001
  1.7529191e+001
  1.7225576e+001
  1.7744766e+001
  1.7815464e+001
  1.7489938e+001
  1.7863321e+001
  1.7328925e+001
  1.7344259e+001
  1.7455110e+001
  1.6984244e+001
  1.7480710e+001
  1.7304846e+001
  1.7338321e+001
  1.7796174e+001
  1.7404414e+001
  1.7876307e+001
  1.7772636e+001
  1.7526176e+001
  1.7939216e+001
  1.7401597e+001
  1.7653824e+001
  1.7600307e+001
  1.7164257e+001
  1.7613044e+001
  1.7102099e+001
  1.7258159e+001
  1.7500527e+001
  1.7039551e+001
  1.7477398e+001
  1.6553232e+001
  1.6434010e+001
  1.8653104e+001
