  1.7139702e+001
  1.7629034e+001
  1.7246146e+001
  1.7696310e+001
  1.7795894e+001
  1.7566681e+001
  1.8029087e+001
  1.7468422e+001
  1.7493907e+001
  1.7454106e+001
  1.6988303e+001
  1.7485951e+001
  1.7269825e+001
  1.7454548e+001
  1.7893460e+001
  1.7461893e+001
  1.7785550e+001
  1.7494482e+001
  1.7120966e+001
  1.7483336e+001
  1.7143617e+001
  1.7542791e+001
  1.7914181e+001
  1.7494791e+001
  1.7767991e+001
  1.7359291e+001
  1.7038580e+001
  1.7543373e+001
  1.7364715e+001
  1.7662016e+001
  1.7866946e+001
  1.7189432e+001
  1.7372310e+001
  1.7450576e+001
  1.7334952e+001
  1.7913943e+001
  1.7548085e+001
  1.7090220e+001
  1.7475198e+001
  1.7382157e+001
  1.7582359e+001
  1.7867286e+001
  1.7147851e+001
  1.7152757e+001
  1.7735334e+001
  1.7518790e+001
  1.7507376e+001
  1.7473658e+001
  1.7096574e+001
  1.7603099e+001
  1.7925866e+001
  1.7179897e+001
  1.7192973e+001
  1.7764783e+001
  1.7537783e+001
  1.7352476e+001
  1.7454682e+001
  1.7337454e+001
  1.7541571e+001
  1.7676970e+001
  1.7154807e+001
  1.7260961e+001
  1.7947974e+001
  1.7550719e+001
  1.6977089e+001
  1.7611617e+001
  1.7908424e+001
  1.7141416e+001
  1.7180391e+001
  1.7932386e+001
  1.7589359e+001
  1.7008916e+001
  1.7609676e+001
  1.7950814e+001
  1.7176272e+001
  1.7126732e+001
  1.7905355e+001
  1.7620380e+001
  1.6980015e+001
  1.7532551e+001
  1.7924775e+001
  1.7267016e+001
  1.7193676e+001
  1.7722944e+001
  1.7577850e+001
  1.7372928e+001
  1.7502130e+001
  1.7400112e+001
  1.7566334e+001
  1.7772858e+001
  1.7186784e+001
  1.7168237e+001
  1.7918310e+001
  1.7604453e+001
  1.7114750e+001
  1.7514452e+001
  1.7547178e+001
  1.7530566e+001
  1.7736764e+001
  1.7169431e+001
  1.7174753e+001
  1.7891244e+001
  1.7595044e+001
  1.7384335e+001
  1.7476702e+001
  1.7088919e+001
  1.7535580e+001
  1.7898794e+001
  1.7323780e+001
  1.7428098e+001
  1.7331022e+001
  1.7147364e+001
  1.7842381e+001
  1.7664251e+001
  1.7390746e+001
  1.7569550e+001
  1.7046185e+001
  1.7354080e+001
  1.7751824e+001
  1.7449297e+001
  1.7842740e+001
  1.7487393e+001
  1.7116060e+001
  1.7458487e+001
  1.7108003e+001
  1.7517526e+001
  1.7818342e+001
  1.7459907e+001
  1.7861452e+001
  1.7426258e+001
  1.7254822e+001
  1.7478042e+001
  1.6979105e+001
  1.7431098e+001
  1.7450640e+001
  1.7403828e+001
  1.7960377e+001
  1.7533705e+001
  1.7810546e+001
  1.7730510e+001
  1.7269183e+001
  1.7623214e+001
  1.7111664e+001
  1.7275380e+001
  1.7370868e+001
  1.6992663e+001
  1.7522852e+001
  1.7178773e+001
  1.7379057e+001
  1.7643481e+001
  1.7268958e+001
  1.7855277e+001
  1.7483916e+001
  1.7543590e+001
  1.7938637e+001
  1.7495873e+001
  1.7982842e+001
  1.7103200e+001
  1.6845305e+001
  1.9144647e+001
