  1.7445836e+001
  1.7585615e+001
  1.7326180e+001
  1.7835913e+001
  1.7444800e+001
  1.7797253e+001
  1.7777684e+001
  1.7401816e+001
  1.7728905e+001
  1.7125513e+001
  1.7303817e+001
  1.7351244e+001
  1.7139647e+001
  1.7768602e+001
  1.7493999e+001
  1.7749603e+001
  1.7768573e+001
  1.7168955e+001
  1.7485730e+001
  1.7152478e+001
  1.7341591e+001
  1.7818267e+001
  1.7453137e+001
  1.7797423e+001
  1.7452418e+001
  1.7094561e+001
  1.7516543e+001
  1.7247710e+001
  1.7640090e+001
  1.7851226e+001
  1.7273529e+001
  1.7508534e+001
  1.7297935e+001
  1.7281267e+001
  1.7915066e+001
  1.7480942e+001
  1.7332940e+001
  1.7438346e+001
  1.7121517e+001
  1.7698742e+001
  1.7801183e+001
  1.7159878e+001
  1.7392107e+001
  1.7449557e+001
  1.7479254e+001
  1.7903752e+001
  1.7318845e+001
  1.7042393e+001
  1.7770308e+001
  1.7635818e+001
  1.7273446e+001
  1.7447527e+001
  1.7344149e+001
  1.7548775e+001
  1.7768579e+001
  1.7126477e+001
  1.7196500e+001
  1.7962413e+001
  1.7522689e+001
  1.7027448e+001
  1.7662678e+001
  1.7791926e+001
  1.7226258e+001
  1.7344657e+001
  1.7654006e+001
  1.7431377e+001
  1.7337705e+001
  1.7505980e+001
  1.7509813e+001
  1.7446553e+001
  1.7476389e+001
  1.7502712e+001
  1.7450346e+001
  1.7406935e+001
  1.7474453e+001
  1.7488146e+001
  1.7342433e+001
  1.7454321e+001
  1.7686988e+001
  1.7371836e+001
  1.7221523e+001
  1.7746742e+001
  1.7607174e+001
  1.6984788e+001
  1.7486752e+001
  1.7945198e+001
  1.7215722e+001
  1.7142747e+001
  1.7743486e+001
  1.7510798e+001
  1.7326229e+001
  1.7449578e+001
  1.7287328e+001
  1.7660249e+001
  1.7803823e+001
  1.7056053e+001
  1.7261762e+001
  1.7797777e+001
  1.7419455e+001
  1.7444759e+001
  1.7382889e+001
  1.7148487e+001
  1.7814343e+001
  1.7724989e+001
  1.7138130e+001
  1.7433823e+001
  1.7323717e+001
  1.7501025e+001
  1.7954580e+001
  1.7288718e+001
  1.7256114e+001
  1.7452943e+001
  1.7239603e+001
  1.7843420e+001
  1.7639084e+001
  1.7221986e+001
  1.7456917e+001
  1.7040329e+001
  1.7438279e+001
  1.7809733e+001
  1.7464932e+001
  1.7812545e+001
  1.7312387e+001
  1.7120868e+001
  1.7474127e+001
  1.7151815e+001
  1.7717968e+001
  1.7709463e+001
  1.7516876e+001
  1.7825801e+001
  1.7172995e+001
  1.7346201e+001
  1.7270386e+001
  1.7069952e+001
  1.7660866e+001
  1.7339859e+001
  1.7730746e+001
  1.7775801e+001
  1.7457842e+001
  1.7851407e+001
  1.7286864e+001
  1.7493518e+001
  1.7383761e+001
  1.7041887e+001
  1.7465147e+001
  1.6998012e+001
  1.7386756e+001
  1.7376329e+001
  1.7212215e+001
  1.7733439e+001
  1.7279481e+001
  1.7740868e+001
  1.7622434e+001
  1.7443601e+001
  1.7997178e+001
  1.7508222e+001
  1.7926901e+001
  1.7209195e+001
  1.6723566e+001
  1.9035887e+001
