  1.7851708e+001
  1.7497177e+001
  1.7291986e+001
  1.7466772e+001
  1.6954048e+001
  1.7443661e+001
  1.7228034e+001
  1.7403956e+001
  1.7820338e+001
  1.7475118e+001
  1.7978358e+001
  1.7566621e+001
  1.7443642e+001
  1.7501529e+001
  1.6963468e+001
  1.7462448e+001
  1.7307811e+001
  1.7475886e+001
  1.7907140e+001
  1.7457508e+001
  1.7752563e+001
  1.7317040e+001
  1.7045958e+001
  1.7519955e+001
  1.7314292e+001
  1.7845461e+001
  1.7788179e+001
  1.7194242e+001
  1.7426447e+001
  1.7108757e+001
  1.7461179e+001
  1.7961472e+001
  1.7404905e+001
  1.7473158e+001
  1.7236882e+001
  1.7119804e+001
  1.7890425e+001
  1.7616822e+001
  1.7334901e+001
  1.7429105e+001
  1.7093602e+001
  1.7663016e+001
  1.7919099e+001
  1.7185404e+001
  1.7343687e+001
  1.7532869e+001
  1.7447688e+001
  1.7760960e+001
  1.7281343e+001
  1.7034764e+001
  1.7817218e+001
  1.7666008e+001
  1.7144992e+001
  1.7464656e+001
  1.7525853e+001
  1.7447011e+001
  1.7552883e+001
  1.7221081e+001
  1.7373670e+001
  1.7926428e+001
  1.7391015e+001
  1.7025846e+001
  1.7783897e+001
  1.7716237e+001
  1.6973862e+001
  1.7421038e+001
  1.7905883e+001
  1.7248994e+001
  1.7156814e+001
  1.7841656e+001
  1.7579703e+001
  1.7038883e+001
  1.7546058e+001
  1.7798546e+001
  1.7131612e+001
  1.7245500e+001
  1.7913993e+001
  1.7433983e+001
  1.6999048e+001
  1.7759121e+001
  1.7818494e+001
  1.7021870e+001
  1.7352279e+001
  1.7877399e+001
  1.7342362e+001
  1.7239818e+001
  1.7621744e+001
  1.7494199e+001
  1.7509116e+001
  1.7429942e+001
  1.7132980e+001
  1.7673530e+001
  1.7829140e+001
  1.7051610e+001
  1.7313927e+001
  1.7781849e+001
  1.7405158e+001
  1.7457643e+001
  1.7312300e+001
  1.7169979e+001
  1.7868018e+001
  1.7617709e+001
  1.7091392e+001
  1.7444525e+001
  1.7334108e+001
  1.7584915e+001
  1.7846993e+001
  1.7108404e+001
  1.7267677e+001
  1.7505080e+001
  1.7395350e+001
  1.7913906e+001
  1.7418186e+001
  1.7107591e+001
  1.7453820e+001
  1.7182786e+001
  1.7703028e+001
  1.7751600e+001
  1.7281880e+001
  1.7535682e+001
  1.7054882e+001
  1.7281133e+001
  1.7694233e+001
  1.7439046e+001
  1.7934739e+001
  1.7487432e+001
  1.7273460e+001
  1.7425221e+001
  1.6955779e+001
  1.7499697e+001
  1.7421632e+001
  1.7523037e+001
  1.7923258e+001
  1.7414128e+001
  1.7752258e+001
  1.7341004e+001
  1.7175299e+001
  1.7402993e+001
  1.6938742e+001
  1.7466826e+001
  1.7279154e+001
  1.7464895e+001
  1.7808444e+001
  1.7418630e+001
  1.7945106e+001
  1.7547142e+001
  1.7690600e+001
  1.7763376e+001
  1.7305419e+001
  1.7739893e+001
  1.7185447e+001
  1.7413259e+001
  1.7351310e+001
  1.7009486e+001
  1.7558418e+001
  1.7059250e+001
  1.7402458e+001
  1.6783737e+001
  1.6204152e+001
  1.8445409e+001
