  1.7551431e+001
  1.7224449e+001
  1.7555522e+001
  1.7714021e+001
  1.7502601e+001
  1.8002138e+001
  1.7441645e+001
  1.7639236e+001
  1.7401476e+001
  1.7079684e+001
  1.7450979e+001
  1.7044127e+001
  1.7578955e+001
  1.7587996e+001
  1.7537177e+001
  1.7890174e+001
  1.7232576e+001
  1.7415121e+001
  1.7181349e+001
  1.7143397e+001
  1.7762275e+001
  1.7432917e+001
  1.7773644e+001
  1.7562096e+001
  1.7139816e+001
  1.7495499e+001
  1.7131783e+001
  1.7536981e+001
  1.7790823e+001
  1.7344533e+001
  1.7593595e+001
  1.7143089e+001
  1.7197010e+001
  1.7789598e+001
  1.7441694e+001
  1.7600165e+001
  1.7375490e+001
  1.7020107e+001
  1.7731790e+001
  1.7603322e+001
  1.7308273e+001
  1.7462984e+001
  1.7125285e+001
  1.7566116e+001
  1.7868967e+001
  1.7137696e+001
  1.7259326e+001
  1.7544377e+001
  1.7421859e+001
  1.7674845e+001
  1.7290860e+001
  1.7079209e+001
  1.7853870e+001
  1.7633694e+001
  1.7002047e+001
  1.7470397e+001
  1.7649650e+001
  1.7335837e+001
  1.7447501e+001
  1.7437399e+001
  1.7447618e+001
  1.7640359e+001
  1.7281585e+001
  1.7207632e+001
  1.7778071e+001
  1.7508620e+001
  1.7025136e+001
  1.7643232e+001
  1.7817641e+001
  1.7062144e+001
  1.7305524e+001
  1.7910296e+001
  1.7294607e+001
  1.7050910e+001
  1.7814210e+001
  1.7639335e+001
  1.7012473e+001
  1.7492588e+001
  1.7773529e+001
  1.7227235e+001
  1.7315558e+001
  1.7662666e+001
  1.7440211e+001
  1.7412100e+001
  1.7440488e+001
  1.7380091e+001
  1.7734049e+001
  1.7522452e+001
  1.6993100e+001
  1.7614032e+001
  1.7857742e+001
  1.7095609e+001
  1.7293991e+001
  1.7668536e+001
  1.7434334e+001
  1.7566644e+001
  1.7263671e+001
  1.7154389e+001
  1.7922964e+001
  1.7596714e+001
  1.7109352e+001
  1.7460843e+001
  1.7336091e+001
  1.7629018e+001
  1.7739074e+001
  1.6996914e+001
  1.7320548e+001
  1.7553122e+001
  1.7445098e+001
  1.7825690e+001
  1.7208049e+001
  1.7096600e+001
  1.7523988e+001
  1.7327731e+001
  1.7841942e+001
  1.7578056e+001
  1.7104140e+001
  1.7441165e+001
  1.7123949e+001
  1.7589767e+001
  1.7795763e+001
  1.7398233e+001
  1.7690091e+001
  1.7104125e+001
  1.7193707e+001
  1.7437471e+001
  1.7240180e+001
  1.7891712e+001
  1.7529921e+001
  1.7560003e+001
  1.7540582e+001
  1.7014108e+001
  1.7433257e+001
  1.7057498e+001
  1.7356803e+001
  1.7581091e+001
  1.7377510e+001
  1.7936017e+001
  1.7457808e+001
  1.7695691e+001
  1.7549344e+001
  1.7223800e+001
  1.7546091e+001
  1.6977318e+001
  1.7366743e+001
  1.7158410e+001
  1.7146363e+001
  1.7500512e+001
  1.7080088e+001
  1.7649476e+001
  1.7313335e+001
  1.7524255e+001
  1.7702269e+001
  1.7336494e+001
  1.7986110e+001
  1.7538985e+001
  1.7858739e+001
  1.7326996e+001
  1.6631717e+001
  1.8930049e+001
