  1.7766749e+001
  1.7187299e+001
  1.7524144e+001
  1.7206875e+001
  1.7140814e+001
  1.7432303e+001
  1.7050940e+001
  1.7651836e+001
  1.7410969e+001
  1.7663222e+001
  1.7784958e+001
  1.7337181e+001
  1.7656133e+001
  1.7042905e+001
  1.7222707e+001
  1.7292158e+001
  1.7180865e+001
  1.7816706e+001
  1.7460754e+001
  1.7734595e+001
  1.7507718e+001
  1.7005219e+001
  1.7398360e+001
  1.7150884e+001
  1.7695448e+001
  1.7817394e+001
  1.7289544e+001
  1.7475211e+001
  1.6995250e+001
  1.7328957e+001
  1.7796060e+001
  1.7424661e+001
  1.7651315e+001
  1.7150132e+001
  1.7064685e+001
  1.7750095e+001
  1.7482611e+001
  1.7578049e+001
  1.7358030e+001
  1.6918639e+001
  1.7629629e+001
  1.7642638e+001
  1.7358394e+001
  1.7489254e+001
  1.7110038e+001
  1.7511828e+001
  1.7865017e+001
  1.7103324e+001
  1.7243472e+001
  1.7657101e+001
  1.7397695e+001
  1.7481904e+001
  1.7274959e+001
  1.7205123e+001
  1.7862305e+001
  1.7498409e+001
  1.6936016e+001
  1.7663839e+001
  1.7791251e+001
  1.7129149e+001
  1.7357562e+001
  1.7654809e+001
  1.7367825e+001
  1.7363798e+001
  1.7467528e+001
  1.7444053e+001
  1.7532051e+001
  1.7423610e+001
  1.7337165e+001
  1.7549229e+001
  1.7467512e+001
  1.7257650e+001
  1.7479242e+001
  1.7567518e+001
  1.7346277e+001
  1.7400500e+001
  1.7481881e+001
  1.7402117e+001
  1.7446559e+001
  1.7359202e+001
  1.7380033e+001
  1.7671911e+001
  1.7357134e+001
  1.7115348e+001
  1.7786292e+001
  1.7674959e+001
  1.6946363e+001
  1.7473340e+001
  1.7808920e+001
  1.7177348e+001
  1.7300402e+001
  1.7532752e+001
  1.7420456e+001
  1.7646987e+001
  1.7233611e+001
  1.7098136e+001
  1.7862988e+001
  1.7538367e+001
  1.7146160e+001
  1.7475393e+001
  1.7323865e+001
  1.7655792e+001
  1.7671662e+001
  1.6949558e+001
  1.7378271e+001
  1.7577691e+001
  1.7446295e+001
  1.7711937e+001
  1.7070590e+001
  1.7191450e+001
  1.7680164e+001
  1.7394803e+001
  1.7723190e+001
  1.7293996e+001
  1.7041868e+001
  1.7557120e+001
  1.7334051e+001
  1.7813433e+001
  1.7686047e+001
  1.7174134e+001
  1.7442702e+001
  1.7015220e+001
  1.7465140e+001
  1.7686838e+001
  1.7445374e+001
  1.7821377e+001
  1.7187769e+001
  1.7298181e+001
  1.7219446e+001
  1.7024844e+001
  1.7637852e+001
  1.7339477e+001
  1.7803952e+001
  1.7669540e+001
  1.7391992e+001
  1.7620820e+001
  1.7005295e+001
  1.7367483e+001
  1.7085029e+001
  1.7176908e+001
  1.7512393e+001
  1.7194027e+001
  1.7790003e+001
  1.7436535e+001
  1.7752324e+001
  1.7749204e+001
  1.7445549e+001
  1.7821149e+001
  1.7226742e+001
  1.7608393e+001
  1.7270379e+001
  1.7219205e+001
  1.7429732e+001
  1.6918735e+001
  1.7505879e+001
  1.7083985e+001
  1.7316680e+001
  1.6881683e+001
  1.6106286e+001
  1.8329017e+001
