  1.7430097e+001
  1.7147839e+001
  1.7805038e+001
  1.7462444e+001
  1.7766992e+001
  1.7715174e+001
  1.7368073e+001
  1.7637611e+001
  1.7035369e+001
  1.7390082e+001
  1.7120846e+001
  1.7185958e+001
  1.7612023e+001
  1.7327596e+001
  1.7868049e+001
  1.7418716e+001
  1.7413535e+001
  1.7373190e+001
  1.6972722e+001
  1.7581243e+001
  1.7339262e+001
  1.7651879e+001
  1.7681911e+001
  1.7192400e+001
  1.7493069e+001
  1.7026161e+001
  1.7361028e+001
  1.7690892e+001
  1.7397137e+001
  1.7708771e+001
  1.7098385e+001
  1.7140782e+001
  1.7602679e+001
  1.7352896e+001
  1.7711750e+001
  1.7270794e+001
  1.7024874e+001
  1.7622940e+001
  1.7417283e+001
  1.7586994e+001
  1.7415430e+001
  1.6941451e+001
  1.7692014e+001
  1.7711052e+001
  1.7247486e+001
  1.7371273e+001
  1.7142283e+001
  1.7548278e+001
  1.7835487e+001
  1.7023424e+001
  1.7200655e+001
  1.7705727e+001
  1.7361408e+001
  1.7396663e+001
  1.7388344e+001
  1.7330534e+001
  1.7732084e+001
  1.7346153e+001
  1.7020823e+001
  1.7777149e+001
  1.7624933e+001
  1.6918749e+001
  1.7519087e+001
  1.7824505e+001
  1.7110225e+001
  1.7286310e+001
  1.7807789e+001
  1.7333668e+001
  1.7134981e+001
  1.7626597e+001
  1.7488078e+001
  1.7123209e+001
  1.7505925e+001
  1.7663607e+001
  1.7172617e+001
  1.7329562e+001
  1.7769465e+001
  1.7271524e+001
  1.7120166e+001
  1.7831154e+001
  1.7529535e+001
  1.6931050e+001
  1.7619190e+001
  1.7765126e+001
  1.7018594e+001
  1.7337269e+001
  1.7703938e+001
  1.7283633e+001
  1.7332027e+001
  1.7363528e+001
  1.7382384e+001
  1.7758897e+001
  1.7228328e+001
  1.7018136e+001
  1.7820790e+001
  1.7530633e+001
  1.7149588e+001
  1.7430019e+001
  1.7288921e+001
  1.7663171e+001
  1.7616169e+001
  1.6913926e+001
  1.7420439e+001
  1.7598112e+001
  1.7431366e+001
  1.7619324e+001
  1.7001846e+001
  1.7272727e+001
  1.7754605e+001
  1.7406227e+001
  1.7639696e+001
  1.7140334e+001
  1.7065601e+001
  1.7688390e+001
  1.7430675e+001
  1.7765234e+001
  1.7409613e+001
  1.7007593e+001
  1.7436000e+001
  1.7171992e+001
  1.7727653e+001
  1.7699612e+001
  1.7329577e+001
  1.7534498e+001
  1.6932620e+001
  1.7345415e+001
  1.7391908e+001
  1.7404094e+001
  1.7855308e+001
  1.7321690e+001
  1.7627404e+001
  1.7209743e+001
  1.7112945e+001
  1.7350216e+001
  1.7014329e+001
  1.7649684e+001
  1.7365139e+001
  1.7669614e+001
  1.7709852e+001
  1.7414860e+001
  1.7765164e+001
  1.7135831e+001
  1.7451990e+001
  1.7118856e+001
  1.7117687e+001
  1.7326859e+001
  1.6938502e+001
  1.7486854e+001
  1.7082467e+001
  1.7510692e+001
  1.7460992e+001
  1.7369874e+001
  1.7783675e+001
  1.7264633e+001
  1.7888477e+001
  1.7552096e+001
  1.7745232e+001
  1.7404818e+001
  1.6519918e+001
  1.8791998e+001
