  1.7587135e+001
  1.7278394e+001
  1.7613760e+001
  1.6982846e+001
  1.7339424e+001
  1.7041638e+001
  1.7218159e+001
  1.7528267e+001
  1.7370361e+001
  1.7975566e+001
  1.7424595e+001
  1.7577237e+001
  1.7277406e+001
  1.7053254e+001
  1.7379612e+001
  1.7010719e+001
  1.7683392e+001
  1.7558722e+001
  1.7646217e+001
  1.7693337e+001
  1.7010977e+001
  1.7322938e+001
  1.7040435e+001
  1.7478824e+001
  1.7807885e+001
  1.7356823e+001
  1.7575131e+001
  1.6989312e+001
  1.7215150e+001
  1.7617787e+001
  1.7390735e+001
  1.7766106e+001
  1.7145111e+001
  1.7046659e+001
  1.7479889e+001
  1.7352794e+001
  1.7848061e+001
  1.7370252e+001
  1.6960992e+001
  1.7549215e+001
  1.7408710e+001
  1.7589903e+001
  1.7442702e+001
  1.6923619e+001
  1.7575283e+001
  1.7591916e+001
  1.7203011e+001
  1.7421740e+001
  1.7232369e+001
  1.7526810e+001
  1.7686523e+001
  1.6943880e+001
  1.7346436e+001
  1.7883817e+001
  1.7245520e+001
  1.7209280e+001
  1.7482545e+001
  1.7361105e+001
  1.7465989e+001
  1.7258255e+001
  1.7202134e+001
  1.7716678e+001
  1.7369313e+001
  1.6974896e+001
  1.7692319e+001
  1.7628179e+001
  1.6906687e+001
  1.7452123e+001
  1.7781809e+001
  1.6987045e+001
  1.7210479e+001
  1.7877659e+001
  1.7210776e+001
  1.7015705e+001
  1.7841110e+001
  1.7486483e+001
  1.6913399e+001
  1.7665940e+001
  1.7748604e+001
  1.7011910e+001
  1.7404053e+001
  1.7751113e+001
  1.7216629e+001
  1.7276249e+001
  1.7500769e+001
  1.7378485e+001
  1.7481236e+001
  1.7210614e+001
  1.7234330e+001
  1.7856769e+001
  1.7332922e+001
  1.6943909e+001
  1.7675091e+001
  1.7508140e+001
  1.7202046e+001
  1.7365681e+001
  1.7183034e+001
  1.7658460e+001
  1.7636682e+001
  1.6900193e+001
  1.7384134e+001
  1.7551991e+001
  1.7400624e+001
  1.7574091e+001
  1.6990835e+001
  1.7348717e+001
  1.7793109e+001
  1.7337018e+001
  1.7508402e+001
  1.7076637e+001
  1.7162026e+001
  1.7769842e+001
  1.7380599e+001
  1.7602515e+001
  1.7213808e+001
  1.7005115e+001
  1.7576049e+001
  1.7307017e+001
  1.7713602e+001
  1.7414548e+001
  1.7061219e+001
  1.7381344e+001
  1.7026154e+001
  1.7649869e+001
  1.7586888e+001
  1.7513262e+001
  1.7653913e+001
  1.6985658e+001
  1.7349695e+001
  1.7052753e+001
  1.7341723e+001
  1.7645149e+001
  1.7399417e+001
  1.7885093e+001
  1.7325912e+001
  1.7555001e+001
  1.7250164e+001
  1.7039657e+001
  1.7311978e+001
  1.6919075e+001
  1.7517919e+001
  1.7218773e+001
  1.7587674e+001
  1.7645006e+001
  1.7473179e+001
  1.7867699e+001
  1.7321473e+001
  1.7762964e+001
  1.7313321e+001
  1.7450815e+001
  1.7430362e+001
  1.7092221e+001
  1.7495064e+001
  1.6881635e+001
  1.7392426e+001
  1.7101695e+001
  1.7197821e+001
  1.6951424e+001
  1.6007055e+001
  1.8180639e+001
