  1.1449397e+001
  8.3999878e+000
  5.7146172e+000
  3.4261783e+000
  1.5609266e+000
  1.3790632e-001
 -8.3152271e-001
 -1.3440304e+000
 -1.4045021e+000
 -1.0260384e+000
 -2.2975054e-001
  9.5566310e-001
  2.4945578e+000
  4.3451924e+000
  6.4607650e+000
  8.7906019e+000
  1.1281457e+001
  1.3878870e+001
  1.6528535e+001
  1.9177610e+001
  2.1775938e+001
  2.4277107e+001
  2.6639330e+001
  2.8826111e+001
  3.0806680e+001
  3.2556206e+001
  3.4055795e+001
  3.5292293e+001
  3.6257936e+001
  3.6949888e+001
  3.7369700e+001
  3.7522746e+001
  3.7417673e+001
  3.7065892e+001
  3.6481143e+001
  3.5679155e+001
  3.4677382e+001
  3.3494835e+001
  3.2151985e+001
  3.0670703e+001
  2.9074233e+001
  2.7387149e+001
  2.5635272e+001
  2.3845539e+001
  2.2045784e+001
  2.0264428e+001
  1.8530087e+001
  1.6871082e+001
  1.5314886e+001
  1.3887516e+001
  1.2612898e+001
  1.1512234e+001
  1.0603408e+001
  9.9004444e+000
  9.4130690e+000
  9.1463756e+000
  9.1006322e+000
  9.2712352e+000
  9.6488203e+000
  1.0219532e+001
  1.0965449e+001
  1.1865149e+001
  1.2894399e+001
  1.4026946e+001
  1.5235382e+001
  1.6492036e+001
  1.7769877e+001
  1.9043375e+001
  2.0289284e+001
  2.1487330e+001
  2.2620742e+001
  2.3676645e+001
  2.4646262e+001
  2.5524950e+001
  2.6312056e+001
  2.7010614e+001
  2.7626904e+001
  2.8169899e+001
  2.8650623e+001
  2.9081472e+001
  2.9475507e+001
  2.9845769e+001
  3.0204631e+001
  3.0563219e+001
  3.0930916e+001
  3.1314964e+001
  3.1720180e+001
  3.2148787e+001
  3.2600372e+001
  3.3071958e+001
  3.3558201e+001
  3.4051700e+001
  3.4543402e+001
  3.5023092e+001
  3.5479952e+001
  3.5903143e+001
  3.6282399e+001
  3.6608595e+001
  3.6874242e+001
  3.7073894e+001
  3.7204434e+001
  3.7265202e+001
  3.7257986e+001
  3.7186838e+001
  3.7057752e+001
  3.6878221e+001
  3.6656691e+001
  3.6401976e+001
  3.6122654e+001
  3.5826514e+001
  3.5520081e+001
  3.5208262e+001
  3.4894150e+001
  3.4578986e+001
  3.4262301e+001
  3.3942217e+001
  3.3615883e+001
  3.3280026e+001
  3.2931557e+001
  3.2568193e+001
  3.2189045e+001
  3.1795123e+001
  3.1389708e+001
  3.0978566e+001
  3.0569976e+001
  3.0174554e+001
  2.9804890e+001
  2.9475001e+001
  2.9199635e+001
  2.8993474e+001
  2.8870271e+001
  2.8841994e+001
  2.8918016e+001
  2.9104427e+001
  2.9403503e+001
  2.9813375e+001
  3.0327929e+001
  3.0936950e+001
  3.1626501e+001
  3.2379518e+001
  3.3176595e+001
  3.3996894e+001
  3.4819138e+001
  3.5622619e+001
  3.6388155e+001
  3.7098943e+001
  3.7741260e+001
  3.8304964e+001
  3.8783786e+001
  3.9175394e+001
  3.9481244e+001
  3.9706231e+001
  3.9858185e+001
  3.9947234e+001
  3.9985096e+001
  3.9984320e+001
  3.9957551e+001
  3.9916812e+001
  3.9872871e+001
  3.9834695e+001
