  1.7072853e+001
  1.7497499e+001
  1.6922343e+001
  1.7235209e+001
  1.7004384e+001
  1.7074736e+001
  1.7314640e+001
  1.7170470e+001
  1.7774043e+001
  1.7334221e+001
  1.7733496e+001
  1.7155928e+001
  1.7114913e+001
  1.7037029e+001
  1.6971582e+001
  1.7562614e+001
  1.7232549e+001
  1.7748098e+001
  1.7248885e+001
  1.7245581e+001
  1.7102835e+001
  1.6914930e+001
  1.7539740e+001
  1.7264380e+001
  1.7721853e+001
  1.7231090e+001
  1.7054444e+001
  1.7249989e+001
  1.7058676e+001
  1.7732186e+001
  1.7250248e+001
  1.7192780e+001
  1.7112833e+001
  1.7032462e+001
  1.7810184e+001
  1.7315801e+001
  1.7233510e+001
  1.7105600e+001
  1.7050210e+001
  1.7799092e+001
  1.7254659e+001
  1.7115729e+001
  1.7256398e+001
  1.7185867e+001
  1.7704535e+001
  1.7079538e+001
  1.6944379e+001
  1.7608978e+001
  1.7302309e+001
  1.7313034e+001
  1.7168339e+001
  1.7140098e+001
  1.7731831e+001
  1.7126004e+001
  1.6940018e+001
  1.7714874e+001
  1.7283344e+001
  1.7004573e+001
  1.7419582e+001
  1.7309165e+001
  1.7276280e+001
  1.7197768e+001
  1.7139618e+001
  1.7508639e+001
  1.7220614e+001
  1.7004505e+001
  1.7623381e+001
  1.7329752e+001
  1.6878214e+001
  1.7605826e+001
  1.7499344e+001
  1.6842664e+001
  1.7460624e+001
  1.7580360e+001
  1.6892800e+001
  1.7335082e+001
  1.7600511e+001
  1.6993922e+001
  1.7254713e+001
  1.7565254e+001
  1.7171237e+001
  1.7203389e+001
  1.7264192e+001
  1.7276404e+001
  1.7399925e+001
  1.7023966e+001
  1.7307045e+001
  1.7715626e+001
  1.6927679e+001
  1.7135709e+001
  1.7762680e+001
  1.7145278e+001
  1.7144627e+001
  1.7289461e+001
  1.7283554e+001
  1.7595403e+001
  1.6951883e+001
  1.7091247e+001
  1.7698588e+001
  1.7185633e+001
  1.7272565e+001
  1.7124472e+001
  1.7246063e+001
  1.7788101e+001
  1.7049821e+001
  1.7121354e+001
  1.7248704e+001
  1.7293302e+001
  1.7765447e+001
  1.7017551e+001
  1.7122410e+001
  1.7198934e+001
  1.7268035e+001
  1.7754731e+001
  1.7050803e+001
  1.7214920e+001
  1.7021262e+001
  1.7200941e+001
  1.7694044e+001
  1.7262299e+001
  1.7548803e+001
  1.6910263e+001
  1.7098961e+001
  1.7247081e+001
  1.7250350e+001
  1.7754851e+001
  1.7224852e+001
  1.7527284e+001
  1.6960532e+001
  1.7093713e+001
  1.7178845e+001
  1.7155426e+001
  1.7693861e+001
  1.7307659e+001
  1.7777429e+001
  1.7197805e+001
  1.7340559e+001
  1.7069030e+001
  1.6974155e+001
  1.7217166e+001
  1.6923235e+001
  1.7497631e+001
  1.7093771e+001
  1.7644843e+001
  1.7335386e+001
  1.7592417e+001
  1.7531535e+001
  1.7362036e+001
  1.7602056e+001
  1.7087312e+001
  1.7519723e+001
  1.6920546e+001
  1.7341767e+001
  1.6924130e+001
  1.7106495e+001
  1.7186121e+001
  1.6979746e+001
  1.7074458e+001
  1.5880379e+001
  1.7889621e+001
