  1.7186895e+001
  1.7319323e+001
  1.6866692e+001
  1.7243098e+001
  1.6744071e+001
  1.7310361e+001
  1.7011590e+001
  1.7429849e+001
  1.7363144e+001
  1.7445214e+001
  1.7533188e+001
  1.6979847e+001
  1.7213948e+001
  1.6729636e+001
  1.7365316e+001
  1.7137712e+001
  1.7459479e+001
  1.7384722e+001
  1.7162542e+001
  1.7286562e+001
  1.6759516e+001
  1.7359223e+001
  1.7132744e+001
  1.7572016e+001
  1.7350609e+001
  1.7036498e+001
  1.7207098e+001
  1.6884589e+001
  1.7613941e+001
  1.7289418e+001
  1.7302668e+001
  1.7076536e+001
  1.6863632e+001
  1.7603109e+001
  1.7253884e+001
  1.7377942e+001
  1.6955836e+001
  1.6924021e+001
  1.7620954e+001
  1.7212350e+001
  1.7316412e+001
  1.6961745e+001
  1.7101263e+001
  1.7716971e+001
  1.6999692e+001
  1.7063850e+001
  1.7197513e+001
  1.7214334e+001
  1.7461616e+001
  1.6797259e+001
  1.7189141e+001
  1.7660091e+001
  1.6996338e+001
  1.7178943e+001
  1.7325306e+001
  1.7238544e+001
  1.7295324e+001
  1.6906443e+001
  1.7364854e+001
  1.7586466e+001
  1.6781729e+001
  1.7271014e+001
  1.7655621e+001
  1.6821733e+001
  1.7189717e+001
  1.7654355e+001
  1.6926511e+001
  1.7104024e+001
  1.7582301e+001
  1.7010277e+001
  1.7044231e+001
  1.7523252e+001
  1.7058102e+001
  1.7025646e+001
  1.7588144e+001
  1.7095679e+001
  1.6893389e+001
  1.7608052e+001
  1.7174254e+001
  1.6820780e+001
  1.7626291e+001
  1.7247954e+001
  1.6780794e+001
  1.7581911e+001
  1.7375559e+001
  1.6948447e+001
  1.7333442e+001
  1.7239954e+001
  1.7281689e+001
  1.7107199e+001
  1.6927809e+001
  1.7599064e+001
  1.7142906e+001
  1.6813998e+001
  1.7549428e+001
  1.7290058e+001
  1.7229692e+001
  1.7081759e+001
  1.7001645e+001
  1.7709573e+001
  1.7101381e+001
  1.6942002e+001
  1.7266044e+001
  1.7176169e+001
  1.7607751e+001
  1.6921687e+001
  1.6971773e+001
  1.7389284e+001
  1.7230523e+001
  1.7559672e+001
  1.6838731e+001
  1.7092004e+001
  1.7338486e+001
  1.7297818e+001
  1.7589934e+001
  1.6846069e+001
  1.7160319e+001
  1.7004638e+001
  1.7356469e+001
  1.7582262e+001
  1.7098069e+001
  1.7306751e+001
  1.6735085e+001
  1.7283261e+001
  1.7194444e+001
  1.7475087e+001
  1.7528259e+001
  1.7097150e+001
  1.7285103e+001
  1.6715679e+001
  1.7236262e+001
  1.6940781e+001
  1.7415569e+001
  1.7359896e+001
  1.7380709e+001
  1.7468505e+001
  1.7007960e+001
  1.7296217e+001
  1.6733632e+001
  1.7216980e+001
  1.6834442e+001
  1.7300743e+001
  1.7187671e+001
  1.7386391e+001
  1.7514860e+001
  1.7296711e+001
  1.7623949e+001
  1.7140571e+001
  1.7589023e+001
  1.6986092e+001
  1.7401120e+001
  1.6938728e+001
  1.7190071e+001
  1.6980093e+001
  1.6905923e+001
  1.7171720e+001
  1.6848423e+001
  1.7087914e+001
  1.5822678e+001
  1.7725842e+001
