  1.7187999e+001
  1.7294100e+001
  1.7303072e+001
  1.7619177e+001
  1.7169825e+001
  1.7508140e+001
  1.6922222e+001
  1.7296016e+001
  1.6768746e+001
  1.7132788e+001
  1.7062313e+001
  1.7248949e+001
  1.7488323e+001
  1.7248910e+001
  1.7544722e+001
  1.6839249e+001
  1.7130200e+001
  1.6736987e+001
  1.7301685e+001
  1.7372618e+001
  1.7377892e+001
  1.7432064e+001
  1.6802982e+001
  1.7156008e+001
  1.6844346e+001
  1.7522628e+001
  1.7379352e+001
  1.7215721e+001
  1.7141355e+001
  1.6733921e+001
  1.7440199e+001
  1.7188583e+001
  1.7423082e+001
  1.7033233e+001
  1.6811524e+001
  1.7405940e+001
  1.7172351e+001
  1.7488358e+001
  1.6918130e+001
  1.6969341e+001
  1.7550689e+001
  1.7127615e+001
  1.7253478e+001
  1.6849409e+001
  1.7142639e+001
  1.7570340e+001
  1.6852688e+001
  1.7097881e+001
  1.7202928e+001
  1.7280012e+001
  1.7370483e+001
  1.6787053e+001
  1.7421036e+001
  1.7541580e+001
  1.6747672e+001
  1.7233302e+001
  1.7369924e+001
  1.7076399e+001
  1.7229880e+001
  1.7141907e+001
  1.7333322e+001
  1.7194700e+001
  1.6871193e+001
  1.7470050e+001
  1.7284186e+001
  1.6756404e+001
  1.7480545e+001
  1.7326921e+001
  1.6689334e+001
  1.7458940e+001
  1.7408526e+001
  1.6699145e+001
  1.7446687e+001
  1.7495630e+001
  1.6698229e+001
  1.7323290e+001
  1.7464808e+001
  1.6734871e+001
  1.7292255e+001
  1.7487137e+001
  1.6866968e+001
  1.7212746e+001
  1.7369487e+001
  1.7142474e+001
  1.7199809e+001
  1.7053748e+001
  1.7376399e+001
  1.7255629e+001
  1.6734004e+001
  1.7463577e+001
  1.7343378e+001
  1.6734141e+001
  1.7312653e+001
  1.7272464e+001
  1.7263132e+001
  1.7130814e+001
  1.6853587e+001
  1.7591834e+001
  1.7168881e+001
  1.6880168e+001
  1.7297554e+001
  1.7127660e+001
  1.7496909e+001
  1.6922318e+001
  1.6868939e+001
  1.7424259e+001
  1.7141216e+001
  1.7405211e+001
  1.6802289e+001
  1.7014142e+001
  1.7420711e+001
  1.7223349e+001
  1.7486588e+001
  1.6745469e+001
  1.7118744e+001
  1.7177741e+001
  1.7330093e+001
  1.7483220e+001
  1.6845839e+001
  1.7180196e+001
  1.6812353e+001
  1.7429753e+001
  1.7372150e+001
  1.7357327e+001
  1.7304305e+001
  1.6790652e+001
  1.7188495e+001
  1.6828790e+001
  1.7484762e+001
  1.7207801e+001
  1.7466103e+001
  1.7197068e+001
  1.6973639e+001
  1.7065904e+001
  1.6737598e+001
  1.7264652e+001
  1.6924468e+001
  1.7558704e+001
  1.7191624e+001
  1.7581116e+001
  1.7260023e+001
  1.7271929e+001
  1.7172515e+001
  1.6917971e+001
  1.7132595e+001
  1.6702019e+001
  1.7166645e+001
  1.6698965e+001
  1.7260702e+001
  1.6879190e+001
  1.7383875e+001
  1.7156039e+001
  1.7374798e+001
  1.7363804e+001
  1.7227258e+001
  1.7632467e+001
  1.7281609e+001
  1.7605877e+001
  1.6283058e+001
  1.8183296e+001
