  1.7354902e+001
  1.6697289e+001
  1.7072346e+001
  1.6606743e+001
  1.7098523e+001
  1.6855217e+001
  1.7228050e+001
  1.7180012e+001
  1.7245758e+001
  1.7262093e+001
  1.6961494e+001
  1.7109639e+001
  1.6609975e+001
  1.7092313e+001
  1.6776281e+001
  1.7438389e+001
  1.7079678e+001
  1.7370391e+001
  1.6909832e+001
  1.6850676e+001
  1.6951402e+001
  1.6958550e+001
  1.7477865e+001
  1.7025207e+001
  1.7299857e+001
  1.6639373e+001
  1.7097677e+001
  1.7092314e+001
  1.7268405e+001
  1.7196793e+001
  1.6657873e+001
  1.7093166e+001
  1.6880737e+001
  1.7466664e+001
  1.6949985e+001
  1.6827655e+001
  1.7039025e+001
  1.7059277e+001
  1.7540353e+001
  1.6744382e+001
  1.6993879e+001
  1.7135099e+001
  1.7190601e+001
  1.7237358e+001
  1.6590292e+001
  1.7328895e+001
  1.7269307e+001
  1.6896479e+001
  1.6982067e+001
  1.6894750e+001
  1.7479773e+001
  1.6887876e+001
  1.6749889e+001
  1.7531523e+001
  1.6956647e+001
  1.6915516e+001
  1.7185567e+001
  1.7043452e+001
  1.7097815e+001
  1.6790716e+001
  1.7178906e+001
  1.7316910e+001
  1.6616095e+001
  1.7208370e+001
  1.7329759e+001
  1.6558515e+001
  1.7217882e+001
  1.7283218e+001
  1.6586373e+001
  1.7333125e+001
  1.7343343e+001
  1.6585197e+001
  1.7276805e+001
  1.7256223e+001
  1.6572898e+001
  1.7354807e+001
  1.7290964e+001
  1.6589381e+001
  1.7378036e+001
  1.7252151e+001
  1.6614210e+001
  1.7298836e+001
  1.7168646e+001
  1.6808257e+001
  1.7151696e+001
  1.7068886e+001
  1.7167800e+001
  1.6911837e+001
  1.6935624e+001
  1.7484374e+001
  1.6743362e+001
  1.6881588e+001
  1.7445706e+001
  1.6918585e+001
  1.7056594e+001
  1.6927072e+001
  1.7229021e+001
  1.7277471e+001
  1.6574457e+001
  1.7244804e+001
  1.7182522e+001
  1.7093056e+001
  1.6958634e+001
  1.6735184e+001
  1.7533434e+001
  1.7055569e+001
  1.7048744e+001
  1.6852398e+001
  1.7016983e+001
  1.7549941e+001
  1.6908780e+001
  1.7077717e+001
  1.6643394e+001
  1.7200740e+001
  1.7275118e+001
  1.7081215e+001
  1.7071313e+001
  1.6593545e+001
  1.7241289e+001
  1.6999976e+001
  1.7487315e+001
  1.6958924e+001
  1.6937125e+001
  1.6832138e+001
  1.6875376e+001
  1.7341528e+001
  1.7097927e+001
  1.7479000e+001
  1.6802162e+001
  1.7101792e+001
  1.6598141e+001
  1.7092195e+001
  1.6970916e+001
  1.7300319e+001
  1.7262837e+001
  1.7151251e+001
  1.7190547e+001
  1.6818654e+001
  1.7063697e+001
  1.6602512e+001
  1.7088850e+001
  1.6692687e+001
  1.7318312e+001
  1.6945861e+001
  1.7478820e+001
  1.7113943e+001
  1.7446972e+001
  1.7157748e+001
  1.7268979e+001
  1.7120398e+001
  1.6993214e+001
  1.7046345e+001
  1.6757815e+001
  1.7037270e+001
  1.6580019e+001
  1.7119439e+001
  1.6616105e+001
  1.7011950e+001
  1.5709720e+001
  1.7351075e+001
