  1.6867666e+001
  1.7076649e+001
  1.7196250e+001
  1.7089537e+001
  1.7176682e+001
  1.6870563e+001
  1.6998542e+001
  1.6531579e+001
  1.6895271e+001
  1.6571521e+001
  1.7208085e+001
  1.6876589e+001
  1.7397560e+001
  1.6809001e+001
  1.7088243e+001
  1.6514516e+001
  1.6820131e+001
  1.6748371e+001
  1.7132363e+001
  1.7145129e+001
  1.6932160e+001
  1.6886556e+001
  1.6496396e+001
  1.7035681e+001
  1.6848458e+001
  1.7389117e+001
  1.6673290e+001
  1.6849506e+001
  1.6600321e+001
  1.7101150e+001
  1.7185339e+001
  1.6819969e+001
  1.6870225e+001
  1.6593821e+001
  1.7365069e+001
  1.6881726e+001
  1.6955178e+001
  1.6616586e+001
  1.6942918e+001
  1.7278209e+001
  1.6659563e+001
  1.6865119e+001
  1.6662177e+001
  1.7307996e+001
  1.6898264e+001
  1.6598129e+001
  1.7174453e+001
  1.6910855e+001
  1.7031495e+001
  1.6570942e+001
  1.6972022e+001
  1.7201579e+001
  1.6454470e+001
  1.7045760e+001
  1.7069304e+001
  1.6847136e+001
  1.6904278e+001
  1.6819602e+001
  1.7175869e+001
  1.6668254e+001
  1.6798090e+001
  1.7356256e+001
  1.6524403e+001
  1.6878991e+001
  1.7340884e+001
  1.6496081e+001
  1.6960047e+001
  1.7220044e+001
  1.6522379e+001
  1.7046626e+001
  1.7111579e+001
  1.6531086e+001
  1.7163245e+001
  1.7078186e+001
  1.6508484e+001
  1.7214086e+001
  1.6963022e+001
  1.6487613e+001
  1.7330654e+001
  1.6882149e+001
  1.6525022e+001
  1.7335423e+001
  1.6781874e+001
  1.6696275e+001
  1.7231332e+001
  1.6821004e+001
  1.6851988e+001
  1.6791451e+001
  1.7015207e+001
  1.7008312e+001
  1.6467458e+001
  1.7254140e+001
  1.7011300e+001
  1.6579226e+001
  1.7030466e+001
  1.6876517e+001
  1.7112145e+001
  1.6563843e+001
  1.6881470e+001
  1.7292410e+001
  1.6666482e+001
  1.6887287e+001
  1.6672340e+001
  1.7264892e+001
  1.6913690e+001
  1.6613333e+001
  1.6997793e+001
  1.6899715e+001
  1.7334615e+001
  1.6555430e+001
  1.6855885e+001
  1.6821179e+001
  1.7166361e+001
  1.7087826e+001
  1.6616140e+001
  1.6863347e+001
  1.6655583e+001
  1.7353257e+001
  1.6836431e+001
  1.7043031e+001
  1.6489713e+001
  1.6871566e+001
  1.6920539e+001
  1.7125507e+001
  1.7118396e+001
  1.6765229e+001
  1.6838589e+001
  1.6484807e+001
  1.7044496e+001
  1.6812220e+001
  1.7426919e+001
  1.6885680e+001
  1.7204900e+001
  1.6563203e+001
  1.6879854e+001
  1.6509752e+001
  1.6944813e+001
  1.6810511e+001
  1.7148769e+001
  1.7069564e+001
  1.7160780e+001
  1.7048025e+001
  1.6866392e+001
  1.6852294e+001
  1.6621644e+001
  1.6783059e+001
  1.6507594e+001
  1.6841119e+001
  1.6537254e+001
  1.7001422e+001
  1.6660260e+001
  1.7211994e+001
  1.6757386e+001
  1.7314757e+001
  1.6771520e+001
  1.7428333e+001
  1.6966849e+001
  1.7428789e+001
  1.6110239e+001
  1.7513076e+001
