  1.6648255e+001
  1.7198317e+001
  1.6826868e+001
  1.7248753e+001
  1.6781385e+001
  1.7014822e+001
  1.6541540e+001
  1.6721253e+001
  1.6467934e+001
  1.6781065e+001
  1.6838235e+001
  1.7154160e+001
  1.7107129e+001
  1.6821243e+001
  1.6702816e+001
  1.6472614e+001
  1.6777860e+001
  1.6690565e+001
  1.7241531e+001
  1.6774330e+001
  1.7008668e+001
  1.6361546e+001
  1.6871243e+001
  1.6627992e+001
  1.7238789e+001
  1.6785993e+001
  1.6791933e+001
  1.6528877e+001
  1.6769930e+001
  1.7117077e+001
  1.6851828e+001
  1.6900710e+001
  1.6370233e+001
  1.7098666e+001
  1.6806778e+001
  1.6994754e+001
  1.6423415e+001
  1.6718250e+001
  1.7077187e+001
  1.6773915e+001
  1.6785920e+001
  1.6393245e+001
  1.7245747e+001
  1.6809062e+001
  1.6642987e+001
  1.6713096e+001
  1.6884816e+001
  1.7152943e+001
  1.6338892e+001
  1.6973712e+001
  1.6990999e+001
  1.6672860e+001
  1.6824181e+001
  1.6758906e+001
  1.7120300e+001
  1.6481702e+001
  1.6773648e+001
  1.7199413e+001
  1.6365391e+001
  1.6890636e+001
  1.7024650e+001
  1.6547501e+001
  1.6912881e+001
  1.6865542e+001
  1.6786528e+001
  1.6790565e+001
  1.6788611e+001
  1.6901614e+001
  1.6692885e+001
  1.6861154e+001
  1.6913821e+001
  1.6640457e+001
  1.6925055e+001
  1.6846998e+001
  1.6664253e+001
  1.6914245e+001
  1.6821164e+001
  1.6805816e+001
  1.6791849e+001
  1.6887454e+001
  1.6928611e+001
  1.6530224e+001
  1.7003330e+001
  1.6892907e+001
  1.6374176e+001
  1.7176057e+001
  1.6742390e+001
  1.6493082e+001
  1.7172288e+001
  1.6779215e+001
  1.6792915e+001
  1.6642258e+001
  1.7005869e+001
  1.7003941e+001
  1.6348308e+001
  1.7142033e+001
  1.6876373e+001
  1.6729035e+001
  1.6661923e+001
  1.6794629e+001
  1.7217578e+001
  1.6397302e+001
  1.6816506e+001
  1.6788244e+001
  1.7064218e+001
  1.6725699e+001
  1.6460593e+001
  1.7018355e+001
  1.6812550e+001
  1.7100310e+001
  1.6360207e+001
  1.6854964e+001
  1.6801232e+001
  1.7095579e+001
  1.6753199e+001
  1.6524347e+001
  1.6805707e+001
  1.6805963e+001
  1.7254008e+001
  1.6616860e+001
  1.6840751e+001
  1.6342723e+001
  1.7006092e+001
  1.6771099e+001
  1.7237601e+001
  1.6696397e+001
  1.6773587e+001
  1.6468413e+001
  1.6762575e+001
  1.6864604e+001
  1.7016148e+001
  1.7043306e+001
  1.6821837e+001
  1.6793019e+001
  1.6460257e+001
  1.6696412e+001
  1.6515509e+001
  1.7001918e+001
  1.6768126e+001
  1.7232273e+001
  1.6817792e+001
  1.7190348e+001
  1.6626668e+001
  1.6961869e+001
  1.6387121e+001
  1.6813215e+001
  1.6307339e+001
  1.6817760e+001
  1.6382192e+001
  1.6974660e+001
  1.6548510e+001
  1.7136070e+001
  1.6648225e+001
  1.7195772e+001
  1.6673284e+001
  1.7265408e+001
  1.6842773e+001
  1.7265049e+001
  1.6058936e+001
  1.7325398e+001
