  1.6472530e+001
  1.6841932e+001
  1.6253791e+001
  1.6730852e+001
  1.6371015e+001
  1.7023523e+001
  1.6684807e+001
  1.7256096e+001
  1.6769858e+001
  1.7087560e+001
  1.6466877e+001
  1.6771665e+001
  1.6403699e+001
  1.6832394e+001
  1.6742405e+001
  1.7176553e+001
  1.6865496e+001
  1.6723494e+001
  1.6494261e+001
  1.6546096e+001
  1.6873271e+001
  1.6921902e+001
  1.7104504e+001
  1.6498974e+001
  1.6711345e+001
  1.6412447e+001
  1.7156759e+001
  1.6760988e+001
  1.7008900e+001
  1.6345813e+001
  1.6800853e+001
  1.6869200e+001
  1.7000750e+001
  1.6715860e+001
  1.6369181e+001
  1.6897795e+001
  1.6740833e+001
  1.7042901e+001
  1.6300678e+001
  1.6837787e+001
  1.6833049e+001
  1.6837737e+001
  1.6622716e+001
  1.6495375e+001
  1.7157859e+001
  1.6510253e+001
  1.6728657e+001
  1.6704736e+001
  1.6977379e+001
  1.6761872e+001
  1.6353544e+001
  1.7196470e+001
  1.6669510e+001
  1.6592416e+001
  1.6829579e+001
  1.6764280e+001
  1.6801046e+001
  1.6435698e+001
  1.7054650e+001
  1.6737872e+001
  1.6370804e+001
  1.7223551e+001
  1.6585340e+001
  1.6545007e+001
  1.7186043e+001
  1.6488492e+001
  1.6684991e+001
  1.7025091e+001
  1.6514166e+001
  1.6824411e+001
  1.6895256e+001
  1.6499739e+001
  1.6908494e+001
  1.6821874e+001
  1.6505530e+001
  1.7052004e+001
  1.6723273e+001
  1.6503100e+001
  1.7184360e+001
  1.6551739e+001
  1.6580232e+001
  1.7195107e+001
  1.6354695e+001
  1.6745968e+001
  1.7065022e+001
  1.6426033e+001
  1.6793844e+001
  1.6794693e+001
  1.6880075e+001
  1.6590947e+001
  1.6608849e+001
  1.7137342e+001
  1.6346708e+001
  1.6771656e+001
  1.6969517e+001
  1.6678024e+001
  1.6691878e+001
  1.6502390e+001
  1.7183422e+001
  1.6506643e+001
  1.6616890e+001
  1.6847643e+001
  1.6862041e+001
  1.6855941e+001
  1.6298332e+001
  1.7045539e+001
  1.6749884e+001
  1.6912306e+001
  1.6388580e+001
  1.6713683e+001
  1.6962036e+001
  1.6803772e+001
  1.6757076e+001
  1.6309585e+001
  1.6942632e+001
  1.6728429e+001
  1.7173396e+001
  1.6433506e+001
  1.6712126e+001
  1.6472729e+001
  1.7058198e+001
  1.6885812e+001
  1.6867088e+001
  1.6552924e+001
  1.6499074e+001
  1.6707579e+001
  1.6792139e+001
  1.7111660e+001
  1.6791771e+001
  1.6894776e+001
  1.6363780e+001
  1.6704580e+001
  1.6417878e+001
  1.7025420e+001
  1.6715816e+001
  1.7225723e+001
  1.6676536e+001
  1.7015842e+001
  1.6371011e+001
  1.6760020e+001
  1.6284510e+001
  1.6850509e+001
  1.6447941e+001
  1.7026239e+001
  1.6660530e+001
  1.7244075e+001
  1.6754041e+001
  1.7200449e+001
  1.6671409e+001
  1.7097733e+001
  1.6537830e+001
  1.6935778e+001
  1.6387345e+001
  1.6805409e+001
  1.6274339e+001
  1.6755979e+001
  1.6355560e+001
  1.6718986e+001
  1.5589486e+001
  1.6734185e+001
