  1.6526645e+001
  1.6639353e+001
  1.6287609e+001
  1.6456168e+001
  1.6463062e+001
  1.6836765e+001
  1.6687100e+001
  1.6908394e+001
  1.6691805e+001
  1.6795337e+001
  1.6387681e+001
  1.6532629e+001
  1.6313941e+001
  1.6796193e+001
  1.6663405e+001
  1.7039606e+001
  1.6529857e+001
  1.6695570e+001
  1.6184438e+001
  1.6757099e+001
  1.6565279e+001
  1.7156788e+001
  1.6481891e+001
  1.6678747e+001
  1.6168500e+001
  1.6832912e+001
  1.6644962e+001
  1.6940122e+001
  1.6366031e+001
  1.6449829e+001
  1.6600102e+001
  1.6915103e+001
  1.6867678e+001
  1.6277267e+001
  1.6630499e+001
  1.6587625e+001
  1.7093580e+001
  1.6293599e+001
  1.6660519e+001
  1.6580041e+001
  1.6900965e+001
  1.6485428e+001
  1.6384844e+001
  1.6955977e+001
  1.6613423e+001
  1.6710788e+001
  1.6294049e+001
  1.7033924e+001
  1.6619404e+001
  1.6324503e+001
  1.6818737e+001
  1.6651033e+001
  1.6750959e+001
  1.6347269e+001
  1.6952152e+001
  1.6649150e+001
  1.6243980e+001
  1.7047723e+001
  1.6466160e+001
  1.6496785e+001
  1.6823924e+001
  1.6547712e+001
  1.6633997e+001
  1.6598843e+001
  1.6786466e+001
  1.6533611e+001
  1.6549404e+001
  1.6912024e+001
  1.6393829e+001
  1.6672589e+001
  1.6810300e+001
  1.6286859e+001
  1.6842555e+001
  1.6690670e+001
  1.6372731e+001
  1.6880358e+001
  1.6538334e+001
  1.6525369e+001
  1.6767665e+001
  1.6596065e+001
  1.6634718e+001
  1.6543991e+001
  1.6832298e+001
  1.6512906e+001
  1.6486894e+001
  1.7068919e+001
  1.6261370e+001
  1.6679905e+001
  1.6976250e+001
  1.6319705e+001
  1.6693787e+001
  1.6633770e+001
  1.6859194e+001
  1.6365138e+001
  1.6630920e+001
  1.7022216e+001
  1.6269825e+001
  1.6706905e+001
  1.6633414e+001
  1.6961452e+001
  1.6364882e+001
  1.6480524e+001
  1.6913190e+001
  1.6573799e+001
  1.6634588e+001
  1.6257416e+001
  1.7050035e+001
  1.6587196e+001
  1.6687228e+001
  1.6302815e+001
  1.6801146e+001
  1.6852966e+001
  1.6632367e+001
  1.6498626e+001
  1.6384879e+001
  1.6964790e+001
  1.6668647e+001
  1.6845775e+001
  1.6181268e+001
  1.6705621e+001
  1.6479062e+001
  1.7112728e+001
  1.6544055e+001
  1.6772737e+001
  1.6202927e+001
  1.6703980e+001
  1.6529658e+001
  1.7036593e+001
  1.6655321e+001
  1.6786820e+001
  1.6311203e+001
  1.6519687e+001
  1.6351078e+001
  1.6749839e+001
  1.6692005e+001
  1.6978940e+001
  1.6715848e+001
  1.6763067e+001
  1.6418851e+001
  1.6495843e+001
  1.6290688e+001
  1.6539293e+001
  1.6461336e+001
  1.6806211e+001
  1.6685673e+001
  1.6926263e+001
  1.6724171e+001
  1.6984029e+001
  1.6673393e+001
  1.6847016e+001
  1.6476898e+001
  1.6694410e+001
  1.6348063e+001
  1.6645397e+001
  1.6250656e+001
  1.6572915e+001
  1.6305876e+001
  1.6617356e+001
  1.5575763e+001
  1.6509201e+001
