  1.6752301e+001
  1.6809791e+001
  1.6834815e+001
  1.6695000e+001
  1.6759726e+001
  1.6498105e+001
  1.6410385e+001
  1.6224290e+001
  1.6478581e+001
  1.6522979e+001
  1.6813297e+001
  1.6768759e+001
  1.6766644e+001
  1.6476621e+001
  1.6430167e+001
  1.6354601e+001
  1.6547538e+001
  1.6771383e+001
  1.6792912e+001
  1.6667211e+001
  1.6337886e+001
  1.6439662e+001
  1.6417275e+001
  1.6876184e+001
  1.6582378e+001
  1.6679680e+001
  1.6142870e+001
  1.6704414e+001
  1.6506710e+001
  1.6976436e+001
  1.6245965e+001
  1.6614618e+001
  1.6389749e+001
  1.6920172e+001
  1.6497679e+001
  1.6466228e+001
  1.6487219e+001
  1.6724615e+001
  1.6852678e+001
  1.6187774e+001
  1.6608598e+001
  1.6534514e+001
  1.6986875e+001
  1.6195682e+001
  1.6609220e+001
  1.6772520e+001
  1.6512593e+001
  1.6464364e+001
  1.6401357e+001
  1.6977235e+001
  1.6166031e+001
  1.6612131e+001
  1.6819734e+001
  1.6467793e+001
  1.6542084e+001
  1.6506630e+001
  1.6876647e+001
  1.6212226e+001
  1.6651790e+001
  1.6878640e+001
  1.6103707e+001
  1.6863405e+001
  1.6634892e+001
  1.6303228e+001
  1.6874382e+001
  1.6473816e+001
  1.6482781e+001
  1.6722354e+001
  1.6463226e+001
  1.6550124e+001
  1.6595960e+001
  1.6492884e+001
  1.6627535e+001
  1.6583413e+001
  1.6468954e+001
  1.6704438e+001
  1.6471009e+001
  1.6458515e+001
  1.6839896e+001
  1.6270997e+001
  1.6612544e+001
  1.6855636e+001
  1.6114668e+001
  1.6894776e+001
  1.6670444e+001
  1.6227517e+001
  1.6883126e+001
  1.6524452e+001
  1.6568209e+001
  1.6463400e+001
  1.6776060e+001
  1.6586666e+001
  1.6192436e+001
  1.7022998e+001
  1.6427924e+001
  1.6470127e+001
  1.6516486e+001
  1.6793504e+001
  1.6634999e+001
  1.6172936e+001
  1.6910775e+001
  1.6494065e+001
  1.6622221e+001
  1.6197652e+001
  1.6832490e+001
  1.6690513e+001
  1.6439760e+001
  1.6436795e+001
  1.6536684e+001
  1.6969718e+001
  1.6352375e+001
  1.6542835e+001
  1.6238940e+001
  1.7012495e+001
  1.6535093e+001
  1.6710995e+001
  1.6127482e+001
  1.6670062e+001
  1.6601079e+001
  1.6929219e+001
  1.6439642e+001
  1.6403329e+001
  1.6308694e+001
  1.6672138e+001
  1.6799173e+001
  1.6785063e+001
  1.6568059e+001
  1.6331801e+001
  1.6376858e+001
  1.6452277e+001
  1.6746045e+001
  1.6737285e+001
  1.6791157e+001
  1.6487478e+001
  1.6454648e+001
  1.6271032e+001
  1.6453139e+001
  1.6470624e+001
  1.6732319e+001
  1.6712703e+001
  1.6820874e+001
  1.6692038e+001
  1.6664452e+001
  1.6530156e+001
  1.6430527e+001
  1.6341602e+001
  1.6297497e+001
  1.6380634e+001
  1.6342461e+001
  1.6501467e+001
  1.6437498e+001
  1.6678657e+001
  1.6571041e+001
  1.6860368e+001
  1.6605180e+001
  1.6874524e+001
  1.6720187e+001
  1.7035923e+001
  1.6021871e+001
  1.6867306e+001
