  1.6540154e+001
  1.6101169e+001
  1.6297938e+001
  1.6044602e+001
  1.6614636e+001
  1.6458636e+001
  1.6961894e+001
  1.6570873e+001
  1.6910294e+001
  1.6270221e+001
  1.6469139e+001
  1.6154086e+001
  1.6754267e+001
  1.6423278e+001
  1.6958013e+001
  1.6489697e+001
  1.6646902e+001
  1.6127721e+001
  1.6534562e+001
  1.6267215e+001
  1.6790515e+001
  1.6518977e+001
  1.6589332e+001
  1.6127158e+001
  1.6450421e+001
  1.6573073e+001
  1.6849392e+001
  1.6580115e+001
  1.6296514e+001
  1.6402584e+001
  1.6541607e+001
  1.6865698e+001
  1.6259203e+001
  1.6415083e+001
  1.6291462e+001
  1.7055261e+001
  1.6354327e+001
  1.6497558e+001
  1.6245804e+001
  1.6866443e+001
  1.6465692e+001
  1.6311502e+001
  1.6580273e+001
  1.6582808e+001
  1.6633826e+001
  1.6028887e+001
  1.6802950e+001
  1.6457131e+001
  1.6434317e+001
  1.6304668e+001
  1.6629824e+001
  1.6640056e+001
  1.6082155e+001
  1.6896439e+001
  1.6440139e+001
  1.6388356e+001
  1.6611917e+001
  1.6532310e+001
  1.6511177e+001
  1.6279815e+001
  1.6844804e+001
  1.6298528e+001
  1.6376621e+001
  1.6949207e+001
  1.6076939e+001
  1.6625083e+001
  1.6714740e+001
  1.6053261e+001
  1.6839007e+001
  1.6446368e+001
  1.6225396e+001
  1.6938557e+001
  1.6230655e+001
  1.6465213e+001
  1.6867640e+001
  1.6077359e+001
  1.6731402e+001
  1.6629401e+001
  1.6057178e+001
  1.6907652e+001
  1.6338161e+001
  1.6291233e+001
  1.6865317e+001
  1.6301316e+001
  1.6537431e+001
  1.6553427e+001
  1.6609300e+001
  1.6378704e+001
  1.6443289e+001
  1.6888654e+001
  1.6045480e+001
  1.6621884e+001
  1.6648515e+001
  1.6340552e+001
  1.6462891e+001
  1.6467594e+001
  1.6802244e+001
  1.6037409e+001
  1.6659857e+001
  1.6571117e+001
  1.6510067e+001
  1.6265022e+001
  1.6477194e+001
  1.6884954e+001
  1.6244257e+001
  1.6504713e+001
  1.6340862e+001
  1.7011564e+001
  1.6290857e+001
  1.6458522e+001
  1.6259702e+001
  1.6822131e+001
  1.6532526e+001
  1.6411033e+001
  1.6273516e+001
  1.6514401e+001
  1.6764319e+001
  1.6524255e+001
  1.6441619e+001
  1.6145114e+001
  1.6582423e+001
  1.6496855e+001
  1.6834286e+001
  1.6300424e+001
  1.6482180e+001
  1.6117367e+001
  1.6698909e+001
  1.6482696e+001
  1.6923392e+001
  1.6351496e+001
  1.6566837e+001
  1.6056605e+001
  1.6519374e+001
  1.6268925e+001
  1.6850600e+001
  1.6539828e+001
  1.6909849e+001
  1.6396325e+001
  1.6601760e+001
  1.6116495e+001
  1.6406226e+001
  1.6143109e+001
  1.6538627e+001
  1.6379405e+001
  1.6724872e+001
  1.6616834e+001
  1.6832037e+001
  1.6657823e+001
  1.6700024e+001
  1.6567887e+001
  1.6518920e+001
  1.6476770e+001
  1.6362744e+001
  1.6414233e+001
  1.6200416e+001
  1.6339035e+001
  1.6229995e+001
  1.6459597e+001
  1.5537208e+001
  1.6270701e+001
