  1.5962297e+001
  1.6980310e+001
  1.7981620e+001
  1.8992976e+001
  2.0037577e+001
  2.1133327e+001
  2.2291711e+001
  2.3517383e+001
  2.4808481e+001
  2.6157636e+001
  2.7553555e+001
  2.8982975e+001
  3.0432800e+001
  3.1892148e+001
  3.3354076e+001
  3.4816776e+001
  3.6284076e+001
  3.7765163e+001
  3.9273534e+001
  4.0825258e+001
  4.2436728e+001
  4.4122145e+001
  4.5891017e+001
  4.7745978e+001
  4.9681183e+001
  5.1681532e+001
  5.3722830e+001
  5.5772939e+001
  5.7793856e+001
  5.9744530e+001
  6.1584163e+001
  6.3275692e+001
  6.4789089e+001
  6.6104174e+001
  6.7212656e+001
  6.8119213e+001
  6.8841511e+001
  6.9409171e+001
  6.9861791e+001
  7.0246227e+001
  7.0613360e+001
  7.1014653e+001
  7.1498759e+001
  7.2108453e+001
  7.2878082e+001
  7.3831706e+001
  7.4982014e+001
  7.6330058e+001
  7.7865785e+001
  7.9569300e+001
  8.1412760e+001
  8.3362749e+001
  8.5382974e+001
  8.7437094e+001
  8.9491461e+001
  9.1517606e+001
  9.3494241e+001
  9.5408669e+001
  9.7257466e+001
  9.9046412e+001
  1.0078971e+002
  1.0250860e+002
  1.0422948e+002
  1.0598184e+002
  1.0779609e+002
  1.0970157e+002
  1.1172474e+002
  1.1388780e+002
  1.1620764e+002
  1.1869500e+002
  1.2135393e+002
  1.2418135e+002
  1.2716669e+002
  1.3029153e+002
  1.3352945e+002
  1.3684605e+002
  1.4019936e+002
  1.4354078e+002
  1.4681662e+002
  1.4997046e+002
  1.5294602e+002
  1.5569064e+002
  1.5815900e+002
  1.6031680e+002
  1.6214404e+002
  1.6363759e+002
  1.6481275e+002
  1.6570353e+002
  1.6636166e+002
  1.6685426e+002
  1.6726026e+002
  1.6766585e+002
  1.6815919e+002
  1.6882467e+002
  1.6973714e+002
  1.7095642e+002
  1.7252260e+002
  1.7445228e+002
  1.7673638e+002
  1.7933959e+002
  1.8220180e+002
  1.8524158e+002
  1.8836154e+002
  1.9145552e+002
  1.9441688e+002
  1.9714751e+002
  1.9956658e+002
  2.0161823e+002
  2.0327739e+002
  2.0455289e+002
  2.0548742e+002
  2.0615404e+002
  2.0664937e+002
  2.0708403e+002
  2.0757101e+002
  2.0821325e+002
  2.0909156e+002
  2.1025427e+002
  2.1170987e+002
  2.1342339e+002
  2.1531731e+002
  2.1727704e+002
  2.1916063e+002
  2.2081200e+002
  2.2207635e+002
  2.2281649e+002
  2.2292831e+002
  2.2235391e+002
  2.2109103e+002
  2.1919752e+002
  2.1679052e+002
  2.1403995e+002
  2.1115683e+002
  2.0837745e+002
  2.0594449e+002
  2.0408703e+002
  2.0300096e+002
  2.0283184e+002
  2.0366164e+002
  2.0550059e+002
  2.0828512e+002
  2.1188187e+002
  2.1609758e+002
  2.2069401e+002
  2.2540634e+002
  2.2996366e+002
  2.3410957e+002
  2.3762112e+002
  2.4032472e+002
  2.4210747e+002
  2.4292357e+002
  2.4279516e+002
  2.4180811e+002
  2.4010335e+002
  2.3786457e+002
  2.3530366e+002
  2.3264499e+002
  2.3010967e+002
  2.2790082e+002
  2.2619068e+002
