  1.5691249e+001
  1.5720176e+001
  1.5717455e+001
  1.6674995e+001
  1.6000537e+001
  1.6251586e+001
  1.6344591e+001
  1.6958947e+001
  1.5697503e+001
  1.5596021e+001
  1.5552014e+001
  1.5924695e+001
  1.6271394e+001
  1.6633283e+001
  1.6407138e+001
  1.6034576e+001
  1.5911096e+001
  1.5564388e+001
  1.6184321e+001
  1.6471211e+001
  1.6873122e+001
  1.5815632e+001
  1.5563605e+001
  1.5697457e+001
  1.6820425e+001
  1.6310044e+001
  1.6233989e+001
  1.5455280e+001
  1.6015804e+001
  1.6138779e+001
  1.6599136e+001
  1.5738794e+001
  1.6266366e+001
  1.6225871e+001
  1.6483869e+001
  1.5646992e+001
  1.5646790e+001
  1.5652952e+001
  1.6151571e+001
  1.5931087e+001
  1.6272287e+001
  1.6399809e+001
  1.6137632e+001
  1.5839740e+001
  1.5994334e+001
  1.6662273e+001
  1.5740103e+001
  1.5859115e+001
  1.5900532e+001
  1.6394732e+001
  1.5537074e+001
  1.5943315e+001
  1.5860283e+001
  1.5598990e+001
  1.5966401e+001
  1.6180925e+001
  1.6160414e+001
  1.5824638e+001
  1.6653854e+001
  1.5908680e+001
  1.6261555e+001
  1.6499923e+001
  1.5749300e+001
  1.6471180e+001
  1.5987079e+001
  1.5996888e+001
  1.6329582e+001
  1.5817871e+001
  1.6189142e+001
  1.6007981e+001
  1.5760580e+001
  1.6196752e+001
  1.6085913e+001
  1.6172684e+001
  1.6168288e+001
  1.5866300e+001
  1.6320408e+001
  1.5882096e+001
  1.5873473e+001
  1.6435699e+001
  1.5723077e+001
  1.6357406e+001
  1.6147035e+001
  1.5813702e+001
  1.6515055e+001
  1.5843031e+001
  1.6061787e+001
  1.6080405e+001
  1.6196173e+001
  1.5877176e+001
  1.6190887e+001
  1.6296400e+001
  1.5646744e+001
  1.6381427e+001
  1.6019751e+001
  1.6124708e+001
  1.5862564e+001
  1.6502148e+001
  1.5911226e+001
  1.5951027e+001
  1.6200596e+001
  1.6232499e+001
  1.5920091e+001
  1.5891240e+001
  1.6452179e+001
  1.6050071e+001
  1.6030653e+001
  1.5830967e+001
  1.6480074e+001
  1.5985130e+001
  1.6062956e+001
  1.5730832e+001
  1.6468659e+001
  1.6062394e+001
  1.6209798e+001
  1.5655505e+001
  1.6264848e+001
  1.6067462e+001
  1.6396846e+001
  1.5741601e+001
  1.6038923e+001
  1.5848881e+001
  1.6407685e+001
  1.6108903e+001
  1.6185690e+001
  1.5772316e+001
  1.5997206e+001
  1.6041297e+001
  1.6282837e+001
  1.6255598e+001
  1.6036401e+001
  1.5994535e+001
  1.5737062e+001
  1.6093455e+001
  1.5920786e+001
  1.6427656e+001
  1.6060261e+001
  1.6473401e+001
  1.5838324e+001
  1.6133180e+001
  1.5622848e+001
  1.5995032e+001
  1.5821186e+001
  1.6161088e+001
  1.6134675e+001
  1.6206674e+001
  1.6370140e+001
  1.6137412e+001
  1.6411301e+001
  1.5959614e+001
  1.6364480e+001
  1.5809223e+001
  1.6227709e+001
  1.5704303e+001
  1.6065846e+001
  1.5676997e+001
  1.6002856e+001
  1.5868888e+001
  1.5383197e+001
  1.5563779e+001
