  1.5997873e+001
  1.6036873e+001
  1.6015917e+001
  1.6800919e+001
  1.5528030e+001
  1.5359712e+001
  1.5701468e+001
  1.6302062e+001
  1.5651466e+001
  1.5566536e+001
  1.6251902e+001
  1.6203690e+001
  1.6247892e+001
  1.5820586e+001
  1.6136624e+001
  1.5923696e+001
  1.6550537e+001
  1.5666610e+001
  1.5715736e+001
  1.5632910e+001
  1.6456178e+001
  1.5751661e+001
  1.5940000e+001
  1.6153662e+001
  1.6647992e+001
  1.5629517e+001
  1.5918047e+001
  1.5586380e+001
  1.5709299e+001
  1.5629924e+001
  1.6266213e+001
  1.6068004e+001
  1.6221542e+001
  1.5565445e+001
  1.5856810e+001
  1.5763363e+001
  1.6045132e+001
  1.5432162e+001
  1.5965667e+001
  1.6320143e+001
  1.6979693e+001
  1.5606489e+001
  1.5980119e+001
  1.6063240e+001
  1.6358904e+001
  1.5592046e+001
  1.5960606e+001
  1.5755323e+001
  1.5758779e+001
  1.5965643e+001
  1.5776172e+001
  1.5612619e+001
  1.5616195e+001
  1.6347431e+001
  1.5671681e+001
  1.6391025e+001
  1.6259474e+001
  1.5920874e+001
  1.6062430e+001
  1.6208772e+001
  1.6165275e+001
  1.5911189e+001
  1.6459147e+001
  1.5593622e+001
  1.6003839e+001
  1.6230732e+001
  1.5571678e+001
  1.6335076e+001
  1.5759422e+001
  1.5789121e+001
  1.6139823e+001
  1.5721173e+001
  1.6586218e+001
  1.5933633e+001
  1.5645506e+001
  1.6388232e+001
  1.5531768e+001
  1.6045706e+001
  1.5952719e+001
  1.5750084e+001
  1.6561758e+001
  1.5828457e+001
  1.6169695e+001
  1.6258150e+001
  1.5972717e+001
  1.5834617e+001
  1.6014122e+001
  1.6176040e+001
  1.5779767e+001
  1.6524009e+001
  1.5762037e+001
  1.5973440e+001
  1.6113779e+001
  1.6042844e+001
  1.5862054e+001
  1.6073670e+001
  1.6293474e+001
  1.5583399e+001
  1.6146801e+001
  1.6007666e+001
  1.6175732e+001
  1.5525383e+001
  1.6286645e+001
  1.5971858e+001
  1.6083557e+001
  1.5643718e+001
  1.6381758e+001
  1.5976895e+001
  1.6001920e+001
  1.5685946e+001
  1.6285514e+001
  1.6023392e+001
  1.6032906e+001
  1.5617312e+001
  1.6229854e+001
  1.6098055e+001
  1.6243008e+001
  1.5648674e+001
  1.6025457e+001
  1.5903581e+001
  1.6443692e+001
  1.5840149e+001
  1.6036295e+001
  1.5569062e+001
  1.6217208e+001
  1.5969703e+001
  1.6432206e+001
  1.5781370e+001
  1.5986074e+001
  1.5597251e+001
  1.6060066e+001
  1.6038385e+001
  1.6300561e+001
  1.6150498e+001
  1.5936699e+001
  1.5894554e+001
  1.5650801e+001
  1.6013161e+001
  1.5788186e+001
  1.6379204e+001
  1.5977727e+001
  1.6429240e+001
  1.5950149e+001
  1.6233428e+001
  1.5787858e+001
  1.5891344e+001
  1.5770770e+001
  1.5715504e+001
  1.5890605e+001
  1.5682537e+001
  1.6158397e+001
  1.5768134e+001
  1.6307833e+001
  1.5891200e+001
  1.6406807e+001
  1.5979950e+001
  1.6394114e+001
  1.6211169e+001
  1.5799332e+001
  1.5906641e+001
