  1.5542148e+001
  1.5422282e+001
  1.5889861e+001
  1.6324717e+001
  1.5948053e+001
  1.5527439e+001
  1.5969803e+001
  1.5741796e+001
  1.6332207e+001
  1.5951147e+001
  1.6460468e+001
  1.6262840e+001
  1.6425467e+001
  1.5424483e+001
  1.5735952e+001
  1.6244683e+001
  1.6433286e+001
  1.6122738e+001
  1.5541988e+001
  1.5814717e+001
  1.5881136e+001
  1.6492993e+001
  1.5670127e+001
  1.5654140e+001
  1.5445539e+001
  1.5780164e+001
  1.5735160e+001
  1.6651938e+001
  1.5474567e+001
  1.5651448e+001
  1.5806260e+001
  1.6604129e+001
  1.5840884e+001
  1.5855923e+001
  1.5734095e+001
  1.6528137e+001
  1.5604289e+001
  1.5685458e+001
  1.5520625e+001
  1.6178828e+001
  1.5660639e+001
  1.5716286e+001
  1.5753790e+001
  1.6719655e+001
  1.5512296e+001
  1.5548311e+001
  1.5697385e+001
  1.6168116e+001
  1.5773034e+001
  1.6251569e+001
  1.5799778e+001
  1.5689559e+001
  1.6618476e+001
  1.5911972e+001
  1.5872373e+001
  1.5792697e+001
  1.6014591e+001
  1.5421696e+001
  1.6129697e+001
  1.5908038e+001
  1.6034902e+001
  1.6509292e+001
  1.5326080e+001
  1.5541911e+001
  1.5723800e+001
  1.5969733e+001
  1.6075654e+001
  1.5740387e+001
  1.5946561e+001
  1.6013535e+001
  1.6048767e+001
  1.6153624e+001
  1.5930741e+001
  1.5590624e+001
  1.5817170e+001
  1.6111605e+001
  1.6125960e+001
  1.5873414e+001
  1.6040568e+001
  1.6210728e+001
  1.5632606e+001
  1.6100060e+001
  1.5509750e+001
  1.5708397e+001
  1.6045045e+001
  1.5385888e+001
  1.6230408e+001
  1.6024424e+001
  1.5836290e+001
  1.5490125e+001
  1.6066547e+001
  1.5657174e+001
  1.5795323e+001
  1.6021264e+001
  1.5565279e+001
  1.5851378e+001
  1.5747183e+001
  1.5941356e+001
  1.5531251e+001
  1.6323617e+001
  1.5789086e+001
  1.5936196e+001
  1.5759455e+001
  1.6555566e+001
  1.5710489e+001
  1.5906879e+001
  1.5715144e+001
  1.6175245e+001
  1.5530287e+001
  1.5745806e+001
  1.5627554e+001
  1.6403846e+001
  1.5704602e+001
  1.5889108e+001
  1.5600024e+001
  1.6273716e+001
  1.5809630e+001
  1.5955449e+001
  1.5317850e+001
  1.5933807e+001
  1.5783273e+001
  1.6163653e+001
  1.5558848e+001
  1.5693819e+001
  1.5659771e+001
  1.6091369e+001
  1.6069043e+001
  1.5902619e+001
  1.5770220e+001
  1.5473778e+001
  1.5939054e+001
  1.5764985e+001
  1.6263042e+001
  1.5757292e+001
  1.6077413e+001
  1.5499560e+001
  1.5730395e+001
  1.5503005e+001
  1.5814560e+001
  1.5976854e+001
  1.5973862e+001
  1.6228202e+001
  1.5807555e+001
  1.6129517e+001
  1.5538589e+001
  1.5840846e+001
  1.5367579e+001
  1.5653726e+001
  1.5592079e+001
  1.5707180e+001
  1.5902026e+001
  1.5690742e+001
  1.6136755e+001
  1.5680492e+001
  1.6182787e+001
  1.5698460e+001
  1.6250067e+001
  1.6026642e+001
  1.5739624e+001
  1.5602869e+001
