  3.4249117e+001
  3.4396843e+001
  3.4912624e+001
  3.5205527e+001
  3.4413241e+001
  3.4901255e+001
  3.3695657e+001
  3.4453484e+001
  3.3823158e+001
  3.3981202e+001
  3.4811419e+001
  3.4403972e+001
  3.5167635e+001
  3.3790842e+001
  3.4615613e+001
  3.3939717e+001
  3.4442193e+001
  3.4775757e+001
  3.4175259e+001
  3.4523747e+001
  3.3796751e+001
  3.5226215e+001
  3.4192833e+001
  3.4263582e+001
  3.3520809e+001
  3.4313084e+001
  3.4333893e+001
  3.4538079e+001
  3.4496058e+001
  3.3546151e+001
  3.4686426e+001
  3.4276892e+001
  3.4691039e+001
  3.3638371e+001
  3.5171208e+001
  3.4145931e+001
  3.4218727e+001
  3.3469550e+001
  3.5038630e+001
  3.4060551e+001
  3.3963166e+001
  3.3775441e+001
  3.5015827e+001
  3.3801074e+001
  3.4527069e+001
  3.4412983e+001
  3.4473066e+001
  3.3536111e+001
  3.4903700e+001
  3.4066232e+001
  3.4278870e+001
  3.4019455e+001
  3.4798232e+001
  3.3572698e+001
  3.4714792e+001
  3.3577953e+001
  3.4412003e+001
  3.4366609e+001
  3.4335247e+001
  3.3998431e+001
  3.4565873e+001
  3.3632179e+001
  3.4147696e+001
  3.4615304e+001
  3.3413322e+001
  3.4766388e+001
  3.3310393e+001
  3.4317242e+001
  3.4039558e+001
  3.3665216e+001
  3.4419517e+001
  3.3219088e+001
  3.4678876e+001
  3.3615108e+001
  3.3869366e+001
  3.4237850e+001
  3.3135430e+001
  3.4568513e+001
  3.3030238e+001
  3.4422733e+001
  3.4327740e+001
  3.3829335e+001
  3.4581330e+001
  3.3944719e+001
  3.4093273e+001
  3.3956768e+001
  3.4008953e+001
  3.3280810e+001
  3.4383210e+001
  3.3105363e+001
  3.4306600e+001
  3.3851968e+001
  3.4136808e+001
  3.3630408e+001
  3.4424220e+001
  3.3090129e+001
  3.4117482e+001
  3.4066332e+001
  3.4086678e+001
  3.3476567e+001
  3.4509742e+001
  3.3252623e+001
  3.3679825e+001
  3.3858797e+001
  3.4653361e+001
  3.2978495e+001
  3.3925550e+001
  3.3648854e+001
  3.4201439e+001
  3.2916137e+001
  3.4292641e+001
  3.3929589e+001
  3.4225236e+001
  3.3191683e+001
  3.4071953e+001
  3.4139936e+001
  3.3818030e+001
  3.3525594e+001
  3.3142244e+001
  3.4281314e+001
  3.3675504e+001
  3.4364514e+001
  3.3199574e+001
  3.4034384e+001
  3.3767740e+001
  3.4270397e+001
  3.3873399e+001
  3.3108478e+001
  3.3657811e+001
  3.3183254e+001
  3.4378498e+001
  3.3539739e+001
  3.4074842e+001
  3.3507702e+001
  3.3330525e+001
  3.3867672e+001
  3.3328681e+001
  3.4555542e+001
  3.3704916e+001
  3.4224535e+001
  3.3440774e+001
  3.3294034e+001
  3.4043041e+001
  3.2906760e+001
  3.3656414e+001
  3.3108163e+001
  3.3855078e+001
  3.3755256e+001
  3.3536909e+001
  3.4517927e+001
  3.3554525e+001
  3.4450116e+001
  3.3709391e+001
  3.3849777e+001
  3.4108682e+001
  3.3403903e+001
  3.4589137e+001
  3.3386216e+001
  3.3436365e+001
  3.2156172e+001
