  8.0307681e+001
  8.2278992e+001
  8.0619563e+001
  8.2555963e+001
  8.0464841e+001
  8.0794716e+001
  7.8975992e+001
  7.7773737e+001
  8.0877015e+001
  7.9498198e+001
  8.2125638e+001
  8.1169629e+001
  8.0729937e+001
  7.8908243e+001
  7.7601094e+001
  8.1799846e+001
  8.0537930e+001
  8.2119526e+001
  7.9047211e+001
  7.8951631e+001
  8.0006879e+001
  8.1037844e+001
  8.2383800e+001
  7.8207321e+001
  7.9883428e+001
  7.9175841e+001
  8.2638309e+001
  8.0190004e+001
  7.9607316e+001
  7.9440267e+001
  8.0908107e+001
  8.1789453e+001
  7.8192063e+001
  8.0885815e+001
  8.0821909e+001
  8.1699232e+001
  7.7389891e+001
  8.2174990e+001
  8.0686570e+001
  8.0306863e+001
  7.8057389e+001
  8.2637165e+001
  7.9945873e+001
  7.9780122e+001
  8.0361912e+001
  8.1980279e+001
  7.8040713e+001
  8.1494507e+001
  8.0760698e+001
  7.9632293e+001
  7.9573398e+001
  8.1994816e+001
  7.7523150e+001
  8.1382873e+001
  7.9784088e+001
  8.0291444e+001
  7.9979603e+001
  8.1360415e+001
  7.7638219e+001
  8.2581456e+001
  7.8147576e+001
  8.0984541e+001
  8.0870400e+001
  7.8987591e+001
  8.1822358e+001
  7.8903409e+001
  8.1157696e+001
  7.9963294e+001
  7.9967158e+001
  8.0306499e+001
  8.0025615e+001
  8.0620522e+001
  8.0132670e+001
  8.0476907e+001
  8.0136156e+001
  7.9832436e+001
  8.0886267e+001
  7.9050565e+001
  8.2032908e+001
  7.9015822e+001
  8.0643402e+001
  8.0682087e+001
  7.8139916e+001
  8.2747212e+001
  7.7585440e+001
  8.1537467e+001
  7.9894590e+001
  7.9850438e+001
  7.9746625e+001
  8.1751083e+001
  7.7675927e+001
  8.2180073e+001
  7.9564873e+001
  7.9330807e+001
  8.0441330e+001
  8.1109850e+001
  7.7977160e+001
  8.1689505e+001
  7.9741935e+001
  7.9136496e+001
  7.9573625e+001
  8.2421244e+001
  7.8031764e+001
  8.0428347e+001
  8.0000226e+001
  8.0896279e+001
  7.7208012e+001
  8.1852631e+001
  8.0477186e+001
  8.0457118e+001
  7.7869415e+001
  8.1467375e+001
  8.0878745e+001
  7.9274081e+001
  7.9018869e+001
  7.9931444e+001
  8.2732921e+001
  7.8903010e+001
  7.9532090e+001
  7.8222666e+001
  8.2350927e+001
  8.0900683e+001
  7.9762356e+001
  7.8388842e+001
  7.8796852e+001
  8.2484433e+001
  8.0506359e+001
  8.1398397e+001
  7.7880451e+001
  7.9079059e+001
  7.9979481e+001
  8.0868518e+001
  8.2773703e+001
  7.9372519e+001
  8.0037682e+001
  7.7479653e+001
  7.8924896e+001
  8.0211192e+001
  8.0154680e+001
  8.2915519e+001
  8.0458087e+001
  8.1508501e+001
  7.9050616e+001
  7.7957401e+001
  7.8954659e+001
  7.7261321e+001
  8.0152567e+001
  7.9249716e+001
  8.0785184e+001
  8.1883408e+001
  8.0636155e+001
  8.3247995e+001
  8.1016928e+001
  8.2364363e+001
  8.1638119e+001
  8.0136268e+001
  8.2086821e+001
  7.9479754e+001
  8.0270182e+001
  7.6730699e+001
