  1.1376828e+002
  1.1490845e+002
  1.1046786e+002
  1.1329327e+002
  1.1404957e+002
  1.1616157e+002
  1.1839408e+002
  1.1518438e+002
  1.1720380e+002
  1.1212930e+002
  1.1242298e+002
  1.1419224e+002
  1.1540839e+002
  1.1902164e+002
  1.1460218e+002
  1.1554825e+002
  1.1138048e+002
  1.1373757e+002
  1.1757517e+002
  1.1643363e+002
  1.1624915e+002
  1.1067553e+002
  1.1529160e+002
  1.1539779e+002
  1.1778365e+002
  1.1386672e+002
  1.1223841e+002
  1.1646492e+002
  1.1640458e+002
  1.1667236e+002
  1.1060316e+002
  1.1712793e+002
  1.1591707e+002
  1.1604717e+002
  1.1173936e+002
  1.1672137e+002
  1.1669107e+002
  1.1379758e+002
  1.1367468e+002
  1.1636855e+002
  1.1647655e+002
  1.1199981e+002
  1.1785207e+002
  1.1572820e+002
  1.1430878e+002
  1.1368903e+002
  1.1845396e+002
  1.1166667e+002
  1.1647316e+002
  1.1538743e+002
  1.1437264e+002
  1.1334422e+002
  1.1849910e+002
  1.1168243e+002
  1.1728199e+002
  1.1583087e+002
  1.1333339e+002
  1.1596274e+002
  1.1497869e+002
  1.1376987e+002
  1.1657832e+002
  1.1487970e+002
  1.1406533e+002
  1.1831385e+002
  1.1115419e+002
  1.1916971e+002
  1.1218260e+002
  1.1649587e+002
  1.1553518e+002
  1.1287480e+002
  1.1878768e+002
  1.1142108e+002
  1.1878076e+002
  1.1293341e+002
  1.1576700e+002
  1.1660493e+002
  1.1230237e+002
  1.1976033e+002
  1.1153706e+002
  1.1828019e+002
  1.1384887e+002
  1.1460227e+002
  1.1654782e+002
  1.1397252e+002
  1.1510935e+002
  1.1654358e+002
  1.1373012e+002
  1.1565792e+002
  1.1724566e+002
  1.1206960e+002
  1.1889735e+002
  1.1387370e+002
  1.1500540e+002
  1.1573939e+002
  1.1656794e+002
  1.1193239e+002
  1.1921192e+002
  1.1390455e+002
  1.1435084e+002
  1.1585702e+002
  1.1807014e+002
  1.1208657e+002
  1.1652865e+002
  1.1681018e+002
  1.1379745e+002
  1.1381978e+002
  1.1746903e+002
  1.1736941e+002
  1.1206937e+002
  1.1643251e+002
  1.1616918e+002
  1.1724428e+002
  1.1107178e+002
  1.1703513e+002
  1.1644591e+002
  1.1671419e+002
  1.1264566e+002
  1.1409387e+002
  1.1830715e+002
  1.1600075e+002
  1.1577578e+002
  1.1130528e+002
  1.1694266e+002
  1.1669511e+002
  1.1798950e+002
  1.1471678e+002
  1.1200130e+002
  1.1596126e+002
  1.1538935e+002
  1.1972177e+002
  1.1548339e+002
  1.1462908e+002
  1.1346799e+002
  1.1269287e+002
  1.1766352e+002
  1.1627575e+002
  1.1955019e+002
  1.1607162e+002
  1.1408812e+002
  1.1433998e+002
  1.1131326e+002
  1.1547408e+002
  1.1443861e+002
  1.1739233e+002
  1.1903532e+002
  1.1696599e+002
  1.1976795e+002
  1.1594042e+002
  1.1691360e+002
  1.1530056e+002
  1.1271303e+002
  1.1501072e+002
  1.1135731e+002
  1.1385139e+002
  1.1285225e+002
  1.1197131e+002
  1.1508278e+002
  1.1241942e+002
  1.1430814e+002
  1.0878836e+002
