  1.4997215e+002
  1.5600124e+002
  1.5223518e+002
  1.5309821e+002
  1.5118741e+002
  1.4632331e+002
  1.4858133e+002
  1.4591523e+002
  1.5273383e+002
  1.5436833e+002
  1.5305948e+002
  1.5231191e+002
  1.4538918e+002
  1.4913925e+002
  1.4863375e+002
  1.5414596e+002
  1.5450177e+002
  1.4852135e+002
  1.4921310e+002
  1.4622469e+002
  1.5430294e+002
  1.5221489e+002
  1.5078736e+002
  1.4759281e+002
  1.4819568e+002
  1.5610962e+002
  1.5068697e+002
  1.5027477e+002
  1.4628490e+002
  1.5510637e+002
  1.5193321e+002
  1.4879542e+002
  1.4827778e+002
  1.5215685e+002
  1.5439159e+002
  1.4610593e+002
  1.5144324e+002
  1.5165017e+002
  1.5304359e+002
  1.4517517e+002
  1.5555882e+002
  1.5060587e+002
  1.4983267e+002
  1.4908124e+002
  1.5559672e+002
  1.4655053e+002
  1.5119301e+002
  1.5261245e+002
  1.5050257e+002
  1.4811315e+002
  1.5507431e+002
  1.4717393e+002
  1.5242508e+002
  1.5211428e+002
  1.5043427e+002
  1.4994261e+002
  1.5471130e+002
  1.4539181e+002
  1.5644255e+002
  1.4781008e+002
  1.5234768e+002
  1.5154688e+002
  1.5035010e+002
  1.5096949e+002
  1.5211498e+002
  1.4888896e+002
  1.5310893e+002
  1.5006491e+002
  1.5034088e+002
  1.5338649e+002
  1.4753486e+002
  1.5518087e+002
  1.4750082e+002
  1.5332946e+002
  1.5045668e+002
  1.5014371e+002
  1.5324299e+002
  1.4954301e+002
  1.5269610e+002
  1.5112438e+002
  1.5056634e+002
  1.5162729e+002
  1.5236085e+002
  1.4791928e+002
  1.5643237e+002
  1.4582536e+002
  1.5525831e+002
  1.5015178e+002
  1.5065781e+002
  1.5258557e+002
  1.5284163e+002
  1.4772354e+002
  1.5610493e+002
  1.4891380e+002
  1.5080507e+002
  1.5319817e+002
  1.5238774e+002
  1.4741298e+002
  1.5646122e+002
  1.4988401e+002
  1.5077476e+002
  1.5132969e+002
  1.5591546e+002
  1.4594799e+002
  1.5394705e+002
  1.5291322e+002
  1.5302697e+002
  1.4720571e+002
  1.5539153e+002
  1.5320944e+002
  1.4918765e+002
  1.5005970e+002
  1.5347171e+002
  1.5599354e+002
  1.4702648e+002
  1.5162734e+002
  1.5173085e+002
  1.5667780e+002
  1.4918491e+002
  1.4875862e+002
  1.5223722e+002
  1.5388765e+002
  1.5584723e+002
  1.4741046e+002
  1.5066728e+002
  1.4992890e+002
  1.5558215e+002
  1.5542563e+002
  1.5003154e+002
  1.5046278e+002
  1.4683265e+002
  1.5426427e+002
  1.5443501e+002
  1.5537151e+002
  1.5425907e+002
  1.4789715e+002
  1.5062467e+002
  1.4745362e+002
  1.5234015e+002
  1.5489002e+002
  1.5404393e+002
  1.5788102e+002
  1.5216254e+002
  1.5331717e+002
  1.5008697e+002
  1.4735581e+002
  1.5052566e+002
  1.4702729e+002
  1.5182520e+002
  1.5177612e+002
  1.5214754e+002
  1.5647728e+002
  1.5267943e+002
  1.5726156e+002
  1.5542829e+002
  1.5474261e+002
  1.5796806e+002
  1.5403097e+002
  1.5627995e+002
  1.4743719e+002
