  1.8938812e+002
  1.9297833e+002
  1.9106303e+002
  1.8505421e+002
  1.8618735e+002
  1.8061798e+002
  1.8631169e+002
  1.8856745e+002
  1.8954356e+002
  1.9430716e+002
  1.8534763e+002
  1.8569711e+002
  1.8297592e+002
  1.8570992e+002
  1.9293804e+002
  1.8897433e+002
  1.9104544e+002
  1.8188421e+002
  1.8433591e+002
  1.9024283e+002
  1.9019558e+002
  1.9159704e+002
  1.8102039e+002
  1.8769986e+002
  1.8921870e+002
  1.9146235e+002
  1.8647395e+002
  1.8170020e+002
  1.9200659e+002
  1.8901357e+002
  1.8904708e+002
  1.8130261e+002
  1.9174901e+002
  1.9056964e+002
  1.8547480e+002
  1.8543879e+002
  1.8950371e+002
  1.9139325e+002
  1.8126142e+002
  1.9109857e+002
  1.8823032e+002
  1.8783790e+002
  1.8325878e+002
  1.9555283e+002
  1.8386051e+002
  1.8773020e+002
  1.8938755e+002
  1.8927146e+002
  1.8339025e+002
  1.9370882e+002
  1.8479027e+002
  1.8792661e+002
  1.9002594e+002
  1.8726231e+002
  1.8562639e+002
  1.9360902e+002
  1.8190456e+002
  1.9277800e+002
  1.8618518e+002
  1.8824313e+002
  1.8864025e+002
  1.8899478e+002
  1.8534984e+002
  1.9353522e+002
  1.8233950e+002
  1.9401810e+002
  1.8470591e+002
  1.8957295e+002
  1.9051380e+002
  1.8374540e+002
  1.9506695e+002
  1.8138438e+002
  1.9516169e+002
  1.8388911e+002
  1.9081516e+002
  1.8976103e+002
  1.8467003e+002
  1.9416958e+002
  1.8253900e+002
  1.9340093e+002
  1.8559376e+002
  1.8938605e+002
  1.8898314e+002
  1.8865334e+002
  1.8655955e+002
  1.9335257e+002
  1.8255141e+002
  1.9436345e+002
  1.8626294e+002
  1.8818438e+002
  1.9088021e+002
  1.8833626e+002
  1.8540642e+002
  1.9448471e+002
  1.8382833e+002
  1.8973589e+002
  1.9009154e+002
  1.8844699e+002
  1.8447628e+002
  1.9615526e+002
  1.8412946e+002
  1.8898920e+002
  1.8968272e+002
  1.9262420e+002
  1.8226438e+002
  1.9270571e+002
  1.9079099e+002
  1.8650560e+002
  1.8649316e+002
  1.9151792e+002
  1.9254722e+002
  1.8242242e+002
  1.9035942e+002
  1.8992326e+002
  1.9302284e+002
  1.8319735e+002
  1.8787659e+002
  1.9301129e+002
  1.9063391e+002
  1.8878183e+002
  1.8206806e+002
  1.9260335e+002
  1.9136020e+002
  1.9180349e+002
  1.8628384e+002
  1.8329809e+002
  1.9217225e+002
  1.9055538e+002
  1.9482308e+002
  1.8706837e+002
  1.8426358e+002
  1.8763400e+002
  1.8702017e+002
  1.9593178e+002
  1.9168806e+002
  1.9084092e+002
  1.8799500e+002
  1.8209350e+002
  1.8802108e+002
  1.8621816e+002
  1.9204282e+002
  1.9483404e+002
  1.9115260e+002
  1.9494517e+002
  1.8781979e+002
  1.8770627e+002
  1.8682011e+002
  1.8188642e+002
  1.8718341e+002
  1.8387460e+002
  1.8704045e+002
  1.9043152e+002
  1.8739669e+002
  1.9437639e+002
  1.9110261e+002
  1.9269094e+002
  1.9560640e+002
  1.9150445e+002
  1.9513730e+002
  1.8373141e+002
