  1.7129701e+002
  1.7412108e+002
  1.7898353e+002
  1.7728730e+002
  1.8326305e+002
  1.7948122e+002
  1.7784480e+002
  1.7558507e+002
  1.7000818e+002
  1.7696432e+002
  1.7679202e+002
  1.8131805e+002
  1.8239048e+002
  1.7423490e+002
  1.7549240e+002
  1.7229741e+002
  1.8003531e+002
  1.8200929e+002
  1.7672562e+002
  1.7639413e+002
  1.7122147e+002
  1.8094137e+002
  1.8006167e+002
  1.7756702e+002
  1.7473579e+002
  1.7323272e+002
  1.8346807e+002
  1.7661220e+002
  1.7608873e+002
  1.7333657e+002
  1.8094278e+002
  1.8016477e+002
  1.7246296e+002
  1.7766687e+002
  1.7828224e+002
  1.8047004e+002
  1.7042688e+002
  1.8095552e+002
  1.7865088e+002
  1.7596830e+002
  1.7481650e+002
  1.8169588e+002
  1.7654443e+002
  1.7410343e+002
  1.8205580e+002
  1.7548326e+002
  1.7570161e+002
  1.7848076e+002
  1.7966665e+002
  1.7183038e+002
  1.8336219e+002
  1.7383574e+002
  1.7753948e+002
  1.7828010e+002
  1.7766755e+002
  1.7464051e+002
  1.8257125e+002
  1.7159432e+002
  1.8197748e+002
  1.7585395e+002
  1.7648355e+002
  1.8026802e+002
  1.7439401e+002
  1.8001045e+002
  1.7631798e+002
  1.7737835e+002
  1.7779332e+002
  1.7711903e+002
  1.7688482e+002
  1.7900624e+002
  1.7523259e+002
  1.8042361e+002
  1.7534308e+002
  1.7926625e+002
  1.7719221e+002
  1.7724927e+002
  1.7776838e+002
  1.7749388e+002
  1.7643731e+002
  1.7977285e+002
  1.7433513e+002
  1.8036231e+002
  1.7652670e+002
  1.7598389e+002
  1.8221844e+002
  1.7198190e+002
  1.8310097e+002
  1.7502092e+002
  1.7769719e+002
  1.7872085e+002
  1.7805982e+002
  1.7401993e+002
  1.8375244e+002
  1.7217123e+002
  1.7978885e+002
  1.7875618e+002
  1.7618930e+002
  1.7592870e+002
  1.8238136e+002
  1.7420589e+002
  1.7659486e+002
  1.8215993e+002
  1.7541842e+002
  1.7611977e+002
  1.7867616e+002
  1.8164691e+002
  1.7097602e+002
  1.8098743e+002
  1.7887042e+002
  1.7822767e+002
  1.7280773e+002
  1.8053815e+002
  1.8140440e+002
  1.7362611e+002
  1.7646625e+002
  1.7714522e+002
  1.8411717e+002
  1.7389184e+002
  1.7491964e+002
  1.7781375e+002
  1.8044436e+002
  1.8126294e+002
  1.7161167e+002
  1.7687717e+002
  1.7730990e+002
  1.8254473e+002
  1.8060049e+002
  1.7297073e+002
  1.7613607e+002
  1.7421907e+002
  1.8217289e+002
  1.8202859e+002
  1.7764850e+002
  1.7754960e+002
  1.7082476e+002
  1.7650509e+002
  1.7790057e+002
  1.7969838e+002
  1.8439969e+002
  1.7782631e+002
  1.7921619e+002
  1.7459393e+002
  1.7175774e+002
  1.7609998e+002
  1.7292390e+002
  1.7892646e+002
  1.8033441e+002
  1.7949568e+002
  1.8495493e+002
  1.7972461e+002
  1.8177206e+002
  1.8097670e+002
  1.7612037e+002
  1.8004785e+002
  1.7442029e+002
  1.7518027e+002
  1.7602618e+002
  1.7207636e+002
  1.7510512e+002
  1.6409637e+002
