  1.5280510e+002
  1.5028879e+002
  1.5044016e+002
  1.4458498e+002
  1.4745138e+002
  1.4810303e+002
  1.4944541e+002
  1.5490319e+002
  1.5084265e+002
  1.5181348e+002
  1.4740266e+002
  1.4488736e+002
  1.5116368e+002
  1.5013807e+002
  1.5452284e+002
  1.5030740e+002
  1.4586485e+002
  1.4858588e+002
  1.4797549e+002
  1.5506563e+002
  1.4997480e+002
  1.4690300e+002
  1.4805171e+002
  1.4931570e+002
  1.5590853e+002
  1.4694285e+002
  1.4746284e+002
  1.4894091e+002
  1.5254411e+002
  1.5123637e+002
  1.4461974e+002
  1.5232934e+002
  1.5048568e+002
  1.5069045e+002
  1.4509142e+002
  1.5232357e+002
  1.5183804e+002
  1.4641358e+002
  1.5028334e+002
  1.5139481e+002
  1.5067378e+002
  1.4497110e+002
  1.5523225e+002
  1.4747630e+002
  1.4885004e+002
  1.4953993e+002
  1.5228741e+002
  1.4485987e+002
  1.5393614e+002
  1.4831112e+002
  1.4811008e+002
  1.5113137e+002
  1.5012431e+002
  1.4677633e+002
  1.5426338e+002
  1.4606699e+002
  1.5113108e+002
  1.4977323e+002
  1.4831939e+002
  1.5005488e+002
  1.5086254e+002
  1.4619104e+002
  1.5463880e+002
  1.4405371e+002
  1.5462930e+002
  1.4578711e+002
  1.5129680e+002
  1.4947287e+002
  1.4785852e+002
  1.5243517e+002
  1.4597920e+002
  1.5370097e+002
  1.4604740e+002
  1.5262305e+002
  1.4797656e+002
  1.4943047e+002
  1.5121201e+002
  1.4586305e+002
  1.5478223e+002
  1.4394369e+002
  1.5456651e+002
  1.4611901e+002
  1.5066058e+002
  1.4990462e+002
  1.4831932e+002
  1.4986972e+002
  1.5129627e+002
  1.4595692e+002
  1.5382815e+002
  1.4653040e+002
  1.4988833e+002
  1.5084173e+002
  1.4809244e+002
  1.4822734e+002
  1.5369094e+002
  1.4466563e+002
  1.5243800e+002
  1.4967417e+002
  1.4878630e+002
  1.4717135e+002
  1.5479100e+002
  1.4475531e+002
  1.5045228e+002
  1.5072105e+002
  1.4949221e+002
  1.4604724e+002
  1.5152674e+002
  1.5214938e+002
  1.4484166e+002
  1.5055998e+002
  1.5032758e+002
  1.5194937e+002
  1.4408044e+002
  1.5068532e+002
  1.5226484e+002
  1.4869268e+002
  1.4738091e+002
  1.4660123e+002
  1.5495477e+002
  1.4872460e+002
  1.4761156e+002
  1.4650951e+002
  1.4966243e+002
  1.5476700e+002
  1.4767916e+002
  1.4822964e+002
  1.4547781e+002
  1.4990078e+002
  1.5411217e+002
  1.4934682e+002
  1.5009461e+002
  1.4434886e+002
  1.4690111e+002
  1.5094702e+002
  1.5029036e+002
  1.5468071e+002
  1.4872330e+002
  1.4739737e+002
  1.4690064e+002
  1.4397080e+002
  1.5002063e+002
  1.4931882e+002
  1.5186859e+002
  1.5453076e+002
  1.4971798e+002
  1.5203838e+002
  1.4801442e+002
  1.4590881e+002
  1.4802329e+002
  1.4350558e+002
  1.4687411e+002
  1.4678974e+002
  1.4551921e+002
  1.5054056e+002
  1.4736867e+002
  1.5023253e+002
  1.5159733e+002
  1.4952672e+002
  1.5289982e+002
  1.4310616e+002
