  8.0581613e+001
  7.7449705e+001
  7.8522508e+001
  7.7511148e+001
  7.7901448e+001
  8.0510159e+001
  7.9650286e+001
  8.1704211e+001
  7.9974737e+001
  7.7319205e+001
  7.8593900e+001
  7.7399835e+001
  8.0416878e+001
  8.1222225e+001
  7.8860506e+001
  7.9193708e+001
  7.6545004e+001
  7.9202268e+001
  8.0794443e+001
  7.9274010e+001
  7.9401783e+001
  7.6413452e+001
  7.9875348e+001
  8.0512192e+001
  7.8858582e+001
  7.8401256e+001
  7.7084572e+001
  8.1704360e+001
  7.8974142e+001
  7.7859235e+001
  7.8712195e+001
  7.9873053e+001
  8.0363093e+001
  7.6159292e+001
  8.0249751e+001
  7.9395355e+001
  7.8773349e+001
  7.7504087e+001
  8.0154799e+001
  7.9644371e+001
  7.6526653e+001
  8.0580202e+001
  7.8512584e+001
  7.8464427e+001
  7.7881549e+001
  8.1024250e+001
  7.6215748e+001
  8.0163252e+001
  7.8783325e+001
  7.7891116e+001
  7.8778304e+001
  7.9664248e+001
  7.6844232e+001
  8.0269619e+001
  7.7871507e+001
  7.8210837e+001
  7.9630367e+001
  7.7651773e+001
  7.8676601e+001
  7.9425015e+001
  7.6821961e+001
  8.0752024e+001
  7.6422530e+001
  8.0198442e+001
  7.7434355e+001
  7.8950790e+001
  7.8381263e+001
  7.8382123e+001
  7.8479311e+001
  7.8446951e+001
  7.8220812e+001
  7.8631704e+001
  7.8205467e+001
  7.8402775e+001
  7.8402561e+001
  7.8238601e+001
  7.8222437e+001
  7.8833065e+001
  7.7293571e+001
  7.9985380e+001
  7.6224040e+001
  8.0523890e+001
  7.6541986e+001
  7.9123172e+001
  7.8413985e+001
  7.7306921e+001
  7.9196726e+001
  7.7850227e+001
  7.7471429e+001
  7.9897068e+001
  7.6449671e+001
  7.9189445e+001
  7.8349876e+001
  7.7432139e+001
  7.8181471e+001
  7.9535693e+001
  7.5659892e+001
  8.0373771e+001
  7.7303997e+001
  7.7853696e+001
  7.7822598e+001
  7.9888126e+001
  7.5840398e+001
  7.8774557e+001
  7.9260487e+001
  7.6688015e+001
  7.7975026e+001
  7.8514592e+001
  7.9298825e+001
  7.5324586e+001
  7.9378292e+001
  7.8733292e+001
  7.7623358e+001
  7.6892682e+001
  7.7875373e+001
  8.0489903e+001
  7.6190899e+001
  7.7403968e+001
  7.7739781e+001
  7.9424115e+001
  7.8824378e+001
  7.5425177e+001
  7.8218351e+001
  7.8097621e+001
  7.9695213e+001
  7.8155003e+001
  7.5455803e+001
  7.7985610e+001
  7.7597165e+001
  7.9869317e+001
  7.9055838e+001
  7.6182809e+001
  7.7409145e+001
  7.6030864e+001
  7.8485520e+001
  7.9962470e+001
  7.8251736e+001
  7.9421327e+001
  7.6486172e+001
  7.6072995e+001
  7.7274498e+001
  7.6064137e+001
  7.9059993e+001
  7.9063012e+001
  7.8721797e+001
  8.0482712e+001
  7.7779650e+001
  7.8185755e+001
  7.7798433e+001
  7.5500589e+001
  7.7277069e+001
  7.5794429e+001
  7.5746034e+001
  7.7543894e+001
  7.5583255e+001
  7.7535846e+001
  7.7557234e+001
  7.6913458e+001
  7.8680853e+001
  7.3290310e+001
