  1.7309946e+001
  1.7394202e+001
  1.6925004e+001
  1.7272660e+001
  1.7072659e+001
  1.6926689e+001
  1.7440539e+001
  1.7162061e+001
  1.7286871e+001
  1.7336575e+001
  1.6822423e+001
  1.7204177e+001
  1.7161601e+001
  1.7062544e+001
  1.7491045e+001
  1.6999783e+001
  1.7071803e+001
  1.7234526e+001
  1.7030409e+001
  1.7501719e+001
  1.7031646e+001
  1.6977711e+001
  1.7323277e+001
  1.7029713e+001
  1.7383309e+001
  1.7004337e+001
  1.7040535e+001
  1.7427517e+001
  1.6988948e+001
  1.7226399e+001
  1.7011709e+001
  1.7303737e+001
  1.7248987e+001
  1.6851488e+001
  1.7418545e+001
  1.7037664e+001
  1.7175466e+001
  1.7078457e+001
  1.7270582e+001
  1.7216610e+001
  1.6899516e+001
  1.7453600e+001
  1.6919357e+001
  1.7236038e+001
  1.7132457e+001
  1.7198265e+001
  1.6998805e+001
  1.7288436e+001
  1.7184267e+001
  1.6997870e+001
  1.7401599e+001
  1.6850810e+001
  1.7386578e+001
  1.7015031e+001
  1.7177725e+001
  1.7077954e+001
  1.7208394e+001
  1.6929686e+001
  1.7451770e+001
  1.6806292e+001
  1.7455130e+001
  1.6861367e+001
  1.7355450e+001
  1.6998005e+001
  1.7197187e+001
  1.7117336e+001
  1.7131241e+001
  1.7098802e+001
  1.7121669e+001
  1.7098895e+001
  1.7189193e+001
  1.7049068e+001
  1.7162403e+001
  1.7085895e+001
  1.7143552e+001
  1.7101073e+001
  1.7107181e+001
  1.7078457e+001
  1.7181745e+001
  1.6993517e+001
  1.7310717e+001
  1.6843848e+001
  1.7454214e+001
  1.6793850e+001
  1.7390531e+001
  1.6888935e+001
  1.7217281e+001
  1.7051025e+001
  1.7140401e+001
  1.7001756e+001
  1.7344580e+001
  1.6804816e+001
  1.7393241e+001
  1.6949250e+001
  1.7086997e+001
  1.7234042e+001
  1.6984278e+001
  1.7149015e+001
  1.7054415e+001
  1.7158325e+001
  1.6873452e+001
  1.7440918e+001
  1.6844606e+001
  1.7156896e+001
  1.7167778e+001
  1.6979991e+001
  1.7139175e+001
  1.6995258e+001
  1.7335123e+001
  1.6778744e+001
  1.7189817e+001
  1.7204549e+001
  1.6913094e+001
  1.7162000e+001
  1.6929769e+001
  1.7367649e+001
  1.6958602e+001
  1.6919907e+001
  1.7322931e+001
  1.6959805e+001
  1.7225070e+001
  1.6906892e+001
  1.6983918e+001
  1.7399613e+001
  1.6899621e+001
  1.7121376e+001
  1.6981116e+001
  1.6896770e+001
  1.7408368e+001
  1.6985279e+001
  1.7071163e+001
  1.7113636e+001
  1.6759542e+001
  1.7285401e+001
  1.7163929e+001
  1.7034429e+001
  1.7328149e+001
  1.6802140e+001
  1.6953686e+001
  1.7168262e+001
  1.6820311e+001
  1.7278925e+001
  1.7199731e+001
  1.6934989e+001
  1.7340057e+001
  1.6942973e+001
  1.6860118e+001
  1.7183831e+001
  1.6759121e+001
  1.7002580e+001
  1.7208057e+001
  1.6810201e+001
  1.7244346e+001
  1.7183485e+001
  1.6889418e+001
  1.7400844e+001
  1.7062928e+001
  1.7112140e+001
  1.7392288e+001
  1.6068316e+001
