  6.5808310e+001
  7.6352977e+001
  8.8026017e+001
  1.0051836e+002
  1.1345943e+002
  1.2645961e+002
  1.3915777e+002
  1.5126742e+002
  1.6261484e+002
  1.7316321e+002
  1.8301883e+002
  1.9241763e+002
  2.0169316e+002
  2.1123015e+002
  2.2140971e+002
  2.3255402e+002
  2.4487854e+002
  2.5845905e+002
  2.7321877e+002
  2.8893831e+002
  3.0528739e+002
  3.2187469e+002
  3.3830869e+002
  3.5426072e+002
  3.6952083e+002
  3.8403722e+002
  3.9793262e+002
  4.1149367e+002
  4.2513349e+002
  4.3933195e+002
  4.5456144e+002
  4.7120920e+002
  4.8950791e+002
  5.0948588e+002
  5.3094555e+002
  5.5347491e+002
  5.7649168e+002
  5.9931479e+002
  6.2125365e+002
  6.4170271e+002
  6.6022804e+002
  6.7663381e+002
  6.9099965e+002
  7.0368406e+002
  7.1529358e+002
  7.2662213e+002
  7.3856794e+002
  7.5203784e+002
  7.6784948e+002
  7.8664132e+002
  8.0879937e+002
  8.3440755e+002
  8.6322654e+002
  8.9470388e+002
  9.2801521e+002
  9.6213423e+002
  9.9592563e+002
  1.0282529e+003
  1.0580902e+003
  1.0846262e+003
  1.1073488e+003
  1.1260996e+003
  1.1410943e+003
  1.1529036e+003
  1.1624007e+003
  1.1706811e+003
  1.1789640e+003
  1.1884861e+003
  1.2003982e+003
  1.2156713e+003
  1.2350174e+003
  1.2588296e+003
  1.2871422e+003
  1.3196145e+003
  1.3555385e+003
  1.3938752e+003
  1.4333202e+003
  1.4723974e+003
  1.5095786e+003
  1.5434186e+003
  1.5726960e+003
  1.5965417e+003
  1.6145417e+003
  1.6267989e+003
  1.6339454e+003
  1.6371006e+003
  1.6377791e+003
  1.6377565e+003
  1.6389065e+003
  1.6430248e+003
  1.6516572e+003
  1.6659467e+003
  1.6865154e+003
  1.7133921e+003
  1.7459954e+003
  1.7831780e+003
  1.8233318e+003
  1.8645483e+003
  1.9048211e+003
  1.9422709e+003
  1.9753653e+003
  2.0031063e+003
  2.0251549e+003
  2.0418736e+003
  2.0542724e+003
  2.0638618e+003
  2.0724293e+003
  2.0817694e+003
  2.0934061e+003
  2.1083509e+003
  2.1269346e+003
  2.1487421e+003
  2.1726631e+003
  2.1970537e+003
  2.2199886e+003
  2.2395653e+003
  2.2542170e+003
  2.2629839e+003
  2.2657024e+003
  2.2630780e+003
  2.2566284e+003
  2.2484984e+003
  2.2411702e+003
  2.2371065e+003
  2.2383783e+003
  2.2463307e+003
  2.2613401e+003
  2.2827039e+003
  2.3086872e+003
  2.3367277e+003
  2.3637792e+003
  2.3867494e+003
  2.4029726e+003
  2.4106501e+003
  2.4091902e+003
  2.3993927e+003
  2.3834426e+003
  2.3647042e+003
  2.3473351e+003
  2.3357675e+003
  2.3341254e+003
  2.3456558e+003
  2.3722563e+003
  2.4141632e+003
  2.4698504e+003
  2.5361521e+003
  2.6085964e+003
  2.6819057e+003
  2.7505952e+003
  2.8095922e+003
  2.8547947e+003
  2.8835025e+003
  2.8946734e+003
  2.8889818e+003
  2.8686867e+003
  2.8373369e+003
  2.7993600e+003
  2.7595867e+003
  2.7227645e+003
  2.6931064e+003
