  1.3255436e+001
  1.3660913e+001
  1.3635625e+001
  1.3558207e+001
  1.3968882e+001
  1.3676865e+001
  1.3468997e+001
  1.3648934e+001
  1.3328417e+001
  1.3599980e+001
  1.3983048e+001
  1.3593259e+001
  1.3678994e+001
  1.3547745e+001
  1.3283953e+001
  1.3842573e+001
  1.3727595e+001
  1.3538716e+001
  1.3649384e+001
  1.3331340e+001
  1.3781608e+001
  1.3874914e+001
  1.3400089e+001
  1.3626569e+001
  1.3511063e+001
  1.3737836e+001
  1.3821554e+001
  1.3245547e+001
  1.3767216e+001
  1.3750609e+001
  1.3495366e+001
  1.3611529e+001
  1.3547511e+001
  1.3934235e+001
  1.3351233e+001
  1.3531394e+001
  1.3961935e+001
  1.3347945e+001
  1.3681694e+001
  1.3615727e+001
  1.3621344e+001
  1.3452491e+001
  1.3684824e+001
  1.3740340e+001
  1.3295614e+001
  1.3999907e+001
  1.3344489e+001
  1.3658801e+001
  1.3709510e+001
  1.3472386e+001
  1.3689838e+001
  1.3681896e+001
  1.3519650e+001
  1.3633150e+001
  1.3742600e+001
  1.3390904e+001
  1.3926143e+001
  1.3229333e+001
  1.3952736e+001
  1.3335954e+001
  1.3801363e+001
  1.3527333e+001
  1.3605791e+001
  1.3609892e+001
  1.3654152e+001
  1.3566562e+001
  1.3678602e+001
  1.3441261e+001
  1.3817574e+001
  1.3361316e+001
  1.3878345e+001
  1.3298231e+001
  1.3898085e+001
  1.3362751e+001
  1.3814560e+001
  1.3446600e+001
  1.3704120e+001
  1.3562392e+001
  1.3611107e+001
  1.3590255e+001
  1.3603090e+001
  1.3494795e+001
  1.3755266e+001
  1.3324367e+001
  1.3930642e+001
  1.3215382e+001
  1.3936309e+001
  1.3368943e+001
  1.3720092e+001
  1.3643310e+001
  1.3535857e+001
  1.3674124e+001
  1.3681322e+001
  1.3480845e+001
  1.3700042e+001
  1.3641206e+001
  1.3328130e+001
  1.3946073e+001
  1.3270407e+001
  1.3724431e+001
  1.3704547e+001
  1.3461997e+001
  1.3645196e+001
  1.3629961e+001
  1.3651828e+001
  1.3320518e+001
  1.3925757e+001
  1.3504957e+001
  1.3343518e+001
  1.3884515e+001
  1.3527992e+001
  1.3582546e+001
  1.3446787e+001
  1.3722060e+001
  1.3741112e+001
  1.3211865e+001
  1.3771099e+001
  1.3725775e+001
  1.3493897e+001
  1.3571241e+001
  1.3374427e+001
  1.3867933e+001
  1.3697856e+001
  1.3258797e+001
  1.3619025e+001
  1.3552122e+001
  1.3733410e+001
  1.3812294e+001
  1.3255472e+001
  1.3514877e+001
  1.3656375e+001
  1.3551539e+001
  1.3904294e+001
  1.3547985e+001
  1.3292848e+001
  1.3601555e+001
  1.3421788e+001
  1.3667594e+001
  1.3978873e+001
  1.3574427e+001
  1.3654299e+001
  1.3608791e+001
  1.3210024e+001
  1.3530566e+001
  1.3604773e+001
  1.3426179e+001
  1.3849236e+001
  1.3773914e+001
  1.3583286e+001
  1.3920663e+001
  1.3641174e+001
  1.3463998e+001
  1.3758198e+001
  1.3408136e+001
  1.3344230e+001
  1.3634070e+001
  1.3217892e+001
  1.3413795e+001
  1.3605320e+001
  1.2507801e+001
