  1.3499520e+001
  1.3625868e+001
  1.3473210e+001
  1.3089920e+001
  1.3384184e+001
  1.3392364e+001
  1.3323900e+001
  1.3826591e+001
  1.3596764e+001
  1.3276574e+001
  1.3484518e+001
  1.3178105e+001
  1.3338629e+001
  1.3834793e+001
  1.3412888e+001
  1.3362143e+001
  1.3352369e+001
  1.3183876e+001
  1.3753438e+001
  1.3590977e+001
  1.3197519e+001
  1.3438167e+001
  1.3359474e+001
  1.3648915e+001
  1.3519746e+001
  1.3045094e+001
  1.3674268e+001
  1.3579891e+001
  1.3279614e+001
  1.3400595e+001
  1.3366723e+001
  1.3748717e+001
  1.3256831e+001
  1.3289685e+001
  1.3743235e+001
  1.3171395e+001
  1.3437681e+001
  1.3504041e+001
  1.3432108e+001
  1.3318541e+001
  1.3353052e+001
  1.3717897e+001
  1.3070053e+001
  1.3681906e+001
  1.3442760e+001
  1.3200960e+001
  1.3673354e+001
  1.3249422e+001
  1.3469738e+001
  1.3431704e+001
  1.3504162e+001
  1.3257930e+001
  1.3661426e+001
  1.3144777e+001
  1.3660847e+001
  1.3361911e+001
  1.3324520e+001
  1.3652870e+001
  1.3167133e+001
  1.3721199e+001
  1.3217691e+001
  1.3584802e+001
  1.3340369e+001
  1.3432481e+001
  1.3482872e+001
  1.3316461e+001
  1.3469047e+001
  1.3344534e+001
  1.3474210e+001
  1.3400783e+001
  1.3440309e+001
  1.3410229e+001
  1.3448957e+001
  1.3375710e+001
  1.3462749e+001
  1.3364046e+001
  1.3509270e+001
  1.3353400e+001
  1.3471757e+001
  1.3424271e+001
  1.3349601e+001
  1.3570982e+001
  1.3202601e+001
  1.3721182e+001
  1.3157326e+001
  1.3647418e+001
  1.3337488e+001
  1.3351200e+001
  1.3640058e+001
  1.3134347e+001
  1.3685907e+001
  1.3268535e+001
  1.3466282e+001
  1.3406559e+001
  1.3475717e+001
  1.3262635e+001
  1.3676200e+001
  1.3175823e+001
  1.3432166e+001
  1.3658410e+001
  1.3049854e+001
  1.3669215e+001
  1.3345722e+001
  1.3316414e+001
  1.3408498e+001
  1.3479824e+001
  1.3391877e+001
  1.3156608e+001
  1.3770674e+001
  1.3262307e+001
  1.3219618e+001
  1.3653409e+001
  1.3293925e+001
  1.3386655e+001
  1.3275912e+001
  1.3556784e+001
  1.3630370e+001
  1.3030207e+001
  1.3491872e+001
  1.3597742e+001
  1.3340925e+001
  1.3425085e+001
  1.3133557e+001
  1.3529674e+001
  1.3713943e+001
  1.3167025e+001
  1.3321555e+001
  1.3327250e+001
  1.3378892e+001
  1.3796466e+001
  1.3324748e+001
  1.3147810e+001
  1.3414353e+001
  1.3222579e+001
  1.3548153e+001
  1.3750776e+001
  1.3293608e+001
  1.3399478e+001
  1.3306926e+001
  1.3057291e+001
  1.3510073e+001
  1.3538660e+001
  1.3409830e+001
  1.3778202e+001
  1.3521039e+001
  1.3253062e+001
  1.3485909e+001
  1.3167100e+001
  1.3065318e+001
  1.3417973e+001
  1.3209367e+001
  1.3256139e+001
  1.3600337e+001
  1.3331085e+001
  1.3440408e+001
  1.3758263e+001
  1.3359206e+001
  1.3618866e+001
  1.3797285e+001
  1.2690578e+001
