  1.3427950e+001
  1.2680457e+001
  1.2388862e+001
  1.2984712e+001
  1.2844597e+001
  1.2962814e+001
  1.3337013e+001
  1.2858908e+001
  1.2739183e+001
  1.2769940e+001
  1.2898143e+001
  1.2967009e+001
  1.2899317e+001
  1.2385389e+001
  1.2477281e+001
  1.3257063e+001
  1.2948540e+001
  1.2782003e+001
  1.2631340e+001
  1.2409325e+001
  1.2878315e+001
  1.2840359e+001
  1.2673260e+001
  1.3099544e+001
  1.2831748e+001
  1.2727043e+001
  1.3069528e+001
  1.2688197e+001
  1.2877109e+001
  1.3128051e+001
  1.2616376e+001
  1.3059916e+001
  1.3072492e+001
  1.2473471e+001
  1.2951957e+001
  1.3061982e+001
  1.2821845e+001
  1.2845332e+001
  1.2853996e+001
  1.2968967e+001
  1.2681661e+001
  1.3013473e+001
  1.2874012e+001
  1.2590183e+001
  1.3185081e+001
  1.2508660e+001
  1.2961446e+001
  1.2976770e+001
  1.2570720e+001
  1.3122555e+001
  1.2554630e+001
  1.2927431e+001
  1.2844260e+001
  1.2775513e+001
  1.2921984e+001
  1.2775882e+001
  1.2857659e+001
  1.2888833e+001
  1.2791456e+001
  1.2845775e+001
  1.2807899e+001
  1.2752924e+001
  1.2948342e+001
  1.2643904e+001
  1.3090787e+001
  1.2545521e+001
  1.3105658e+001
  1.2492359e+001
  1.3208353e+001
  1.2473660e+001
  1.3179774e+001
  1.2454331e+001
  1.3181285e+001
  1.2467235e+001
  1.3185048e+001
  1.2490434e+001
  1.3126827e+001
  1.2537496e+001
  1.3025516e+001
  1.2627867e+001
  1.2945409e+001
  1.2765412e+001
  1.2823533e+001
  1.2867047e+001
  1.2789126e+001
  1.2825673e+001
  1.2802633e+001
  1.2744143e+001
  1.2888585e+001
  1.2735828e+001
  1.2809641e+001
  1.2905920e+001
  1.2549122e+001
  1.3090502e+001
  1.2554849e+001
  1.2944418e+001
  1.2957786e+001
  1.2511206e+001
  1.3123429e+001
  1.2580842e+001
  1.2785558e+001
  1.2987044e+001
  1.2630403e+001
  1.2878483e+001
  1.2810000e+001
  1.2835138e+001
  1.2658286e+001
  1.2846237e+001
  1.2963195e+001
  1.2484679e+001
  1.2985654e+001
  1.3005906e+001
  1.2470786e+001
  1.2941564e+001
  1.2894110e+001
  1.2683848e+001
  1.2781424e+001
  1.2695249e+001
  1.3036501e+001
  1.2880468e+001
  1.2454116e+001
  1.2956834e+001
  1.3010440e+001
  1.2644418e+001
  1.2788604e+001
  1.2691536e+001
  1.2791405e+001
  1.3141431e+001
  1.2691904e+001
  1.2504091e+001
  1.2866165e+001
  1.2798354e+001
  1.2902954e+001
  1.3084420e+001
  1.2593972e+001
  1.2519756e+001
  1.2860835e+001
  1.2728175e+001
  1.2856728e+001
  1.3146944e+001
  1.2768032e+001
  1.2610989e+001
  1.2796844e+001
  1.2542526e+001
  1.2543420e+001
  1.2960340e+001
  1.2851438e+001
  1.2779404e+001
  1.3116885e+001
  1.2971324e+001
  1.2743843e+001
  1.3001686e+001
  1.2830382e+001
  1.2520215e+001
  1.2783179e+001
  1.2726999e+001
  1.2401268e+001
  1.2768886e+001
  1.2751246e+001
  1.1750710e+001
