  1.3531348e+001
  1.2961702e+001
  1.2212232e+001
  1.2419260e+001
  1.2821738e+001
  1.2783155e+001
  1.3391936e+001
  1.3159395e+001
  1.2704338e+001
  1.2665183e+001
  1.2593447e+001
  1.2482456e+001
  1.2935436e+001
  1.3068772e+001
  1.2510613e+001
  1.2701425e+001
  1.2818045e+001
  1.2718454e+001
  1.2920772e+001
  1.2346171e+001
  1.2398914e+001
  1.3078886e+001
  1.3327071e+001
  1.3088803e+001
  1.2500468e+001
  1.2658412e+001
  1.3323695e+001
  1.2953322e+001
  1.2454487e+001
  1.3202931e+001
  1.3149168e+001
  1.2452340e+001
  1.2799503e+001
  1.2671350e+001
  1.2569580e+001
  1.2940085e+001
  1.2767406e+001
  1.2709438e+001
  1.2427128e+001
  1.2910489e+001
  1.3037882e+001
  1.2455278e+001
  1.3116737e+001
  1.2514064e+001
  1.2564033e+001
  1.3050651e+001
  1.2454606e+001
  1.2964162e+001
  1.2728297e+001
  1.2633747e+001
  1.2859605e+001
  1.2608689e+001
  1.2830429e+001
  1.2706274e+001
  1.2718568e+001
  1.2711577e+001
  1.2790177e+001
  1.2641807e+001
  1.2890502e+001
  1.2518425e+001
  1.2894744e+001
  1.2588558e+001
  1.2853890e+001
  1.2716094e+001
  1.2713435e+001
  1.2760791e+001
  1.2580216e+001
  1.2906598e+001
  1.2544019e+001
  1.2942839e+001
  1.2484627e+001
  1.2952391e+001
  1.2478520e+001
  1.2941482e+001
  1.2527323e+001
  1.2875266e+001
  1.2583946e+001
  1.2778738e+001
  1.2667009e+001
  1.2656389e+001
  1.2813728e+001
  1.2565285e+001
  1.2877434e+001
  1.2526943e+001
  1.2868515e+001
  1.2578231e+001
  1.2751715e+001
  1.2676522e+001
  1.2726413e+001
  1.2722959e+001
  1.2783426e+001
  1.2589358e+001
  1.2845588e+001
  1.2586843e+001
  1.2709070e+001
  1.2899128e+001
  1.2417705e+001
  1.3025169e+001
  1.2531814e+001
  1.2609834e+001
  1.3011483e+001
  1.2365526e+001
  1.2863278e+001
  1.2793431e+001
  1.2482775e+001
  1.2826408e+001
  1.2659569e+001
  1.2676348e+001
  1.2649054e+001
  1.2784043e+001
  1.2813783e+001
  1.2395368e+001
  1.2848432e+001
  1.2914227e+001
  1.2333727e+001
  1.2787436e+001
  1.2877731e+001
  1.2546724e+001
  1.2677722e+001
  1.2616156e+001
  1.2810060e+001
  1.2903311e+001
  1.2364745e+001
  1.2596118e+001
  1.3019401e+001
  1.2654931e+001
  1.2605287e+001
  1.2646744e+001
  1.2509952e+001
  1.2908314e+001
  1.2937639e+001
  1.2438785e+001
  1.2545352e+001
  1.2718549e+001
  1.2591698e+001
  1.2913861e+001
  1.2946859e+001
  1.2477497e+001
  1.2534232e+001
  1.2648296e+001
  1.2447220e+001
  1.2728551e+001
  1.2979426e+001
  1.2704858e+001
  1.2744566e+001
  1.2885849e+001
  1.2499778e+001
  1.2414483e+001
  1.2663975e+001
  1.2457276e+001
  1.2415023e+001
  1.2801927e+001
  1.2695830e+001
  1.2565178e+001
  1.2943686e+001
  1.2887411e+001
  1.2597474e+001
  1.3005800e+001
  1.3010966e+001
  1.1992111e+001
