  1.2258517e+002
  1.4250560e+002
  1.6367746e+002
  1.8543339e+002
  2.0708170e+002
  2.2800600e+002
  2.4775873e+002
  2.6613260e+002
  2.8319630e+002
  2.9928626e+002
  3.1495323e+002
  3.3087069e+002
  3.4771883e+002
  3.6606346e+002
  3.8625087e+002
  4.0833790e+002
  4.3207143e+002
  4.5692277e+002
  4.8217330e+002
  5.0703829e+002
  5.3080878e+002
  5.5298745e+002
  5.7339497e+002
  5.9222785e+002
  6.1005655e+002
  6.2776241e+002
  6.4642198e+002
  6.6715592e+002
  6.9096531e+002
  7.1858009e+002
  7.5034297e+002
  7.8614639e+002
  8.2543279e+002
  8.6725913e+002
  9.1041745e+002
  9.5359515e+002
  9.9555254e+002
  1.0352923e+003
  1.0721955e+003
  1.1061031e+003
  1.1373290e+003
  1.1666005e+003
  1.1949346e+003
  1.2234675e+003
  1.2532644e+003
  1.2851419e+003
  1.3195316e+003
  1.3564097e+003
  1.3953039e+003
  1.4353771e+003
  1.4755728e+003
  1.5147965e+003
  1.5521039e+003
  1.5868647e+003
  1.6188770e+003
  1.6484192e+003
  1.6762319e+003
  1.7034365e+003
  1.7314021e+003
  1.7615779e+003
  1.7953091e+003
  1.8336566e+003
  1.8772392e+003
  1.9261179e+003
  1.9797379e+003
  2.0369418e+003
  2.0960614e+003
  2.1550830e+003
  2.2118732e+003
  2.2644371e+003
  2.3111747e+003
  2.3510976e+003
  2.3839710e+003
  2.4103589e+003
  2.4315632e+003
  2.4494674e+003
  2.4663067e+003
  2.4844001e+003
  2.5058788e+003
  2.5324461e+003
  2.5651940e+003
  2.6044951e+003
  2.6499774e+003
  2.7005836e+003
  2.7547092e+003
  2.8104077e+003
  2.8656434e+003
  2.9185645e+003
  2.9677626e+003
  3.0124793e+003
  3.0527223e+003
  3.0892623e+003
  3.1234990e+003
  3.1572071e+003
  3.1921968e+003
  3.2299443e+003
  3.2712584e+003
  3.3160476e+003
  3.3632383e+003
  3.4108699e+003
  3.4563599e+003
  3.4969028e+003
  3.5299416e+003
  3.5536363e+003
  3.5672508e+003
  3.5713941e+003
  3.5680686e+003
  3.5605084e+003
  3.5528203e+003
  3.5494704e+003
  3.5546810e+003
  3.5718233e+003
  3.6028947e+003
  3.6481654e+003
  3.7060595e+003
  3.7733074e+003
  3.8453639e+003
  3.9170457e+003
  3.9833003e+003
  4.0399881e+003
  4.0845491e+003
  4.1164319e+003
  4.1371972e+003
  4.1502590e+003
  4.1602862e+003
  4.1723543e+003
  4.1909840e+003
  4.2192351e+003
  4.2580223e+003
  4.3057893e+003
  4.3586210e+003
  4.4107955e+003
  4.4557037e+003
  4.4869914e+003
  4.4997358e+003
  4.4914543e+003
  4.4627654e+003
  4.4175732e+003
  4.3627261e+003
  4.3071834e+003
  4.2608073e+003
  4.2329613e+003
  4.2311284e+003
  4.2597647e+003
  4.3195661e+003
  4.4072630e+003
  4.5159766e+003
  4.6360792e+003
  4.7564305e+003
  4.8658017e+003
  4.9542819e+003
  5.0144704e+003
  5.0423012e+003
  5.0374114e+003
  5.0030351e+003
  4.9454741e+003
  4.8732466e+003
  4.7960448e+003
  4.7236346e+003
  4.6648187e+003
