  1.8368663e+001
  1.9632244e+001
  1.8639363e+001
  1.8334720e+001
  1.8774754e+001
  1.8951259e+001
  1.8512362e+001
  1.8703258e+001
  1.9004629e+001
  1.8275771e+001
  1.8012754e+001
  1.9191733e+001
  1.8318571e+001
  1.7903320e+001
  1.8535674e+001
  1.8360760e+001
  1.8106623e+001
  1.8754733e+001
  1.8539806e+001
  1.8065972e+001
  1.8009698e+001
  1.8341355e+001
  1.8149702e+001
  1.8498148e+001
  1.8066086e+001
  1.7613435e+001
  1.8069552e+001
  1.7746033e+001
  1.7368471e+001
  1.7995641e+001
  1.7561748e+001
  1.7358634e+001
  1.8004005e+001
  1.7697397e+001
  1.7684415e+001
  1.7574089e+001
  1.7268841e+001
  1.7682715e+001
  1.7450582e+001
  1.7413456e+001
  1.7483638e+001
  1.7140131e+001
  1.7491158e+001
  1.6909911e+001
  1.6795961e+001
  1.7434221e+001
  1.6832307e+001
  1.7035495e+001
  1.6641971e+001
  1.6653076e+001
  1.7268111e+001
  1.6391828e+001
  1.6822387e+001
  1.6249806e+001
  1.6609574e+001
  1.6588394e+001
  1.5998285e+001
  1.6681339e+001
  1.6002570e+001
  1.6504392e+001
  1.5818983e+001
  1.5885130e+001
  1.5865688e+001
  1.6194026e+001
  1.5809029e+001
  1.5931493e+001
  1.5698643e+001
  1.5553461e+001
  1.5946988e+001
  1.5497035e+001
  1.5576529e+001
  1.5356969e+001
  1.5718387e+001
  1.5273789e+001
  1.5403434e+001
  1.5182466e+001
  1.5347931e+001
  1.5151841e+001
  1.5026506e+001
  1.5166475e+001
  1.4763801e+001
  1.5068397e+001
  1.4597992e+001
  1.5127144e+001
  1.4458202e+001
  1.4933921e+001
  1.4452429e+001
  1.4581529e+001
  1.4597577e+001
  1.4253379e+001
  1.4698007e+001
  1.4071627e+001
  1.4474987e+001
  1.4204640e+001
  1.4027883e+001
  1.4357450e+001
  1.3852221e+001
  1.4167659e+001
  1.3994653e+001
  1.3787000e+001
  1.4019464e+001
  1.3697992e+001
  1.3778775e+001
  1.3773172e+001
  1.3635417e+001
  1.3635620e+001
  1.3489015e+001
  1.3622887e+001
  1.3435169e+001
  1.3314783e+001
  1.3648171e+001
  1.3224686e+001
  1.3154471e+001
  1.3613102e+001
  1.3105659e+001
  1.2937184e+001
  1.3378347e+001
  1.3086090e+001
  1.2909699e+001
  1.3105408e+001
  1.2966207e+001
  1.3032297e+001
  1.2978490e+001
  1.2604085e+001
  1.2875413e+001
  1.3138900e+001
  1.2649045e+001
  1.2533449e+001
  1.2824267e+001
  1.2681605e+001
  1.2694566e+001
  1.2800078e+001
  1.2395662e+001
  1.2296612e+001
  1.2720339e+001
  1.2681280e+001
  1.2451071e+001
  1.2580445e+001
  1.2405328e+001
  1.2072621e+001
  1.2316900e+001
  1.2551876e+001
  1.2358617e+001
  1.2455088e+001
  1.2635825e+001
  1.2303035e+001
  1.2095789e+001
  1.2293501e+001
  1.2165486e+001
  1.1921504e+001
  1.2177951e+001
  1.2332884e+001
  1.2094031e+001
  1.2233257e+001
  1.2528533e+001
  1.2312299e+001
  1.2179941e+001
  1.2543549e+001
  1.2446587e+001
  1.1544482e+001
