  2.8338722e+001
  2.9119670e+001
  2.8266219e+001
  2.7990156e+001
  2.8804631e+001
  2.9220992e+001
  2.8352223e+001
  2.7982517e+001
  2.8397464e+001
  2.7832306e+001
  2.7436039e+001
  2.8404355e+001
  2.8404044e+001
  2.7258648e+001
  2.7665591e+001
  2.8365766e+001
  2.7561980e+001
  2.7647063e+001
  2.7861485e+001
  2.6902849e+001
  2.7164964e+001
  2.7940903e+001
  2.6823830e+001
  2.6506113e+001
  2.7166314e+001
  2.6566195e+001
  2.6212814e+001
  2.6666638e+001
  2.6247728e+001
  2.6244595e+001
  2.6223262e+001
  2.5962302e+001
  2.6488387e+001
  2.5923212e+001
  2.5582981e+001
  2.6147943e+001
  2.5269788e+001
  2.5034784e+001
  2.5589460e+001
  2.4810052e+001
  2.5041932e+001
  2.5031153e+001
  2.4262453e+001
  2.4841877e+001
  2.4254516e+001
  2.4238021e+001
  2.4782638e+001
  2.3554544e+001
  2.3982425e+001
  2.3865861e+001
  2.3693593e+001
  2.3727801e+001
  2.2715797e+001
  2.3187296e+001
  2.2885017e+001
  2.3101777e+001
  2.2876336e+001
  2.2428014e+001
  2.2737230e+001
  2.1828784e+001
  2.2406274e+001
  2.1491203e+001
  2.2194412e+001
  2.1407153e+001
  2.1409805e+001
  2.1305028e+001
  2.1062604e+001
  2.1123093e+001
  2.1090321e+001
  2.0787608e+001
  2.0406803e+001
  2.0638962e+001
  2.0426952e+001
  2.0202850e+001
  2.0000133e+001
  1.9966473e+001
  1.9943205e+001
  1.9388759e+001
  1.9617344e+001
  1.9070204e+001
  1.9414099e+001
  1.8662250e+001
  1.9277937e+001
  1.8377073e+001
  1.8752651e+001
  1.8271699e+001
  1.8194666e+001
  1.8262748e+001
  1.7727487e+001
  1.8227033e+001
  1.7378066e+001
  1.7746123e+001
  1.7392920e+001
  1.7074708e+001
  1.7396553e+001
  1.6678493e+001
  1.7092323e+001
  1.6752727e+001
  1.6372761e+001
  1.6780315e+001
  1.6108760e+001
  1.6222826e+001
  1.6303474e+001
  1.5717383e+001
  1.5979109e+001
  1.5751031e+001
  1.5424077e+001
  1.5589378e+001
  1.5304703e+001
  1.5213088e+001
  1.5183122e+001
  1.4957191e+001
  1.5056194e+001
  1.4755880e+001
  1.4524963e+001
  1.4822991e+001
  1.4425824e+001
  1.4098948e+001
  1.4543278e+001
  1.4320419e+001
  1.3836054e+001
  1.4052096e+001
  1.3981114e+001
  1.3738686e+001
  1.3811584e+001
  1.3544183e+001
  1.3364504e+001
  1.3717760e+001
  1.3580690e+001
  1.3043239e+001
  1.3150828e+001
  1.3269385e+001
  1.3044338e+001
  1.3142628e+001
  1.3128814e+001
  1.2638060e+001
  1.2589900e+001
  1.2943943e+001
  1.2818602e+001
  1.2655201e+001
  1.2824483e+001
  1.2621550e+001
  1.2213953e+001
  1.2335824e+001
  1.2466951e+001
  1.2231473e+001
  1.2323687e+001
  1.2641341e+001
  1.2469825e+001
  1.2251878e+001
  1.2448153e+001
  1.2383040e+001
  1.2019767e+001
  1.2095887e+001
  1.2232862e+001
  1.1908815e+001
  1.1784750e+001
  1.2109677e+001
  1.1979507e+001
  1.1119156e+001
