  4.8651162e+001
  4.9595310e+001
  5.0651070e+001
  4.9020926e+001
  4.8019046e+001
  4.8358354e+001
  4.7491772e+001
  4.7460348e+001
  4.9156175e+001
  4.8705188e+001
  4.6918108e+001
  4.6479955e+001
  4.7803620e+001
  4.7605315e+001
  4.7370121e+001
  4.7581400e+001
  4.5639099e+001
  4.5364072e+001
  4.7763420e+001
  4.6718703e+001
  4.4576287e+001
  4.5497934e+001
  4.6112040e+001
  4.4920509e+001
  4.4619884e+001
  4.4557634e+001
  4.4234789e+001
  4.4520114e+001
  4.3507210e+001
  4.3182459e+001
  4.4567151e+001
  4.2975622e+001
  4.2338019e+001
  4.3847465e+001
  4.2259408e+001
  4.1606736e+001
  4.3147722e+001
  4.0793644e+001
  4.0654074e+001
  4.2361372e+001
  3.9818939e+001
  4.0182373e+001
  4.0694101e+001
  3.8848512e+001
  4.0058433e+001
  3.9032716e+001
  3.8688923e+001
  3.9331551e+001
  3.7420088e+001
  3.8653767e+001
  3.7577609e+001
  3.6775565e+001
  3.7529147e+001
  3.5848251e+001
  3.7398202e+001
  3.5712222e+001
  3.5973407e+001
  3.5572942e+001
  3.4748713e+001
  3.5397765e+001
  3.3852285e+001
  3.5213398e+001
  3.3154508e+001
  3.4131966e+001
  3.2337596e+001
  3.3734745e+001
  3.1835574e+001
  3.2725880e+001
  3.1374896e+001
  3.1682049e+001
  3.0727356e+001
  3.1276578e+001
  3.0123284e+001
  3.0363628e+001
  2.9304393e+001
  3.0054178e+001
  2.8549169e+001
  2.9164900e+001
  2.7846417e+001
  2.8891371e+001
  2.7200670e+001
  2.8140983e+001
  2.6710291e+001
  2.6979819e+001
  2.6330805e+001
  2.6112108e+001
  2.6026931e+001
  2.5096811e+001
  2.5685613e+001
  2.4439738e+001
  2.4734596e+001
  2.4238528e+001
  2.3752992e+001
  2.3987417e+001
  2.2884596e+001
  2.3337034e+001
  2.2753873e+001
  2.2152777e+001
  2.2547115e+001
  2.1490546e+001
  2.1639982e+001
  2.1552096e+001
  2.0556489e+001
  2.1025035e+001
  2.0481687e+001
  1.9772290e+001
  2.0297864e+001
  1.9542491e+001
  1.9060682e+001
  1.9439776e+001
  1.8761889e+001
  1.8414754e+001
  1.8580931e+001
  1.8035592e+001
  1.7784736e+001
  1.7701704e+001
  1.7293985e+001
  1.7276892e+001
  1.6994293e+001
  1.6439946e+001
  1.6639635e+001
  1.6550819e+001
  1.5773969e+001
  1.5770920e+001
  1.5943501e+001
  1.5447648e+001
  1.5195270e+001
  1.5177089e+001
  1.4803763e+001
  1.4741235e+001
  1.4908803e+001
  1.4389850e+001
  1.3942915e+001
  1.4144698e+001
  1.4061113e+001
  1.3726435e+001
  1.3817341e+001
  1.3741586e+001
  1.3187273e+001
  1.3067354e+001
  1.3270888e+001
  1.3057132e+001
  1.2895145e+001
  1.3131953e+001
  1.3006681e+001
  1.2540572e+001
  1.2509038e+001
  1.2563018e+001
  1.2206732e+001
  1.2072121e+001
  1.2326906e+001
  1.2224396e+001
  1.1986854e+001
  1.2208050e+001
  1.2356118e+001
  1.2040613e+001
  1.2008433e+001
  1.2363791e+001
  1.2207457e+001
  1.1348609e+001
