  2.0276761e+002
  1.9832201e+002
  2.0330140e+002
  2.1072660e+002
  2.0767580e+002
  2.0332411e+002
  2.0259478e+002
  1.9778378e+002
  1.9440083e+002
  2.0147632e+002
  2.0691877e+002
  1.9910284e+002
  1.9205465e+002
  1.9463860e+002
  1.9672001e+002
  1.9620066e+002
  1.9628140e+002
  1.9068237e+002
  1.8621871e+002
  1.9350951e+002
  1.9510076e+002
  1.8303382e+002
  1.8277920e+002
  1.9254216e+002
  1.8596226e+002
  1.7796152e+002
  1.8367026e+002
  1.8416995e+002
  1.7770621e+002
  1.7717082e+002
  1.7889476e+002
  1.7629753e+002
  1.7336894e+002
  1.7318016e+002
  1.7358445e+002
  1.6955799e+002
  1.6776376e+002
  1.6982152e+002
  1.6507536e+002
  1.6363304e+002
  1.6568329e+002
  1.5963432e+002
  1.6026589e+002
  1.6012135e+002
  1.5497027e+002
  1.5762520e+002
  1.5352357e+002
  1.5152777e+002
  1.5255389e+002
  1.4771079e+002
  1.4845630e+002
  1.4543121e+002
  1.4437293e+002
  1.4287994e+002
  1.4082964e+002
  1.3889085e+002
  1.3767468e+002
  1.3621456e+002
  1.3341069e+002
  1.3375807e+002
  1.2902373e+002
  1.3152776e+002
  1.2429207e+002
  1.2876714e+002
  1.2089826e+002
  1.2554949e+002
  1.1742962e+002
  1.2158534e+002
  1.1471791e+002
  1.1768405e+002
  1.1147897e+002
  1.1380536e+002
  1.0795663e+002
  1.1069834e+002
  1.0439862e+002
  1.0736491e+002
  1.0043101e+002
  1.0409323e+002
  9.7037509e+001
  1.0036666e+002
  9.3752877e+001
  9.6247201e+001
  9.1128672e+001
  9.1965418e+001
  8.8956617e+001
  8.7499833e+001
  8.5860377e+001
  8.4071821e+001
  8.2754243e+001
  8.0974690e+001
  7.9652623e+001
  7.7527694e+001
  7.6257361e+001
  7.3624942e+001
  7.3375601e+001
  7.0814585e+001
  6.9344721e+001
  6.8648990e+001
  6.5555035e+001
  6.5411275e+001
  6.3405389e+001
  6.1124170e+001
  6.1067093e+001
  5.8518710e+001
  5.6954895e+001
  5.6462248e+001
  5.4200485e+001
  5.2750433e+001
  5.1889755e+001
  5.0287851e+001
  4.8576968e+001
  4.7377709e+001
  4.6592102e+001
  4.4668162e+001
  4.2904803e+001
  4.2902232e+001
  4.1426737e+001
  3.8708424e+001
  3.8682623e+001
  3.8625547e+001
  3.5663794e+001
  3.4197291e+001
  3.4846723e+001
  3.3468843e+001
  3.1158254e+001
  3.0528590e+001
  3.0068265e+001
  2.8895459e+001
  2.8045306e+001
  2.6834078e+001
  2.5293654e+001
  2.4949378e+001
  2.5005336e+001
  2.3652159e+001
  2.2119953e+001
  2.1566350e+001
  2.1006515e+001
  2.0124741e+001
  1.9784840e+001
  1.9460942e+001
  1.8348126e+001
  1.7296182e+001
  1.6943115e+001
  1.6466448e+001
  1.5673791e+001
  1.5362651e+001
  1.5340678e+001
  1.4789932e+001
  1.4133781e+001
  1.3957951e+001
  1.3713482e+001
  1.3076814e+001
  1.2656677e+001
  1.2620593e+001
  1.2308680e+001
  1.1819651e+001
  1.1764973e+001
  1.1891537e+001
  1.1585670e+001
  1.0785116e+001
