  2.8552681e+002
  2.7549697e+002
  2.6963084e+002
  2.7018315e+002
  2.6643348e+002
  2.6539982e+002
  2.7536147e+002
  2.7907788e+002
  2.6744608e+002
  2.5963565e+002
  2.6296728e+002
  2.6533374e+002
  2.6551915e+002
  2.6773072e+002
  2.6045330e+002
  2.5053130e+002
  2.5754540e+002
  2.6720821e+002
  2.5522973e+002
  2.4498545e+002
  2.5386052e+002
  2.5734570e+002
  2.4760505e+002
  2.4489622e+002
  2.4734871e+002
  2.4642797e+002
  2.4345982e+002
  2.3865975e+002
  2.3955867e+002
  2.4225128e+002
  2.3392057e+002
  2.3150210e+002
  2.3836553e+002
  2.2943512e+002
  2.2453519e+002
  2.3360360e+002
  2.2345114e+002
  2.1897286e+002
  2.2836637e+002
  2.1560734e+002
  2.1497853e+002
  2.2135305e+002
  2.0725336e+002
  2.1292740e+002
  2.1220597e+002
  2.0167849e+002
  2.1011741e+002
  2.0002092e+002
  2.0010476e+002
  2.0159632e+002
  1.9203123e+002
  1.9731304e+002
  1.8974875e+002
  1.8996860e+002
  1.8740726e+002
  1.8423813e+002
  1.8360441e+002
  1.8058964e+002
  1.7807449e+002
  1.7624442e+002
  1.7355420e+002
  1.7068107e+002
  1.6994656e+002
  1.6442243e+002
  1.6726374e+002
  1.5812853e+002
  1.6380516e+002
  1.5234753e+002
  1.6050610e+002
  1.4705096e+002
  1.5569685e+002
  1.4212785e+002
  1.5071721e+002
  1.3796518e+002
  1.4569866e+002
  1.3387011e+002
  1.3979254e+002
  1.3050509e+002
  1.3398077e+002
  1.2726286e+002
  1.2760822e+002
  1.2386015e+002
  1.2168724e+002
  1.1998203e+002
  1.1699705e+002
  1.1501476e+002
  1.1280903e+002
  1.1015390e+002
  1.0821507e+002
  1.0630949e+002
  1.0272746e+002
  1.0292336e+002
  9.7158439e+001
  9.8195559e+001
  9.4498169e+001
  9.1321699e+001
  9.2609014e+001
  8.6106843e+001
  8.7073535e+001
  8.4767297e+001
  7.9818764e+001
  8.1972834e+001
  7.7117743e+001
  7.4567314e+001
  7.5870894e+001
  7.0530807e+001
  6.9265084e+001
  6.9596119e+001
  6.4796018e+001
  6.3671142e+001
  6.3528709e+001
  5.9679598e+001
  5.8004787e+001
  5.7525077e+001
  5.5010722e+001
  5.2841428e+001
  5.1477952e+001
  5.0210718e+001
  4.8679019e+001
  4.6050999e+001
  4.4552454e+001
  4.4583683e+001
  4.2386766e+001
  3.9166253e+001
  3.8884243e+001
  3.8999642e+001
  3.6294771e+001
  3.3872594e+001
  3.3507341e+001
  3.2784913e+001
  3.1191813e+001
  3.0036062e+001
  2.8563351e+001
  2.6795916e+001
  2.6229393e+001
  2.6123020e+001
  2.4784369e+001
  2.3037441e+001
  2.2147758e+001
  2.1344102e+001
  2.0199401e+001
  1.9624778e+001
  1.9475163e+001
  1.8625571e+001
  1.7408969e+001
  1.6764604e+001
  1.6237287e+001
  1.5255820e+001
  1.4513875e+001
  1.4341228e+001
  1.4020752e+001
  1.3347461e+001
  1.3035600e+001
  1.3042853e+001
  1.2666820e+001
  1.2134737e+001
  1.2077284e+001
  1.2164769e+001
  1.1844985e+001
  1.1020325e+001
