  8.4071425e+001
  8.5063005e+001
  8.3853132e+001
  8.0532158e+001
  7.9600351e+001
  8.2164583e+001
  8.3830308e+001
  8.2367967e+001
  8.0816337e+001
  8.0437930e+001
  7.9664122e+001
  7.9295359e+001
  8.0976545e+001
  8.1476180e+001
  7.8117183e+001
  7.6235502e+001
  7.9162441e+001
  8.0667697e+001
  7.6614627e+001
  7.4621817e+001
  7.7933575e+001
  7.8424088e+001
  7.4183854e+001
  7.3906703e+001
  7.7070550e+001
  7.5007720e+001
  7.1824283e+001
  7.4174466e+001
  7.4789753e+001
  7.0785095e+001
  7.1567428e+001
  7.3673549e+001
  6.9768660e+001
  6.9482014e+001
  7.2279378e+001
  6.8264232e+001
  6.7790637e+001
  7.0752650e+001
  6.6285244e+001
  6.6686322e+001
  6.8784016e+001
  6.4117655e+001
  6.6063224e+001
  6.5938692e+001
  6.2709245e+001
  6.5088087e+001
  6.2726124e+001
  6.2243231e+001
  6.2420281e+001
  6.1120284e+001
  6.0723547e+001
  5.9966654e+001
  5.9999340e+001
  5.7762924e+001
  5.9716476e+001
  5.6217095e+001
  5.7994186e+001
  5.6009862e+001
  5.5305277e+001
  5.6028130e+001
  5.3222493e+001
  5.4969055e+001
  5.2212595e+001
  5.3063518e+001
  5.1700717e+001
  5.1061276e+001
  5.0901309e+001
  4.9367454e+001
  4.9849257e+001
  4.7983718e+001
  4.8518227e+001
  4.6675350e+001
  4.7199791e+001
  4.5438369e+001
  4.5886001e+001
  4.4236608e+001
  4.4418822e+001
  4.3234492e+001
  4.2689721e+001
  4.2525669e+001
  4.0851132e+001
  4.1651765e+001
  3.9347925e+001
  4.0286564e+001
  3.8579576e+001
  3.8242639e+001
  3.8235077e+001
  3.6273606e+001
  3.7346927e+001
  3.5209339e+001
  3.5581839e+001
  3.4602311e+001
  3.3999011e+001
  3.3385857e+001
  3.3102074e+001
  3.2038662e+001
  3.1641752e+001
  3.1509095e+001
  2.9832857e+001
  3.0484891e+001
  2.9402147e+001
  2.8215956e+001
  2.9095080e+001
  2.7367629e+001
  2.6813414e+001
  2.7381305e+001
  2.5666567e+001
  2.5418636e+001
  2.5745487e+001
  2.4198818e+001
  2.3848166e+001
  2.4150865e+001
  2.2908191e+001
  2.2305177e+001
  2.2589643e+001
  2.1749618e+001
  2.0821093e+001
  2.1021912e+001
  2.0688624e+001
  1.9575102e+001
  1.9326135e+001
  1.9551032e+001
  1.8762148e+001
  1.7857347e+001
  1.7928008e+001
  1.7941005e+001
  1.7048983e+001
  1.6406344e+001
  1.6583623e+001
  1.6478820e+001
  1.5681260e+001
  1.5175522e+001
  1.5198969e+001
  1.5007120e+001
  1.4521493e+001
  1.4267872e+001
  1.4118038e+001
  1.3647190e+001
  1.3200031e+001
  1.3234081e+001
  1.3348892e+001
  1.2952476e+001
  1.2387751e+001
  1.2204681e+001
  1.2205390e+001
  1.1946952e+001
  1.1649100e+001
  1.1661659e+001
  1.1764091e+001
  1.1633194e+001
  1.1254631e+001
  1.1138520e+001
  1.1196413e+001
  1.1016065e+001
  1.0663156e+001
  1.0574372e+001
  1.0721938e+001
  1.0654900e+001
  1.0402020e+001
  9.9196385e+000
