  2.6713603e+001
  2.6601517e+001
  2.6800255e+001
  2.6533283e+001
  2.6129764e+001
  2.6408222e+001
  2.7027172e+001
  2.6768701e+001
  2.5890864e+001
  2.5749217e+001
  2.6397071e+001
  2.6507668e+001
  2.5936405e+001
  2.5674624e+001
  2.5860940e+001
  2.5892863e+001
  2.5582010e+001
  2.5593194e+001
  2.5601340e+001
  2.5298340e+001
  2.5209801e+001
  2.5400919e+001
  2.5153162e+001
  2.4736891e+001
  2.4982736e+001
  2.5047265e+001
  2.4479762e+001
  2.4415655e+001
  2.4706585e+001
  2.4340448e+001
  2.4055344e+001
  2.4234778e+001
  2.4090971e+001
  2.3783806e+001
  2.3716605e+001
  2.3706688e+001
  2.3595777e+001
  2.3265719e+001
  2.3288863e+001
  2.3359109e+001
  2.2756263e+001
  2.2974910e+001
  2.3040711e+001
  2.2207278e+001
  2.2807267e+001
  2.2438281e+001
  2.1854501e+001
  2.2546276e+001
  2.1728604e+001
  2.1829138e+001
  2.1874992e+001
  2.1375349e+001
  2.1492126e+001
  2.1295733e+001
  2.1035273e+001
  2.0953554e+001
  2.0939764e+001
  2.0382423e+001
  2.0976121e+001
  2.0013208e+001
  2.0556897e+001
  1.9929117e+001
  2.0034328e+001
  1.9831693e+001
  1.9632660e+001
  1.9557836e+001
  1.9394882e+001
  1.9106110e+001
  1.9269183e+001
  1.8690185e+001
  1.9096939e+001
  1.8323071e+001
  1.8814880e+001
  1.8080556e+001
  1.8370793e+001
  1.7930787e+001
  1.7914034e+001
  1.7775221e+001
  1.7535180e+001
  1.7528657e+001
  1.7307199e+001
  1.7130315e+001
  1.7242328e+001
  1.6625353e+001
  1.7062705e+001
  1.6381758e+001
  1.6625682e+001
  1.6289619e+001
  1.6130479e+001
  1.6083807e+001
  1.5938447e+001
  1.5608003e+001
  1.5817130e+001
  1.5361209e+001
  1.5319013e+001
  1.5434466e+001
  1.4796336e+001
  1.5143931e+001
  1.4876954e+001
  1.4534067e+001
  1.4757053e+001
  1.4426359e+001
  1.4253930e+001
  1.4272078e+001
  1.4137028e+001
  1.3906441e+001
  1.3834103e+001
  1.3863294e+001
  1.3520350e+001
  1.3415201e+001
  1.3599540e+001
  1.3217790e+001
  1.2981335e+001
  1.3252410e+001
  1.3024774e+001
  1.2598242e+001
  1.2822042e+001
  1.2875841e+001
  1.2375550e+001
  1.2301335e+001
  1.2602423e+001
  1.2334856e+001
  1.1921490e+001
  1.2076277e+001
  1.2250463e+001
  1.1909863e+001
  1.1619113e+001
  1.1765344e+001
  1.1818399e+001
  1.1570214e+001
  1.1404035e+001
  1.1450509e+001
  1.1387915e+001
  1.1218107e+001
  1.1245935e+001
  1.1311795e+001
  1.1074839e+001
  1.0784513e+001
  1.0872429e+001
  1.1141613e+001
  1.1114026e+001
  1.0801672e+001
  1.0661710e+001
  1.0742505e+001
  1.0687164e+001
  1.0477770e+001
  1.0467416e+001
  1.0724422e+001
  1.0864155e+001
  1.0610117e+001
  1.0456872e+001
  1.0564741e+001
  1.0610016e+001
  1.0418708e+001
  1.0160936e+001
  1.0205474e+001
  1.0381428e+001
  1.0287690e+001
  1.0116627e+001
  9.7101342e+000
