  1.6581220e+001
  1.6449199e+001
  1.6701508e+001
  1.6851139e+001
  1.6565841e+001
  1.6342045e+001
  1.6540110e+001
  1.6733118e+001
  1.6492239e+001
  1.6274680e+001
  1.6477665e+001
  1.6618074e+001
  1.6324936e+001
  1.6124856e+001
  1.6346183e+001
  1.6533799e+001
  1.6178175e+001
  1.5954982e+001
  1.6274620e+001
  1.6397910e+001
  1.5981549e+001
  1.5845171e+001
  1.6187178e+001
  1.6106153e+001
  1.5724624e+001
  1.5847364e+001
  1.6062514e+001
  1.5763526e+001
  1.5549741e+001
  1.5864787e+001
  1.5813719e+001
  1.5404046e+001
  1.5613393e+001
  1.5733283e+001
  1.5319207e+001
  1.5391007e+001
  1.5594371e+001
  1.5250257e+001
  1.5228900e+001
  1.5371185e+001
  1.5186227e+001
  1.5092069e+001
  1.5177009e+001
  1.5106740e+001
  1.4859643e+001
  1.5042276e+001
  1.4950691e+001
  1.4631812e+001
  1.5022224e+001
  1.4612975e+001
  1.4631971e+001
  1.4801525e+001
  1.4382762e+001
  1.4586214e+001
  1.4459838e+001
  1.4348980e+001
  1.4355870e+001
  1.4385151e+001
  1.4096235e+001
  1.4360062e+001
  1.3886305e+001
  1.4248388e+001
  1.3907922e+001
  1.3981458e+001
  1.3872951e+001
  1.3817136e+001
  1.3771192e+001
  1.3730602e+001
  1.3596540e+001
  1.3764308e+001
  1.3412954e+001
  1.3639430e+001
  1.3283971e+001
  1.3475230e+001
  1.3240100e+001
  1.3295818e+001
  1.3215334e+001
  1.3117534e+001
  1.3128338e+001
  1.3054265e+001
  1.2898607e+001
  1.3096591e+001
  1.2653852e+001
  1.2992733e+001
  1.2587224e+001
  1.2794322e+001
  1.2625725e+001
  1.2535108e+001
  1.2511977e+001
  1.2543056e+001
  1.2208323e+001
  1.2564941e+001
  1.2146766e+001
  1.2245520e+001
  1.2354163e+001
  1.1917267e+001
  1.2230618e+001
  1.2039699e+001
  1.1929141e+001
  1.1990593e+001
  1.1911296e+001
  1.1801972e+001
  1.1730370e+001
  1.1897999e+001
  1.1606300e+001
  1.1550911e+001
  1.1822054e+001
  1.1408167e+001
  1.1370826e+001
  1.1751129e+001
  1.1323972e+001
  1.1157358e+001
  1.1577553e+001
  1.1304663e+001
  1.0993460e+001
  1.1327345e+001
  1.1342136e+001
  1.0915734e+001
  1.0987305e+001
  1.1271581e+001
  1.1022347e+001
  1.0734401e+001
  1.0972412e+001
  1.1132128e+001
  1.0778669e+001
  1.0602325e+001
  1.0921073e+001
  1.1034942e+001
  1.0635978e+001
  1.0433197e+001
  1.0727722e+001
  1.0961165e+001
  1.0665140e+001
  1.0362601e+001
  1.0467395e+001
  1.0658230e+001
  1.0578945e+001
  1.0469566e+001
  1.0527001e+001
  1.0513330e+001
  1.0289584e+001
  1.0174127e+001
  1.0398871e+001
  1.0659972e+001
  1.0560585e+001
  1.0295578e+001
  1.0230213e+001
  1.0343507e+001
  1.0299119e+001
  1.0062880e+001
  1.0014782e+001
  1.0222414e+001
  1.0381582e+001
  1.0261272e+001
  1.0153906e+001
  1.0303164e+001
  1.0483095e+001
  1.0403287e+001
  1.0265526e+001
  9.8870001e+000
