  1.0215487e+001
  1.0096434e+001
  9.9681051e+000
  1.0036460e+001
  1.0100009e+001
  1.0010229e+001
  9.8260077e+000
  9.9424005e+000
  1.0211431e+001
  1.0146342e+001
  9.8772565e+000
  9.7826936e+000
  1.0063184e+001
  1.0261905e+001
  9.9995017e+000
  9.7312445e+000
  9.9910210e+000
  1.0224259e+001
  1.0069092e+001
  9.7350319e+000
  9.9415292e+000
  1.0291299e+001
  9.9495022e+000
  9.7473595e+000
  1.0128715e+001
  1.0225503e+001
  9.8070729e+000
  9.8745760e+000
  1.0275554e+001
  9.9821712e+000
  9.7827259e+000
  1.0125171e+001
  1.0088090e+001
  9.8283145e+000
  9.9956440e+000
  1.0000625e+001
  1.0026573e+001
  9.9666318e+000
  9.8957578e+000
  1.0153039e+001
  9.8578717e+000
  9.9016606e+000
  1.0204497e+001
  9.7391258e+000
  1.0004047e+001
  1.0094492e+001
  9.8223793e+000
  1.0053581e+001
  9.9616760e+000
  9.9924907e+000
  9.8586971e+000
  1.0143413e+001
  9.7571833e+000
  1.0033556e+001
  1.0046588e+001
  9.7958641e+000
  1.0130238e+001
  9.8769298e+000
  9.9555987e+000
  1.0024827e+001
  9.8972645e+000
  9.9520944e+000
  1.0032636e+001
  9.8052782e+000
  1.0109470e+001
  9.8268193e+000
  1.0024347e+001
  9.9703289e+000
  9.8302897e+000
  1.0110470e+001
  9.6687750e+000
  1.0248915e+001
  9.6882970e+000
  1.0166652e+001
  9.8042364e+000
  9.9583058e+000
  1.0007642e+001
  9.7997208e+000
  1.0078176e+001
  9.7517429e+000
  1.0008416e+001
  9.8964342e+000
  9.8457730e+000
  9.9731312e+000
  9.9003137e+000
  9.8175018e+000
  1.0081958e+001
  9.7459551e+000
  9.9955156e+000
  1.0002875e+001
  9.7081786e+000
  1.0132780e+001
  9.7747985e+000
  9.9262433e+000
  9.8722131e+000
  9.9430971e+000
  9.7257272e+000
  1.0015955e+001
  9.9073889e+000
  9.6495095e+000
  1.0144210e+001
  9.8060497e+000
  9.7740156e+000
  1.0072152e+001
  9.8098308e+000
  9.8698542e+000
  9.9110605e+000
  9.9105740e+000
  9.9170372e+000
  9.7391777e+000
  9.9449186e+000
  1.0029082e+001
  9.6684329e+000
  9.8533850e+000
  1.0140694e+001
  9.7316541e+000
  9.6804857e+000
  1.0080411e+001
  9.9848773e+000
  9.6087806e+000
  9.8341681e+000
  1.0123979e+001
  9.8508901e+000
  9.6069838e+000
  9.9079570e+000
  1.0150312e+001
  9.8296604e+000
  9.5854012e+000
  9.8485497e+000
  1.0123035e+001
  9.9461315e+000
  9.5927305e+000
  9.6752816e+000
  1.0027006e+001
  1.0056947e+001
  9.8073644e+000
  9.6626832e+000
  9.7842025e+000
  9.9415178e+000
  9.8750297e+000
  9.8323302e+000
  9.9366912e+000
  9.9594432e+000
  9.7959670e+000
  9.6013393e+000
  9.6576125e+000
  9.9163849e+000
  1.0039517e+001
  9.9501722e+000
  9.8460797e+000
  9.9306500e+000
  1.0062350e+001
  9.9701484e+000
  9.7398826e+000
  9.6380232e+000
  9.7707597e+000
  9.8860702e+000
  9.7140258e+000
  9.5950777e+000
  9.2966914e+000
