  9.4456826e+000
  9.5139339e+000
  9.3810837e+000
  9.3140266e+000
  9.4854695e+000
  9.6852884e+000
  9.6014343e+000
  9.3406467e+000
  9.2262240e+000
  9.4711207e+000
  9.6813096e+000
  9.6228590e+000
  9.3009178e+000
  9.2639992e+000
  9.5519567e+000
  9.6903997e+000
  9.3992193e+000
  9.2125317e+000
  9.5274283e+000
  9.7179095e+000
  9.4437413e+000
  9.2268080e+000
  9.5271780e+000
  9.7363349e+000
  9.3273340e+000
  9.2964036e+000
  9.6849559e+000
  9.5079609e+000
  9.3087297e+000
  9.4622728e+000
  9.5421166e+000
  9.4834751e+000
  9.4854193e+000
  9.3222177e+000
  9.5550990e+000
  9.5991131e+000
  9.2192004e+000
  9.5629168e+000
  9.6726867e+000
  9.2172116e+000
  9.5096631e+000
  9.5686822e+000
  9.4379062e+000
  9.4681533e+000
  9.4514789e+000
  9.6044861e+000
  9.2360338e+000
  9.6678868e+000
  9.4657480e+000
  9.3290115e+000
  9.6581614e+000
  9.3760953e+000
  9.4360182e+000
  9.4745149e+000
  9.5517715e+000
  9.2191996e+000
  9.7654360e+000
  9.2516509e+000
  9.5831147e+000
  9.4284798e+000
  9.4563328e+000
  9.4183765e+000
  9.5977925e+000
  9.2795925e+000
  9.7440752e+000
  9.2470482e+000
  9.6024535e+000
  9.4414610e+000
  9.3908363e+000
  9.6386132e+000
  9.2382777e+000
  9.6967148e+000
  9.2361152e+000
  9.6456774e+000
  9.3932982e+000
  9.4630964e+000
  9.6428252e+000
  9.2569061e+000
  9.6898539e+000
  9.2579801e+000
  9.6020428e+000
  9.4101899e+000
  9.4800350e+000
  9.4472710e+000
  9.5837226e+000
  9.2496152e+000
  9.7419012e+000
  9.2374886e+000
  9.5770945e+000
  9.4518227e+000
  9.4794454e+000
  9.4152901e+000
  9.6232786e+000
  9.3380235e+000
  9.4824045e+000
  9.6854535e+000
  9.2433478e+000
  9.6288172e+000
  9.4753368e+000
  9.4424831e+000
  9.4085519e+000
  9.5405044e+000
  9.5243610e+000
  9.2341282e+000
  9.6615230e+000
  9.5190707e+000
  9.2291883e+000
  9.6241178e+000
  9.5315005e+000
  9.3549816e+000
  9.5203935e+000
  9.4857306e+000
  9.5283144e+000
  9.4935448e+000
  9.3368747e+000
  9.5483324e+000
  9.6260709e+000
  9.2973894e+000
  9.3365293e+000
  9.7140321e+000
  9.5439175e+000
  9.2097372e+000
  9.4388999e+000
  9.7437113e+000
  9.5086398e+000
  9.2130178e+000
  9.4046805e+000
  9.7190241e+000
  9.5931834e+000
  9.2683726e+000
  9.2915969e+000
  9.6242295e+000
  9.7366888e+000
  9.4504848e+000
  9.2183043e+000
  9.3559768e+000
  9.6347663e+000
  9.6860588e+000
  9.4516745e+000
  9.2941491e+000
  9.3673062e+000
  9.4993945e+000
  9.5033433e+000
  9.4567786e+000
  9.5253391e+000
  9.6509953e+000
  9.6229729e+000
  9.4393077e+000
  9.2405915e+000
  9.2553481e+000
  9.4331727e+000
  9.5117113e+000
  9.4408380e+000
  9.3668115e+000
  9.4644806e+000
  9.6590141e+000
  9.7212225e+000
  9.5470702e+000
  9.5112695e+000
  9.2972674e+000
