  9.2891452e+000
  9.6321606e+000
  9.5839154e+000
  9.2889496e+000
  9.1210038e+000
  9.2173307e+000
  9.4017794e+000
  9.5111127e+000
  9.3664874e+000
  9.2425101e+000
  9.2547037e+000
  9.3845463e+000
  9.4471478e+000
  9.3164799e+000
  9.2353642e+000
  9.3293087e+000
  9.4447304e+000
  9.3556531e+000
  9.2352641e+000
  9.3258379e+000
  9.5208454e+000
  9.3767694e+000
  9.1341012e+000
  9.3590979e+000
  9.5791813e+000
  9.2667305e+000
  9.1161381e+000
  9.4753545e+000
  9.5401690e+000
  9.1157765e+000
  9.3365363e+000
  9.5210490e+000
  9.2705525e+000
  9.2897271e+000
  9.3436274e+000
  9.3406322e+000
  9.4497881e+000
  9.1635866e+000
  9.3849516e+000
  9.5116312e+000
  9.0688446e+000
  9.4725699e+000
  9.4441438e+000
  9.2302903e+000
  9.3551928e+000
  9.3446430e+000
  9.4280183e+000
  9.1265375e+000
  9.5557829e+000
  9.2603773e+000
  9.2616901e+000
  9.4699353e+000
  9.2715022e+000
  9.3354138e+000
  9.3748618e+000
  9.3551582e+000
  9.2167739e+000
  9.5863586e+000
  9.1133359e+000
  9.4633749e+000
  9.3144659e+000
  9.2963913e+000
  9.3994490e+000
  9.3755767e+000
  9.3125404e+000
  9.4376299e+000
  9.2559412e+000
  9.3981505e+000
  9.3794407e+000
  9.1993409e+000
  9.5505231e+000
  9.1139286e+000
  9.5675141e+000
  9.2024313e+000
  9.3817790e+000
  9.3995907e+000
  9.2719119e+000
  9.4460128e+000
  9.2785576e+000
  9.3664157e+000
  9.3989783e+000
  9.2868749e+000
  9.3264920e+000
  9.4714049e+000
  9.1315963e+000
  9.5859774e+000
  9.1962713e+000
  9.3811352e+000
  9.4060205e+000
  9.3201000e+000
  9.2882079e+000
  9.4719898e+000
  9.2456923e+000
  9.2873682e+000
  9.5709170e+000
  9.1218792e+000
  9.4177434e+000
  9.3557528e+000
  9.3678053e+000
  9.2265509e+000
  9.4415496e+000
  9.4447742e+000
  9.0776188e+000
  9.5474688e+000
  9.4011736e+000
  9.1724421e+000
  9.4715721e+000
  9.3650716e+000
  9.3467125e+000
  9.3159457e+000
  9.2848431e+000
  9.5160148e+000
  9.3304190e+000
  9.1257120e+000
  9.5263222e+000
  9.5284939e+000
  9.1169508e+000
  9.2862394e+000
  9.5682221e+000
  9.3390664e+000
  9.1539781e+000
  9.4017652e+000
  9.5216729e+000
  9.2993832e+000
  9.2413843e+000
  9.3938610e+000
  9.4446380e+000
  9.3292761e+000
  9.2607516e+000
  9.3366940e+000
  9.4443072e+000
  9.4174630e+000
  9.2986663e+000
  9.2473346e+000
  9.3633146e+000
  9.4951409e+000
  9.4283021e+000
  9.2137897e+000
  9.1313721e+000
  9.3211284e+000
  9.5539073e+000
  9.5666075e+000
  9.3379693e+000
  9.1449400e+000
  9.1806198e+000
  9.3451550e+000
  9.4284356e+000
  9.3817232e+000
  9.3396280e+000
  9.4512570e+000
  9.6006495e+000
  9.5412841e+000
  9.3391816e+000
  9.1882001e+000
  9.2317793e+000
  9.3589433e+000
  9.3409474e+000
  9.1400063e+000
  9.1182864e+000
  8.9252672e+000
