  9.1272137e+000
  9.2350171e+000
  9.1939015e+000
  9.1804774e+000
  9.1809266e+000
  9.2895606e+000
  9.3352845e+000
  9.2515332e+000
  9.0722581e+000
  9.1051838e+000
  9.3009748e+000
  9.3409317e+000
  9.2486868e+000
  9.0182873e+000
  9.1485055e+000
  9.3890185e+000
  9.3018612e+000
  9.0861760e+000
  9.1502957e+000
  9.3507470e+000
  9.2808788e+000
  9.1638676e+000
  9.1947186e+000
  9.2280880e+000
  9.2074607e+000
  9.2807966e+000
  9.2243939e+000
  9.0366099e+000
  9.3343383e+000
  9.3896400e+000
  9.0088040e+000
  9.1503759e+000
  9.4878551e+000
  9.1259366e+000
  9.0937539e+000
  9.3251337e+000
  9.2283554e+000
  9.2312382e+000
  9.0799510e+000
  9.2507177e+000
  9.3713823e+000
  8.9647139e+000
  9.3518685e+000
  9.2844587e+000
  9.0650440e+000
  9.2697489e+000
  9.2079015e+000
  9.2668024e+000
  9.0196343e+000
  9.4404118e+000
  9.0731769e+000
  9.1970116e+000
  9.3208853e+000
  9.1813102e+000
  9.1718326e+000
  9.3285398e+000
  9.1783905e+000
  9.1954623e+000
  9.3321199e+000
  9.0700207e+000
  9.3097680e+000
  9.2566536e+000
  9.1067898e+000
  9.4444697e+000
  9.0528831e+000
  9.3295121e+000
  9.1655248e+000
  9.2540284e+000
  9.2181235e+000
  9.2234387e+000
  9.2226313e+000
  9.2468494e+000
  9.2265153e+000
  9.2095339e+000
  9.2197568e+000
  9.2501869e+000
  9.1609572e+000
  9.3366142e+000
  9.0585069e+000
  9.4420943e+000
  9.0907736e+000
  9.2486354e+000
  9.3226669e+000
  9.0825592e+000
  9.3865432e+000
  9.1963094e+000
  9.1389128e+000
  9.3456526e+000
  9.1880353e+000
  9.1770349e+000
  9.3453333e+000
  9.1926374e+000
  9.0874891e+000
  9.4836900e+000
  9.0325506e+000
  9.2626019e+000
  9.2274105e+000
  9.2861510e+000
  9.0699597e+000
  9.2901193e+000
  9.3699107e+000
  8.9654626e+000
  9.3833933e+000
  9.2718009e+000
  9.1078750e+000
  9.2723500e+000
  9.2347388e+000
  9.3269562e+000
  9.1073954e+000
  9.1285751e+000
  9.4727396e+000
  9.1411068e+000
  9.0121202e+000
  9.4045919e+000
  9.3131746e+000
  9.0688220e+000
  9.2633256e+000
  9.3329894e+000
  9.1970049e+000
  9.2106988e+000
  9.2124085e+000
  9.2029274e+000
  9.2894604e+000
  9.2881611e+000
  9.1452344e+000
  9.1190326e+000
  9.3047129e+000
  9.3677953e+000
  9.1632148e+000
  9.0467294e+000
  9.2404287e+000
  9.4304577e+000
  9.3381019e+000
  9.1158111e+000
  9.0816005e+000
  9.2327257e+000
  9.3665392e+000
  9.2794450e+000
  9.1929661e+000
  9.2177108e+000
  9.2329535e+000
  9.1758385e+000
  9.1246169e+000
  9.1969945e+000
  9.3726966e+000
  9.4671489e+000
  9.3440205e+000
  9.1182133e+000
  9.0093258e+000
  9.1004246e+000
  9.2398258e+000
  9.2258864e+000
  9.1107326e+000
  9.0820125e+000
  9.2402251e+000
  9.4368841e+000
  9.4198801e+000
  9.2342942e+000
  9.2428034e+000
  9.0652627e+000
