  9.0323069e+000
  9.2593559e+000
  9.2693514e+000
  9.2575360e+000
  8.9422873e+000
  8.8519589e+000
  9.0710700e+000
  9.3248738e+000
  9.2780850e+000
  9.0006157e+000
  8.8530290e+000
  9.0349947e+000
  9.3872584e+000
  9.1830333e+000
  8.8948200e+000
  8.9280094e+000
  9.2439518e+000
  9.3286099e+000
  8.9750952e+000
  8.8886850e+000
  9.2057232e+000
  9.3073596e+000
  8.9638699e+000
  8.9531210e+000
  9.2188538e+000
  9.1312480e+000
  9.0414905e+000
  9.0834081e+000
  9.0500818e+000
  9.0912050e+000
  9.2518758e+000
  8.9636993e+000
  8.9988428e+000
  9.3633661e+000
  8.9804704e+000
  8.9335384e+000
  9.2955106e+000
  9.0522925e+000
  9.0516439e+000
  9.0568958e+000
  9.1274937e+000
  9.2240686e+000
  8.8526025e+000
  9.2386880e+000
  9.1463511e+000
  8.9348751e+000
  9.1633750e+000
  9.0896815e+000
  9.1177308e+000
  8.9323860e+000
  9.3537683e+000
  8.9136209e+000
  9.1602192e+000
  9.1628755e+000
  9.0858022e+000
  9.0243917e+000
  9.3070955e+000
  8.9139332e+000
  9.1772153e+000
  9.1075805e+000
  9.0457432e+000
  9.1025406e+000
  9.2080400e+000
  8.9278129e+000
  9.3360461e+000
  8.8424994e+000
  9.2846472e+000
  9.0357634e+000
  9.0775045e+000
  9.2306375e+000
  8.9425283e+000
  9.3053431e+000
  8.9261385e+000
  9.2158694e+000
  9.0896548e+000
  9.0393683e+000
  9.2769742e+000
  8.8464525e+000
  9.3606287e+000
  8.9278389e+000
  9.1906602e+000
  9.1195964e+000
  9.0710396e+000
  9.1193783e+000
  9.2343847e+000
  8.9242795e+000
  9.2665135e+000
  9.0403233e+000
  9.0888150e+000
  9.1492871e+000
  9.1782624e+000
  8.9021541e+000
  9.3751106e+000
  8.9518284e+000
  9.1239511e+000
  9.1039619e+000
  9.2273543e+000
  8.9657956e+000
  9.1609144e+000
  9.2482130e+000
  8.8723584e+000
  9.2402318e+000
  9.1257040e+000
  9.0447053e+000
  9.0688799e+000
  9.0971773e+000
  9.2890124e+000
  8.9334422e+000
  9.0253271e+000
  9.3667410e+000
  8.9949374e+000
  8.9651908e+000
  9.2512439e+000
  9.1106362e+000
  9.0619145e+000
  9.1107559e+000
  9.0664850e+000
  9.1879872e+000
  9.2221367e+000
  8.9476975e+000
  8.9867039e+000
  9.3505435e+000
  9.2221946e+000
  8.8690705e+000
  9.0001943e+000
  9.3333615e+000
  9.2497167e+000
  8.9182286e+000
  8.9200224e+000
  9.2301168e+000
  9.3721609e+000
  9.1060017e+000
  8.8797088e+000
  9.0137278e+000
  9.2951742e+000
  9.3286103e+000
  9.1020042e+000
  8.8591345e+000
  8.9400454e+000
  9.2316473e+000
  9.3786949e+000
  9.2333555e+000
  9.0264942e+000
  8.9651170e+000
  9.0468083e+000
  9.1257629e+000
  9.0627226e+000
  9.0234406e+000
  9.1135968e+000
  9.2833868e+000
  9.3604436e+000
  9.2411961e+000
  9.0362988e+000
  8.9527819e+000
  9.0457496e+000
  9.1497906e+000
  9.0738438e+000
  8.8816149e+000
  8.8833272e+000
  8.7145191e+000
