  8.7964298e+000
  8.8200985e+000
  8.9291302e+000
  9.1529532e+000
  9.0722177e+000
  8.9596718e+000
  8.8892326e+000
  8.8985127e+000
  9.0187198e+000
  9.0377769e+000
  8.9888049e+000
  8.9290572e+000
  8.9613268e+000
  8.9712418e+000
  9.0409130e+000
  8.9620048e+000
  8.8705437e+000
  9.0106089e+000
  9.1044252e+000
  8.9791381e+000
  8.7788187e+000
  8.9755291e+000
  9.1936629e+000
  8.9439982e+000
  8.7366511e+000
  9.0439868e+000
  9.1945281e+000
  8.8326608e+000
  8.8728763e+000
  9.0831294e+000
  9.0027021e+000
  8.9987201e+000
  8.9102377e+000
  8.8793544e+000
  9.1506056e+000
  8.9464465e+000
  8.8007542e+000
  9.1798172e+000
  8.9643407e+000
  8.9041637e+000
  9.0062655e+000
  9.0008396e+000
  9.0905910e+000
  8.7527971e+000
  9.1537978e+000
  9.0190112e+000
  8.8144170e+000
  9.0829025e+000
  9.0011889e+000
  9.0013099e+000
  8.8823786e+000
  9.2559675e+000
  8.7476581e+000
  9.1223656e+000
  8.9819931e+000
  8.9715389e+000
  8.8932622e+000
  9.1636843e+000
  8.7446529e+000
  9.1901817e+000
  8.8796893e+000
  8.9949508e+000
  9.0035668e+000
  9.0476642e+000
  8.8337133e+000
  9.1738128e+000
  8.8227384e+000
  9.0964224e+000
  8.9973370e+000
  8.8559694e+000
  9.2266164e+000
  8.7388079e+000
  9.2049572e+000
  8.8572747e+000
  9.0164157e+000
  9.0988170e+000
  8.8072788e+000
  9.1689580e+000
  8.8550160e+000
  9.0479591e+000
  8.9843824e+000
  9.0105765e+000
  8.9005232e+000
  9.1877666e+000
  8.7533361e+000
  9.1910533e+000
  8.9122668e+000
  9.0228736e+000
  8.9943722e+000
  9.1102283e+000
  8.7513815e+000
  9.2197561e+000
  8.8815789e+000
  8.9917138e+000
  9.0049465e+000
  9.1087434e+000
  8.8709991e+000
  9.0207293e+000
  9.1711875e+000
  8.7700648e+000
  9.1195742e+000
  9.0358968e+000
  9.0059553e+000
  8.9022905e+000
  8.9923016e+000
  9.2277837e+000
  8.7991918e+000
  8.9461565e+000
  9.2249698e+000
  8.9174984e+000
  8.9481415e+000
  9.0327334e+000
  8.9946762e+000
  9.0986844e+000
  8.9140866e+000
  8.8772414e+000
  9.2047317e+000
  9.0948452e+000
  8.7646649e+000
  8.9683885e+000
  9.2352753e+000
  9.0281996e+000
  8.8001960e+000
  9.0031588e+000
  9.1849179e+000
  9.0167876e+000
  8.8810915e+000
  8.9760810e+000
  9.0835291e+000
  9.0289742e+000
  8.9756261e+000
  8.9590822e+000
  9.0083193e+000
  9.0575457e+000
  9.0216804e+000
  8.9690480e+000
  8.9377890e+000
  8.9888745e+000
  9.1089466e+000
  9.1263915e+000
  8.9820616e+000
  8.8240966e+000
  8.8492918e+000
  9.0499298e+000
  9.2368785e+000
  9.2357240e+000
  8.9919664e+000
  8.8206745e+000
  8.8445221e+000
  8.9703801e+000
  9.0098614e+000
  8.9313544e+000
  8.8587669e+000
  8.9277872e+000
  9.1137490e+000
  9.2317551e+000
  9.1861990e+000
  9.0298923e+000
  9.0466643e+000
  8.8869882e+000
