  8.7687554e+000
  8.8935357e+000
  9.0367806e+000
  8.9949955e+000
  8.7767831e+000
  8.6585180e+000
  8.7013851e+000
  8.9162718e+000
  9.1290205e+000
  8.9128440e+000
  8.6549526e+000
  8.7064738e+000
  8.9573728e+000
  9.0176000e+000
  8.8224354e+000
  8.7151523e+000
  8.8411819e+000
  8.9927827e+000
  8.8548233e+000
  8.8142937e+000
  8.8453297e+000
  8.8253190e+000
  8.8400272e+000
  8.9839208e+000
  8.9128019e+000
  8.6654375e+000
  8.9054844e+000
  9.1149596e+000
  8.7383139e+000
  8.7073131e+000
  9.0577839e+000
  8.8757515e+000
  8.7766372e+000
  8.8739899e+000
  8.8052460e+000
  9.0561058e+000
  8.8640394e+000
  8.6663305e+000
  9.1127613e+000
  8.8347815e+000
  8.7575862e+000
  8.9495320e+000
  8.9161822e+000
  8.9475779e+000
  8.6702352e+000
  9.0981303e+000
  8.8505829e+000
  8.7688234e+000
  9.0350456e+000
  8.9094472e+000
  8.8590113e+000
  8.8244353e+000
  9.0720161e+000
  8.6575253e+000
  9.0426287e+000
  8.8333565e+000
  8.8950004e+000
  8.8159224e+000
  9.1189730e+000
  8.6586299e+000
  9.0968067e+000
  8.8142018e+000
  8.9154437e+000
  8.9726900e+000
  8.8007897e+000
  8.9358178e+000
  8.9210853e+000
  8.8756708e+000
  8.8826119e+000
  8.9416587e+000
  8.8206169e+000
  9.0099914e+000
  8.8113850e+000
  8.9540545e+000
  8.9033844e+000
  8.8792507e+000
  8.8876348e+000
  8.9338371e+000
  8.8360835e+000
  8.9780700e+000
  8.8943565e+000
  8.8073873e+000
  9.1092650e+000
  8.6680465e+000
  9.0915999e+000
  8.8386113e+000
  8.9304755e+000
  8.8946886e+000
  9.0753082e+000
  8.6747253e+000
  9.1141125e+000
  8.8354940e+000
  8.8856427e+000
  8.9331830e+000
  9.0649875e+000
  8.8153862e+000
  8.9237859e+000
  9.1069046e+000
  8.7059311e+000
  8.9841048e+000
  8.9631998e+000
  9.0199738e+000
  8.8210431e+000
  8.9261862e+000
  9.1929959e+000
  8.7371538e+000
  8.8945188e+000
  9.0777811e+000
  8.8886060e+000
  8.9588202e+000
  8.8760602e+000
  8.9900652e+000
  9.0942215e+000
  8.7655165e+000
  8.8400208e+000
  9.2125051e+000
  8.9535063e+000
  8.7343131e+000
  8.9872925e+000
  9.0685807e+000
  8.9267313e+000
  8.9224415e+000
  8.9242639e+000
  8.8887046e+000
  8.9917588e+000
  9.0560430e+000
  8.9005866e+000
  8.7757937e+000
  8.9211210e+000
  9.1077376e+000
  9.0376230e+000
  8.7859120e+000
  8.7484368e+000
  8.9825949e+000
  9.1416438e+000
  9.0573248e+000
  8.8137396e+000
  8.7507218e+000
  8.9283143e+000
  9.0863444e+000
  9.0589832e+000
  8.9436348e+000
  8.8844358e+000
  8.9084135e+000
  8.9433124e+000
  8.9282437e+000
  8.8235110e+000
  8.8459935e+000
  9.0329990e+000
  9.2154976e+000
  9.1804729e+000
  9.0162569e+000
  8.8632908e+000
  8.8642418e+000
  8.9820161e+000
  9.0067555e+000
  8.8928221e+000
  8.7168277e+000
  8.7394935e+000
  8.6070048e+000
