  8.6611938e+000
  8.5166508e+000
  8.6157465e+000
  8.8106061e+000
  8.9148419e+000
  8.8594926e+000
  8.6260084e+000
  8.5425451e+000
  8.7703001e+000
  8.9329023e+000
  8.8639514e+000
  8.6683728e+000
  8.5470978e+000
  8.7257887e+000
  8.9687559e+000
  8.9115269e+000
  8.5504086e+000
  8.5962361e+000
  8.9114406e+000
  8.9339474e+000
  8.6187508e+000
  8.6376228e+000
  8.8980199e+000
  8.8407765e+000
  8.7758638e+000
  8.7973646e+000
  8.7278538e+000
  8.7588246e+000
  8.9547694e+000
  8.7620660e+000
  8.5864669e+000
  8.9319770e+000
  8.8846560e+000
  8.6520699e+000
  8.8341734e+000
  8.8215532e+000
  8.8858734e+000
  8.7893932e+000
  8.6173833e+000
  9.0010114e+000
  8.7873458e+000
  8.7043428e+000
  8.9566935e+000
  8.8274620e+000
  8.8573192e+000
  8.6637543e+000
  9.0420064e+000
  8.7812504e+000
  8.7709221e+000
  8.9268117e+000
  8.8529955e+000
  8.7777910e+000
  8.8357118e+000
  9.0246241e+000
  8.6483203e+000
  8.9904024e+000
  8.8664085e+000
  8.8187397e+000
  8.8992573e+000
  8.9332439e+000
  8.7257540e+000
  9.0477005e+000
  8.8819280e+000
  8.7819566e+000
  9.0430011e+000
  8.6857774e+000
  9.0771461e+000
  8.8052671e+000
  8.8922633e+000
  8.9577907e+000
  8.8278318e+000
  9.0257265e+000
  8.8301904e+000
  8.9736303e+000
  8.9163469e+000
  8.8245825e+000
  9.0595785e+000
  8.7203365e+000
  9.1262264e+000
  8.8347373e+000
  8.9003245e+000
  9.0628581e+000
  8.7803808e+000
  9.0318599e+000
  8.9616935e+000
  8.9145678e+000
  8.9383139e+000
  9.0787802e+000
  8.7513549e+000
  9.0948402e+000
  8.9543588e+000
  8.8975726e+000
  8.9934658e+000
  9.0783711e+000
  8.9125161e+000
  8.9146111e+000
  9.2045218e+000
  8.7922806e+000
  9.0142634e+000
  8.9870922e+000
  9.0965671e+000
  8.8723167e+000
  8.9799777e+000
  9.2446058e+000
  8.8335054e+000
  8.9847442e+000
  9.0732025e+000
  8.9929121e+000
  9.0258530e+000
  8.8668690e+000
  9.1230358e+000
  9.2089227e+000
  8.8109128e+000
  8.9889736e+000
  9.2284480e+000
  9.0052409e+000
  8.9305410e+000
  9.0300996e+000
  9.0274548e+000
  9.1008894e+000
  9.1498822e+000
  8.9201359e+000
  8.9131754e+000
  9.1887084e+000
  9.2137831e+000
  8.8868163e+000
  8.8341203e+000
  9.1367952e+000
  9.2677938e+000
  9.0270750e+000
  8.8277204e+000
  8.9468913e+000
  9.1930937e+000
  9.2315872e+000
  9.0129934e+000
  8.8493405e+000
  8.9199905e+000
  9.1627425e+000
  9.2998631e+000
  9.1515095e+000
  8.8915089e+000
  8.7986791e+000
  8.9395909e+000
  9.1644516e+000
  9.2777546e+000
  9.2172852e+000
  9.0227550e+000
  8.9370357e+000
  9.0082559e+000
  9.0878334e+000
  9.0217255e+000
  8.9515753e+000
  8.8849994e+000
  8.9783854e+000
  9.2041453e+000
  9.2850371e+000
  9.1779675e+000
  9.0249039e+000
  9.0873384e+000
  8.9760897e+000
