  8.6694019e+000
  8.4103077e+000
  8.3784504e+000
  8.5975508e+000
  8.8355481e+000
  8.8544742e+000
  8.6640969e+000
  8.4695673e+000
  8.5058157e+000
  8.7455570e+000
  8.9126017e+000
  8.7773583e+000
  8.5507804e+000
  8.5896337e+000
  8.8490182e+000
  8.9464461e+000
  8.7680870e+000
  8.6948077e+000
  8.8358331e+000
  8.8729828e+000
  8.8687237e+000
  8.9897061e+000
  8.9179032e+000
  8.7280694e+000
  8.9621723e+000
  9.1733402e+000
  8.9546978e+000
  8.7938716e+000
  9.0684662e+000
  9.1711488e+000
  9.0437501e+000
  9.0676703e+000
  8.9663675e+000
  9.2265191e+000
  9.3165668e+000
  8.9586771e+000
  9.1743063e+000
  9.3389219e+000
  9.2167363e+000
  9.2655273e+000
  9.1840789e+000
  9.5370982e+000
  9.3444784e+000
  9.2227055e+000
  9.5123468e+000
  9.4620883e+000
  9.4563558e+000
  9.3086875e+000
  9.7118299e+000
  9.4358381e+000
  9.5356385e+000
  9.6296123e+000
  9.6577708e+000
  9.4824828e+000
  9.7487046e+000
  9.6944051e+000
  9.6620843e+000
  9.7697346e+000
  9.8580513e+000
  9.6254900e+000
  1.0020881e+001
  9.7657247e+000
  9.8940357e+000
  9.8739419e+000
  9.9799004e+000
  9.9010653e+000
  1.0107924e+001
  9.9125855e+000
  1.0068364e+001
  1.0145140e+001
  9.9649591e+000
  1.0319447e+001
  1.0003702e+001
  1.0234227e+001
  1.0219321e+001
  1.0126285e+001
  1.0400127e+001
  1.0216321e+001
  1.0345755e+001
  1.0368592e+001
  1.0381905e+001
  1.0317157e+001
  1.0575798e+001
  1.0294552e+001
  1.0574744e+001
  1.0535639e+001
  1.0440085e+001
  1.0598210e+001
  1.0686438e+001
  1.0463108e+001
  1.0699126e+001
  1.0714855e+001
  1.0628593e+001
  1.0662593e+001
  1.0935841e+001
  1.0628237e+001
  1.0800059e+001
  1.0855057e+001
  1.0926637e+001
  1.0707674e+001
  1.0911063e+001
  1.1056291e+001
  1.0798971e+001
  1.0902604e+001
  1.1002007e+001
  1.1110028e+001
  1.0949060e+001
  1.0897120e+001
  1.1216500e+001
  1.1133121e+001
  1.0963239e+001
  1.1067826e+001
  1.1184402e+001
  1.1260626e+001
  1.1152074e+001
  1.1004891e+001
  1.1237875e+001
  1.1468959e+001
  1.1260295e+001
  1.1082099e+001
  1.1248981e+001
  1.1417227e+001
  1.1369542e+001
  1.1292278e+001
  1.1233671e+001
  1.1290782e+001
  1.1441824e+001
  1.1524679e+001
  1.1394636e+001
  1.1261857e+001
  1.1346842e+001
  1.1569819e+001
  1.1656371e+001
  1.1485779e+001
  1.1303436e+001
  1.1353560e+001
  1.1619888e+001
  1.1756841e+001
  1.1640861e+001
  1.1437461e+001
  1.1348627e+001
  1.1463125e+001
  1.1679631e+001
  1.1800239e+001
  1.1632645e+001
  1.1493207e+001
  1.1465982e+001
  1.1572780e+001
  1.1719819e+001
  1.1692278e+001
  1.1596624e+001
  1.1426989e+001
  1.1452514e+001
  1.1655280e+001
  1.1761430e+001
  1.1819434e+001
  1.1649730e+001
  1.1513892e+001
  1.1628768e+001
  1.1435360e+001
