  8.8252259e+000
  8.7360234e+000
  8.6373435e+000
  8.5458275e+000
  8.5743244e+000
  8.7721090e+000
  8.9001775e+000
  8.8939715e+000
  8.7453057e+000
  8.6887394e+000
  8.8639808e+000
  9.0817728e+000
  9.1159142e+000
  8.9435865e+000
  8.8577202e+000
  9.0943235e+000
  9.3740832e+000
  9.2252596e+000
  9.0472041e+000
  9.1759081e+000
  9.4258179e+000
  9.4371218e+000
  9.3943320e+000
  9.4235722e+000
  9.4406741e+000
  9.5102083e+000
  9.8062696e+000
  9.7188322e+000
  9.4864879e+000
  9.8087839e+000
  9.9703088e+000
  9.8416101e+000
  9.8790680e+000
  9.9476492e+000
  1.0074813e+001
  1.0270577e+001
  1.0021934e+001
  1.0165421e+001
  1.0450212e+001
  1.0330495e+001
  1.0397072e+001
  1.0390407e+001
  1.0709013e+001
  1.0628933e+001
  1.0484485e+001
  1.0869227e+001
  1.0805114e+001
  1.0862600e+001
  1.0805529e+001
  1.1253807e+001
  1.0981502e+001
  1.1093369e+001
  1.1241562e+001
  1.1380021e+001
  1.1169245e+001
  1.1562278e+001
  1.1507829e+001
  1.1503061e+001
  1.1622255e+001
  1.1845690e+001
  1.1568529e+001
  1.2042463e+001
  1.1809849e+001
  1.1953192e+001
  1.2126429e+001
  1.2104548e+001
  1.2143225e+001
  1.2330584e+001
  1.2325332e+001
  1.2384599e+001
  1.2591854e+001
  1.2405165e+001
  1.2703107e+001
  1.2635718e+001
  1.2705586e+001
  1.2914513e+001
  1.2849813e+001
  1.2998566e+001
  1.3064843e+001
  1.3109945e+001
  1.3105717e+001
  1.3422147e+001
  1.3093836e+001
  1.3535083e+001
  1.3472251e+001
  1.3404227e+001
  1.3663188e+001
  1.3724494e+001
  1.3564880e+001
  1.3856838e+001
  1.3960338e+001
  1.3782857e+001
  1.3973749e+001
  1.4236417e+001
  1.3962922e+001
  1.4173918e+001
  1.4330106e+001
  1.4422744e+001
  1.4111673e+001
  1.4587157e+001
  1.4565744e+001
  1.4460173e+001
  1.4486784e+001
  1.4728525e+001
  1.4947262e+001
  1.4546888e+001
  1.4794218e+001
  1.5067936e+001
  1.4987627e+001
  1.4949044e+001
  1.4861643e+001
  1.5216872e+001
  1.5378123e+001
  1.5000590e+001
  1.5090998e+001
  1.5436403e+001
  1.5473958e+001
  1.5427140e+001
  1.5317823e+001
  1.5303732e+001
  1.5651099e+001
  1.5813412e+001
  1.5498559e+001
  1.5369595e+001
  1.5685262e+001
  1.5994119e+001
  1.5870938e+001
  1.5680127e+001
  1.5686788e+001
  1.5871710e+001
  1.5998567e+001
  1.6076067e+001
  1.6003807e+001
  1.5900851e+001
  1.5884091e+001
  1.6027961e+001
  1.6238865e+001
  1.6298702e+001
  1.6156073e+001
  1.6025029e+001
  1.6057589e+001
  1.6233860e+001
  1.6407070e+001
  1.6373372e+001
  1.6256093e+001
  1.6220004e+001
  1.6292052e+001
  1.6462168e+001
  1.6614914e+001
  1.6442019e+001
  1.6245532e+001
  1.6050403e+001
  1.6140446e+001
  1.6419410e+001
  1.6660245e+001
  1.6600529e+001
  1.6417243e+001
  1.6213425e+001
  1.6402032e+001
  1.6266298e+001
