  9.2535844e+000
  9.4925091e+000
  9.5089640e+000
  9.4363637e+000
  9.4061121e+000
  9.6357497e+000
  9.9795018e+000
  1.0277797e+001
  1.0328194e+001
  1.0182188e+001
  1.0240600e+001
  1.0620430e+001
  1.1008689e+001
  1.1158793e+001
  1.1043348e+001
  1.1098238e+001
  1.1481006e+001
  1.1863593e+001
  1.1971658e+001
  1.2110002e+001
  1.2310363e+001
  1.2376077e+001
  1.2678953e+001
  1.3182308e+001
  1.3320090e+001
  1.3103806e+001
  1.3524810e+001
  1.4056967e+001
  1.4105237e+001
  1.4302973e+001
  1.4507429e+001
  1.4631048e+001
  1.5338136e+001
  1.5472619e+001
  1.5213714e+001
  1.5923214e+001
  1.6196950e+001
  1.6485265e+001
  1.6617771e+001
  1.6561266e+001
  1.7638272e+001
  1.7417636e+001
  1.7623480e+001
  1.7926668e+001
  1.8424075e+001
  1.8838015e+001
  1.8431671e+001
  1.9523734e+001
  1.9458790e+001
  1.9901588e+001
  1.9662066e+001
  2.0936193e+001
  2.0429088e+001
  2.1014573e+001
  2.1239665e+001
  2.2069770e+001
  2.1339870e+001
  2.2727903e+001
  2.2406603e+001
  2.2887324e+001
  2.3080938e+001
  2.3918947e+001
  2.3364876e+001
  2.4426969e+001
  2.4651103e+001
  2.4254307e+001
  2.5852481e+001
  2.4879556e+001
  2.5993209e+001
  2.6235363e+001
  2.5914538e+001
  2.7295137e+001
  2.6570708e+001
  2.7549419e+001
  2.7950236e+001
  2.7377797e+001
  2.9146142e+001
  2.8049900e+001
  2.9118252e+001
  2.9705503e+001
  2.8916177e+001
  3.0515374e+001
  2.9982188e+001
  3.0553815e+001
  3.0638447e+001
  3.1859704e+001
  3.0552450e+001
  3.2475963e+001
  3.1947894e+001
  3.2368654e+001
  3.2330274e+001
  3.3901540e+001
  3.2467378e+001
  3.3890775e+001
  3.3836030e+001
  3.4795457e+001
  3.3372536e+001
  3.5463018e+001
  3.5052117e+001
  3.5258661e+001
  3.5194012e+001
  3.6028191e+001
  3.7033955e+001
  3.5358600e+001
  3.6957402e+001
  3.7017403e+001
  3.7531575e+001
  3.7522919e+001
  3.6658918e+001
  3.8904181e+001
  3.8673000e+001
  3.7774482e+001
  3.8886161e+001
  3.8638567e+001
  3.9457941e+001
  4.0347041e+001
  3.8736147e+001
  3.9078457e+001
  4.1282441e+001
  4.0737984e+001
  3.9888011e+001
  4.0821346e+001
  4.1056725e+001
  4.0728337e+001
  4.1838813e+001
  4.2443387e+001
  4.1177471e+001
  4.0518383e+001
  4.2184579e+001
  4.3607175e+001
  4.2733166e+001
  4.1451158e+001
  4.1675618e+001
  4.3212707e+001
  4.4169888e+001
  4.3645127e+001
  4.2587874e+001
  4.2602760e+001
  4.3350381e+001
  4.4229883e+001
  4.4579790e+001
  4.4139828e+001
  4.3425976e+001
  4.3010805e+001
  4.3356915e+001
  4.4300409e+001
  4.5415120e+001
  4.5806656e+001
  4.5524843e+001
  4.4535032e+001
  4.3475194e+001
  4.3222305e+001
  4.3599315e+001
  4.4233637e+001
  4.4807441e+001
  4.4654477e+001
  4.4237598e+001
  4.4000601e+001
  4.4836074e+001
  4.4563443e+001
