  9.7996245e+000
  1.0019281e+001
  1.0155167e+001
  1.0409933e+001
  1.0606973e+001
  1.0826744e+001
  1.1080972e+001
  1.1333854e+001
  1.1626430e+001
  1.1883982e+001
  1.2079950e+001
  1.2249259e+001
  1.2520158e+001
  1.3052089e+001
  1.3553001e+001
  1.3636791e+001
  1.3542986e+001
  1.4056851e+001
  1.4915472e+001
  1.5160350e+001
  1.5091650e+001
  1.5462511e+001
  1.6075644e+001
  1.6311267e+001
  1.6886717e+001
  1.7461758e+001
  1.7218415e+001
  1.7578873e+001
  1.8839299e+001
  1.8891075e+001
  1.9004218e+001
  1.9673219e+001
  1.9787330e+001
  2.0830480e+001
  2.1300335e+001
  2.0810250e+001
  2.2037790e+001
  2.2480375e+001
  2.2966616e+001
  2.3327572e+001
  2.3201215e+001
  2.4930356e+001
  2.4633224e+001
  2.5133514e+001
  2.5562302e+001
  2.6611169e+001
  2.7021615e+001
  2.6607741e+001
  2.8322099e+001
  2.8303870e+001
  2.9025874e+001
  2.8716059e+001
  3.0942285e+001
  2.9912319e+001
  3.1111453e+001
  3.1463879e+001
  3.2698267e+001
  3.1715035e+001
  3.3927740e+001
  3.3700780e+001
  3.3869496e+001
  3.5291414e+001
  3.5285233e+001
  3.5879972e+001
  3.6503381e+001
  3.7659932e+001
  3.6757048e+001
  3.9193088e+001
  3.8343965e+001
  3.9037978e+001
  4.0994773e+001
  3.9180861e+001
  4.2128820e+001
  4.1373863e+001
  4.1638897e+001
  4.3921356e+001
  4.2224684e+001
  4.4541832e+001
  4.4364123e+001
  4.4827316e+001
  4.5447462e+001
  4.6645564e+001
  4.6144250e+001
  4.7076633e+001
  4.8917652e+001
  4.6814627e+001
  4.9936394e+001
  4.9169684e+001
  5.0151668e+001
  4.9499066e+001
  5.2844745e+001
  5.0160001e+001
  5.2507471e+001
  5.2464709e+001
  5.4263450e+001
  5.2031281e+001
  5.4961240e+001
  5.5160642e+001
  5.4899832e+001
  5.5285080e+001
  5.6023097e+001
  5.8453787e+001
  5.5431189e+001
  5.8013971e+001
  5.8184312e+001
  5.9225859e+001
  5.9304856e+001
  5.7565659e+001
  6.1583574e+001
  6.0961604e+001
  6.0047550e+001
  6.1675723e+001
  6.0673306e+001
  6.3086056e+001
  6.4211324e+001
  6.1069838e+001
  6.2655819e+001
  6.5240312e+001
  6.4107048e+001
  6.4574526e+001
  6.5417490e+001
  6.3948151e+001
  6.4854696e+001
  6.8097219e+001
  6.7556582e+001
  6.4703770e+001
  6.5523826e+001
  6.8523252e+001
  6.9069354e+001
  6.7372541e+001
  6.7408868e+001
  6.8877852e+001
  6.9272781e+001
  6.8644678e+001
  6.8745511e+001
  7.0105290e+001
  7.1299337e+001
  7.0746394e+001
  6.9384062e+001
  6.9089821e+001
  7.0290198e+001
  7.1825281e+001
  7.2612908e+001
  7.2379426e+001
  7.1402684e+001
  7.0790826e+001
  7.0996184e+001
  7.1271876e+001
  7.1418382e+001
  7.1374735e+001
  7.1767977e+001
  7.2686819e+001
  7.4018539e+001
  7.5436492e+001
  7.5268716e+001
  7.4566658e+001
  7.3112644e+001
  7.2229320e+001
  7.3160306e+001
  7.2263454e+001
