  3.9348034e+001
  3.9134853e+001
  3.8912003e+001
  3.8679677e+001
  3.8438075e+001
  3.8187408e+001
  3.7927894e+001
  3.7659764e+001
  3.7383256e+001
  3.7098618e+001
  3.6806108e+001
  3.6505991e+001
  3.6198543e+001
  3.5884050e+001
  3.5562804e+001
  3.5235107e+001
  3.4901270e+001
  3.4561612e+001
  3.4216459e+001
  3.3866148e+001
  3.3511019e+001
  3.3151423e+001
  3.2787716e+001
  3.2420263e+001
  3.2049432e+001
  3.1675600e+001
  3.1299148e+001
  3.0920462e+001
  3.0539935e+001
  3.0157962e+001
  2.9774943e+001
  2.9391281e+001
  2.9007381e+001
  2.8623654e+001
  2.8240508e+001
  2.7858356e+001
  2.7477610e+001
  2.7098683e+001
  2.6721986e+001
  2.6347932e+001
  2.5976930e+001
  2.5609387e+001
  2.5245708e+001
  2.4886293e+001
  2.4531541e+001
  2.4181844e+001
  2.3837588e+001
  2.3499155e+001
  2.3166919e+001
  2.2841248e+001
  2.2522500e+001
  2.2211027e+001
  2.1907172e+001
  2.1611265e+001
  2.1323630e+001
  2.1044578e+001
  2.0774410e+001
  2.0513412e+001
  2.0261863e+001
  2.0020024e+001
  1.9788147e+001
  1.9566466e+001
  1.9355206e+001
  1.9154572e+001
  1.8964759e+001
  1.8785943e+001
  1.8618287e+001
  1.8461938e+001
  1.8317025e+001
  1.8183663e+001
  1.8061949e+001
  1.7951964e+001
  1.7853773e+001
  1.7767423e+001
  1.7692945e+001
  1.7630353e+001
  1.7579642e+001
  1.7540794e+001
  1.7513771e+001
  1.7498520e+001
  1.7494970e+001
  1.7503036e+001
  1.7522614e+001
  1.7553586e+001
  1.7595818e+001
  1.7649160e+001
  1.7713446e+001
  1.7788497e+001
  1.7874119e+001
  1.7970104e+001
  1.8076229e+001
  1.8192260e+001
  1.8317948e+001
  1.8453034e+001
  1.8597245e+001
  1.8750299e+001
  1.8911900e+001
  1.9081746e+001
  1.9259521e+001
  1.9444902e+001
  1.9637558e+001
  1.9837149e+001
  2.0043327e+001
  2.0255738e+001
  2.0474023e+001
  2.0697815e+001
  2.0926743e+001
  2.1160432e+001
  2.1398501e+001
  2.1640569e+001
  2.1886251e+001
  2.2135158e+001
  2.2386901e+001
  2.2641092e+001
  2.2897339e+001
  2.3155252e+001
  2.3414442e+001
  2.3674520e+001
  2.3935101e+001
  2.4195799e+001
  2.4456234e+001
  2.4716027e+001
  2.4974803e+001
  2.5232193e+001
  2.5487830e+001
  2.5741354e+001
  2.5992410e+001
  2.6240647e+001
  2.6485724e+001
  2.6727302e+001
  2.6965054e+001
  2.7198655e+001
  2.7427791e+001
  2.7652155e+001
  2.7871448e+001
  2.8085380e+001
  2.8293669e+001
  2.8496041e+001
  2.8692234e+001
  2.8881992e+001
  2.9065071e+001
  2.9241237e+001
  2.9410262e+001
  2.9571933e+001
  2.9726045e+001
  2.9872403e+001
  3.0010823e+001
  3.0141131e+001
  3.0263166e+001
  3.0376775e+001
  3.0481817e+001
  3.0578162e+001
  3.0665692e+001
  3.0744298e+001
  3.0813884e+001
  3.0874365e+001
  3.0925667e+001
  3.0967727e+001
  3.1000493e+001
  3.1023927e+001
