  1.1931236e+001
  1.2393431e+001
  1.2751280e+001
  1.3229490e+001
  1.3811561e+001
  1.4655311e+001
  1.5370035e+001
  1.5702469e+001
  1.5902546e+001
  1.6522696e+001
  1.7734535e+001
  1.8961603e+001
  1.9317874e+001
  1.9327085e+001
  2.0112774e+001
  2.1527474e+001
  2.2317729e+001
  2.2769165e+001
  2.4018605e+001
  2.5147214e+001
  2.4976799e+001
  2.5713908e+001
  2.8066375e+001
  2.8794853e+001
  2.8911880e+001
  3.0432351e+001
  3.0976358e+001
  3.1548587e+001
  3.4311632e+001
  3.4753107e+001
  3.4510035e+001
  3.6698217e+001
  3.7133650e+001
  3.9117832e+001
  4.0839920e+001
  3.9600092e+001
  4.2330096e+001
  4.3282767e+001
  4.5033258e+001
  4.6042864e+001
  4.5293912e+001
  4.9211317e+001
  4.9160899e+001
  5.1433790e+001
  5.0328846e+001
  5.3689807e+001
  5.5085293e+001
  5.5635534e+001
  5.6163667e+001
  5.8601559e+001
  6.0691690e+001
  6.0022121e+001
  6.1933805e+001
  6.4655607e+001
  6.5012138e+001
  6.5576112e+001
  6.7934495e+001
  7.0705447e+001
  6.8222815e+001
  7.3553219e+001
  7.2894816e+001
  7.4861264e+001
  7.5126371e+001
  7.9241118e+001
  7.7876480e+001
  7.9715788e+001
  8.4315812e+001
  8.0158077e+001
  8.6659257e+001
  8.6358853e+001
  8.5069560e+001
  9.2270437e+001
  8.7949293e+001
  9.1968275e+001
  9.5548103e+001
  9.1090663e+001
  9.8898848e+001
  9.6769080e+001
  9.7373578e+001
  1.0247169e+002
  1.0039884e+002
  1.0327490e+002
  1.0378709e+002
  1.0836635e+002
  1.0373261e+002
  1.1100513e+002
  1.1040137e+002
  1.0996980e+002
  1.1260036e+002
  1.1592235e+002
  1.1496379e+002
  1.1487933e+002
  1.2023021e+002
  1.2017330e+002
  1.1905677e+002
  1.2177186e+002
  1.2485778e+002
  1.2614448e+002
  1.2218649e+002
  1.2932124e+002
  1.2786717e+002
  1.3298656e+002
  1.2634731e+002
  1.3317573e+002
  1.3497041e+002
  1.3459397e+002
  1.3667134e+002
  1.3207308e+002
  1.4141360e+002
  1.4084608e+002
  1.3859831e+002
  1.4243217e+002
  1.3862416e+002
  1.4506651e+002
  1.4941170e+002
  1.4234124e+002
  1.4545425e+002
  1.4850471e+002
  1.4617674e+002
  1.5234285e+002
  1.5470095e+002
  1.4730861e+002
  1.4849163e+002
  1.5622586e+002
  1.5585342e+002
  1.5343441e+002
  1.5736114e+002
  1.5854235e+002
  1.5381234e+002
  1.5360818e+002
  1.6115592e+002
  1.6600450e+002
  1.6187913e+002
  1.5628389e+002
  1.5730887e+002
  1.6304268e+002
  1.6674069e+002
  1.6560358e+002
  1.6273600e+002
  1.6216844e+002
  1.6428520e+002
  1.6680095e+002
  1.6791187e+002
  1.6750009e+002
  1.6640780e+002
  1.6563610e+002
  1.6561936e+002
  1.6628908e+002
  1.6758320e+002
  1.6951367e+002
  1.7185691e+002
  1.7393945e+002
  1.7475639e+002
  1.7372288e+002
  1.7103843e+002
  1.6773561e+002
  1.6528820e+002
  1.6439705e+002
  1.6693900e+002
  1.6573585e+002
