  7.3861422e+000
  7.4558411e+000
  7.5274548e+000
  7.6065760e+000
  7.5787321e+000
  7.5566339e+000
  7.6390153e+000
  7.8699143e+000
  8.0624302e+000
  8.0979739e+000
  8.0293754e+000
  8.0033073e+000
  8.1102015e+000
  8.2949317e+000
  8.3792513e+000
  8.4828790e+000
  8.7522577e+000
  8.7769416e+000
  8.6228576e+000
  8.7147038e+000
  8.9526186e+000
  9.0815056e+000
  9.2575696e+000
  9.4019616e+000
  9.3957057e+000
  9.3368411e+000
  9.6069315e+000
  9.7149884e+000
  9.9435279e+000
  1.0146081e+001
  9.9256165e+000
  1.0101735e+001
  1.0337142e+001
  1.0494312e+001
  1.0801423e+001
  1.0619278e+001
  1.0759414e+001
  1.0957201e+001
  1.1195074e+001
  1.1467668e+001
  1.1235263e+001
  1.1522203e+001
  1.1635658e+001
  1.2066792e+001
  1.1893056e+001
  1.1992554e+001
  1.2202127e+001
  1.2635663e+001
  1.2561813e+001
  1.2597117e+001
  1.2850988e+001
  1.3273520e+001
  1.3025555e+001
  1.3262002e+001
  1.3472662e+001
  1.3884512e+001
  1.3475319e+001
  1.4044900e+001
  1.4150185e+001
  1.4299593e+001
  1.4235283e+001
  1.4679097e+001
  1.4808331e+001
  1.4542019e+001
  1.5386881e+001
  1.5121324e+001
  1.5191740e+001
  1.5785861e+001
  1.5489537e+001
  1.5877934e+001
  1.6161181e+001
  1.5942454e+001
  1.6484208e+001
  1.6512119e+001
  1.6372608e+001
  1.7115763e+001
  1.6765861e+001
  1.6976974e+001
  1.7703758e+001
  1.7032740e+001
  1.7712400e+001
  1.7874753e+001
  1.7747158e+001
  1.8041900e+001
  1.8259718e+001
  1.8577146e+001
  1.8053056e+001
  1.9042646e+001
  1.8783359e+001
  1.8978882e+001
  1.8793965e+001
  1.9677612e+001
  1.9369746e+001
  1.9491735e+001
  1.9490146e+001
  2.0316489e+001
  1.9899375e+001
  2.0131503e+001
  1.9907838e+001
  2.0949535e+001
  2.0469073e+001
  2.0773991e+001
  2.0404598e+001
  2.1214470e+001
  2.1411997e+001
  2.1124840e+001
  2.1355832e+001
  2.1007684e+001
  2.2057775e+001
  2.1969540e+001
  2.1786253e+001
  2.2026506e+001
  2.1582057e+001
  2.2402699e+001
  2.2835688e+001
  2.2328903e+001
  2.2669912e+001
  2.2488807e+001
  2.2318691e+001
  2.3242664e+001
  2.3510258e+001
  2.2991624e+001
  2.3195309e+001
  2.3316949e+001
  2.2930195e+001
  2.3283380e+001
  2.4185004e+001
  2.4177724e+001
  2.3554798e+001
  2.3561909e+001
  2.3957282e+001
  2.3928722e+001
  2.3760942e+001
  2.4135045e+001
  2.4777437e+001
  2.4943143e+001
  2.4433552e+001
  2.3851770e+001
  2.3847238e+001
  2.4381364e+001
  2.4976681e+001
  2.5227788e+001
  2.5082523e+001
  2.4736190e+001
  2.4529476e+001
  2.4512951e+001
  2.4668379e+001
  2.4920957e+001
  2.5184490e+001
  2.5387332e+001
  2.5482897e+001
  2.5406930e+001
  2.5187008e+001
  2.4890679e+001
  2.4583796e+001
  2.4416345e+001
  2.4432355e+001
  2.4589065e+001
  2.5074126e+001
  2.5009989e+001
