  7.1496642e+000
  7.1871674e+000
  7.1079650e+000
  7.0072229e+000
  6.9470684e+000
  7.0265633e+000
  7.1521189e+000
  7.1896165e+000
  7.2080360e+000
  7.2712060e+000
  7.3924292e+000
  7.4557298e+000
  7.2613088e+000
  7.2135392e+000
  7.3822967e+000
  7.5527342e+000
  7.5770006e+000
  7.6185717e+000
  7.6927106e+000
  7.6451810e+000
  7.5227333e+000
  7.6810963e+000
  7.8807115e+000
  7.8135331e+000
  8.0173040e+000
  7.9806235e+000
  7.8254880e+000
  7.9280074e+000
  8.1474826e+000
  8.1778259e+000
  8.2877013e+000
  8.2369357e+000
  8.1549610e+000
  8.3621025e+000
  8.4113472e+000
  8.6235215e+000
  8.5588793e+000
  8.4459461e+000
  8.6389353e+000
  8.7384546e+000
  8.9817536e+000
  8.7625771e+000
  8.8524189e+000
  8.9149763e+000
  9.1796269e+000
  9.0661843e+000
  9.0981201e+000
  9.1886790e+000
  9.4347918e+000
  9.3938219e+000
  9.3662418e+000
  9.4466549e+000
  9.6876023e+000
  9.5901753e+000
  9.6774642e+000
  9.7251824e+000
  1.0014632e+001
  9.7570404e+000
  9.9918022e+000
  1.0129395e+001
  1.0109407e+001
  1.0128882e+001
  1.0254329e+001
  1.0455477e+001
  1.0236100e+001
  1.0562823e+001
  1.0613416e+001
  1.0428410e+001
  1.0870088e+001
  1.0737694e+001
  1.0689300e+001
  1.1106864e+001
  1.0847502e+001
  1.1015196e+001
  1.1274827e+001
  1.0989948e+001
  1.1352780e+001
  1.1421372e+001
  1.1240977e+001
  1.1580271e+001
  1.1541025e+001
  1.1587429e+001
  1.1622799e+001
  1.1869147e+001
  1.1822545e+001
  1.1711417e+001
  1.2167759e+001
  1.2017933e+001
  1.2078714e+001
  1.2019880e+001
  1.2458430e+001
  1.2222246e+001
  1.2318480e+001
  1.2356541e+001
  1.2728790e+001
  1.2469392e+001
  1.2579123e+001
  1.2564421e+001
  1.2993862e+001
  1.2778093e+001
  1.2847587e+001
  1.2784308e+001
  1.3168288e+001
  1.3209389e+001
  1.3065725e+001
  1.3096662e+001
  1.3080649e+001
  1.3514038e+001
  1.3455786e+001
  1.3373590e+001
  1.3365669e+001
  1.3315254e+001
  1.3737837e+001
  1.3793319e+001
  1.3665677e+001
  1.3726597e+001
  1.3554110e+001
  1.3699504e+001
  1.4115277e+001
  1.4072269e+001
  1.4003902e+001
  1.4056077e+001
  1.3882986e+001
  1.3869721e+001
  1.4243891e+001
  1.4435577e+001
  1.4304723e+001
  1.4263135e+001
  1.4309490e+001
  1.4228735e+001
  1.4127990e+001
  1.4298013e+001
  1.4654329e+001
  1.4803701e+001
  1.4634723e+001
  1.4426736e+001
  1.4382203e+001
  1.4478678e+001
  1.4582276e+001
  1.4632112e+001
  1.4692296e+001
  1.4760844e+001
  1.4916521e+001
  1.4919878e+001
  1.4861569e+001
  1.4722725e+001
  1.4604516e+001
  1.4580305e+001
  1.4665515e+001
  1.4814719e+001
  1.5001434e+001
  1.5073259e+001
  1.5074326e+001
  1.5011548e+001
  1.4899679e+001
  1.4837533e+001
  1.4863518e+001
  1.4939388e+001
  1.5177479e+001
  1.5111738e+001
