  6.6577175e+000
  6.7522343e+000
  6.8492716e+000
  6.9048024e+000
  6.8526761e+000
  6.7124000e+000
  6.6146496e+000
  6.6776994e+000
  6.8894812e+000
  6.9942844e+000
  6.8937528e+000
  6.8821432e+000
  6.9057051e+000
  6.9465105e+000
  6.8080056e+000
  6.7685303e+000
  6.9856536e+000
  7.1393655e+000
  6.9910600e+000
  7.0122168e+000
  7.1093092e+000
  6.9387455e+000
  6.8942542e+000
  7.0911075e+000
  7.1869966e+000
  7.1217367e+000
  7.2543082e+000
  7.0409592e+000
  7.0278168e+000
  7.2648825e+000
  7.1990474e+000
  7.3514704e+000
  7.3264260e+000
  7.1082454e+000
  7.2950108e+000
  7.3072435e+000
  7.4694489e+000
  7.4117899e+000
  7.2543170e+000
  7.4392634e+000
  7.4293513e+000
  7.6623537e+000
  7.4060818e+000
  7.4619863e+000
  7.4397565e+000
  7.6655678e+000
  7.6357658e+000
  7.5598178e+000
  7.5411516e+000
  7.7678384e+000
  7.7131590e+000
  7.6907358e+000
  7.6248286e+000
  7.9277278e+000
  7.8068612e+000
  7.8238164e+000
  7.7670664e+000
  8.0333755e+000
  7.8423507e+000
  7.8770759e+000
  8.0581313e+000
  7.9479895e+000
  8.0036361e+000
  8.0121247e+000
  8.1900703e+000
  8.0336787e+000
  8.1003766e+000
  8.3282451e+000
  8.0487935e+000
  8.2420428e+000
  8.3243654e+000
  8.1235241e+000
  8.4196986e+000
  8.3856750e+000
  8.2189634e+000
  8.5507886e+000
  8.4088351e+000
  8.3894598e+000
  8.5858630e+000
  8.4759168e+000
  8.5132227e+000
  8.5085023e+000
  8.7001769e+000
  8.5392033e+000
  8.5649426e+000
  8.8069807e+000
  8.6504823e+000
  8.7192477e+000
  8.7201864e+000
  8.9214343e+000
  8.7198745e+000
  8.8026503e+000
  8.8497293e+000
  9.0035812e+000
  8.8134357e+000
  8.8691634e+000
  8.9455472e+000
  9.1079039e+000
  8.9612138e+000
  9.0071413e+000
  8.9929379e+000
  9.2579658e+000
  9.1304529e+000
  9.0996352e+000
  9.0376712e+000
  9.1802927e+000
  9.3451738e+000
  9.2610831e+000
  9.2475598e+000
  9.1166280e+000
  9.2667407e+000
  9.4192994e+000
  9.3926157e+000
  9.3947117e+000
  9.2666003e+000
  9.2644519e+000
  9.4531603e+000
  9.5070658e+000
  9.5271702e+000
  9.5324424e+000
  9.3959103e+000
  9.3493372e+000
  9.4883017e+000
  9.6008164e+000
  9.6563407e+000
  9.6644440e+000
  9.6040740e+000
  9.5046769e+000
  9.4868932e+000
  9.5879753e+000
  9.6787547e+000
  9.7462357e+000
  9.7816093e+000
  9.7634249e+000
  9.7108352e+000
  9.6164632e+000
  9.5655569e+000
  9.6210873e+000
  9.7300842e+000
  9.8346381e+000
  9.9021715e+000
  9.8881712e+000
  9.8418284e+000
  9.7947948e+000
  9.7243595e+000
  9.6807834e+000
  9.7007966e+000
  9.7668225e+000
  9.8624825e+000
  9.9339445e+000
  9.9838571e+000
  9.9693796e+000
  9.9042083e+000
  9.8202351e+000
  9.7438444e+000
  9.7102432e+000
  9.7518771e+000
  9.8207024e+000
  9.9653947e+000
  9.9289809e+000
