  3.7641606e+002
  4.0843791e+002
  4.3857275e+002
  4.6793350e+002
  4.9850499e+002
  5.3265169e+002
  5.7247038e+002
  6.1915866e+002
  6.7258176e+002
  7.3117880e+002
  7.9226382e+002
  8.5266711e+002
  9.0955959e+002
  9.6123783e+002
  1.0076427e+003
  1.0504457e+003
  1.0926523e+003
  1.1378072e+003
  1.1890082e+003
  1.2480015e+003
  1.3146211e+003
  1.3867490e+003
  1.4608288e+003
  1.5328117e+003
  1.5992888e+003
  1.6585029e+003
  1.7109659e+003
  1.7595033e+003
  1.8087012e+003
  1.8638795e+003
  1.9298391e+003
  2.0096809e+003
  2.1039837e+003
  2.2105432e+003
  2.3247468e+003
  2.4405149e+003
  2.5516064e+003
  2.6529911e+003
  2.7419646e+003
  2.8187267e+003
  2.8862641e+003
  2.9495504e+003
  3.0142542e+003
  3.0852882e+003
  3.1655804e+003
  3.2553922e+003
  3.3523602e+003
  3.4522308e+003
  3.5500764e+003
  3.6416617e+003
  3.7246138e+003
  3.7991280e+003
  3.8680667e+003
  3.9364561e+003
  4.0104916e+003
  4.0962422e+003
  4.1982853e+003
  4.3185239e+003
  4.4554310e+003
  4.6039305e+003
  4.7560217e+003
  4.9021064e+003
  5.0327977e+003
  5.1408395e+003
  5.2227015e+003
  5.2794729e+003
  5.3168448e+003
  5.3441945e+003
  5.3729844e+003
  5.4148114e+003
  5.4794604e+003
  5.5732643e+003
  5.6979912e+003
  5.8504055e+003
  6.0225923e+003
  6.2030667e+003
  6.3785812e+003
  6.5363917e+003
  6.6665904e+003
  6.7640153e+003
  6.8292828e+003
  6.8686591e+003
  6.8927720e+003
  6.9144494e+003
  6.9461827e+003
  6.9977725e+003
  7.0746286e+003
  7.1770153e+003
  7.3003245e+003
  7.4362777e+003
  7.5748242e+003
  7.7063953e+003
  7.8240946e+003
  7.9253577e+003
  8.0126416e+003
  8.0928524e+003
  8.1754994e+003
  8.2699229e+003
  8.3822697e+003
  8.5130716e+003
  8.6562023e+003
  8.7996638e+003
  8.9281464e+003
  9.0267877e+003
  9.0851822e+003
  9.1005775e+003
  9.0793737e+003
  9.0364560e+003
  8.9924235e+003
  8.9692899e+003
  8.9856174e+003
  9.0522099e+003
  9.1694169e+003
  9.3267819e+003
  9.5052581e+003
  9.6816109e+003
  9.8340448e+003
  9.9476939e+003
  1.0018530e+004
  1.0054539e+004
  1.0073671e+004
  1.0098938e+004
  1.0151861e+004
  1.0246058e+004
  1.0382807e+004
  1.0549985e+004
  1.0724854e+004
  1.0880060e+004
  1.0991238e+004
  1.1044064e+004
  1.1038667e+004
  1.0990018e+004
  1.0924006e+004
  1.0870191e+004
  1.0853203e+004
  1.0885211e+004
  1.0961703e+004
  1.1061908e+004
  1.1153968e+004
  1.1203621e+004
  1.1184141e+004
  1.1084859e+004
  1.0915905e+004
  1.0707726e+004
  1.0505304e+004
  1.0358359e+004
  1.0309898e+004
  1.0385900e+004
  1.0588696e+004
  1.0895659e+004
  1.1263509e+004
  1.1637153e+004
  1.1960918e+004
  1.2189551e+004
  1.2296559e+004
  1.2278300e+004
  1.2153307e+004
  1.1957478e+004
  1.1736515e+004
  1.1537318e+004
