  6.2751904e+000
  6.3985000e+000
  6.4988652e+000
  6.6135383e+000
  6.6043852e+000
  6.4501202e+000
  6.3711960e+000
  6.3580408e+000
  6.4311152e+000
  6.4397692e+000
  6.3612488e+000
  6.4012505e+000
  6.5918484e+000
  6.5803816e+000
  6.4536716e+000
  6.3838614e+000
  6.4254336e+000
  6.4325766e+000
  6.3496936e+000
  6.4552771e+000
  6.6455739e+000
  6.5114188e+000
  6.4372010e+000
  6.4702301e+000
  6.3569962e+000
  6.4105144e+000
  6.5876925e+000
  6.5039610e+000
  6.5591521e+000
  6.5345806e+000
  6.2985364e+000
  6.4713085e+000
  6.5326134e+000
  6.5361181e+000
  6.6172820e+000
  6.3539902e+000
  6.4606684e+000
  6.4530132e+000
  6.5738304e+000
  6.6374672e+000
  6.3832779e+000
  6.5025417e+000
  6.4013523e+000
  6.7170794e+000
  6.4903518e+000
  6.5450865e+000
  6.3682737e+000
  6.6648188e+000
  6.5443432e+000
  6.6056603e+000
  6.3525000e+000
  6.6667753e+000
  6.5633247e+000
  6.5906051e+000
  6.3995175e+000
  6.6163993e+000
  6.6057768e+000
  6.5166929e+000
  6.5739099e+000
  6.5763269e+000
  6.6868157e+000
  6.3914551e+000
  6.6702198e+000
  6.6564250e+000
  6.4452904e+000
  6.6770963e+000
  6.5974392e+000
  6.5452054e+000
  6.6215733e+000
  6.5936956e+000
  6.5863286e+000
  6.6271465e+000
  6.5869858e+000
  6.5945149e+000
  6.6198590e+000
  6.5671570e+000
  6.6222195e+000
  6.6864638e+000
  6.4955021e+000
  6.6988961e+000
  6.7010623e+000
  6.4587367e+000
  6.7710153e+000
  6.6342408e+000
  6.6287787e+000
  6.5811002e+000
  6.7020184e+000
  6.7416558e+000
  6.4885163e+000
  6.7086414e+000
  6.6657518e+000
  6.7536732e+000
  6.4899389e+000
  6.7423137e+000
  6.6692689e+000
  6.7870336e+000
  6.5262794e+000
  6.7039987e+000
  6.6537311e+000
  6.8409238e+000
  6.5759373e+000
  6.6573505e+000
  6.5812099e+000
  6.8011091e+000
  6.7454054e+000
  6.6438267e+000
  6.6666728e+000
  6.5657215e+000
  6.8191837e+000
  6.7273689e+000
  6.7654860e+000
  6.6804337e+000
  6.5335304e+000
  6.7574858e+000
  6.7632378e+000
  6.7773756e+000
  6.8678332e+000
  6.6312475e+000
  6.6128849e+000
  6.7523209e+000
  6.6753498e+000
  6.7677970e+000
  6.9031011e+000
  6.7689774e+000
  6.6267472e+000
  6.7119375e+000
  6.7252494e+000
  6.6514768e+000
  6.7428434e+000
  6.8909762e+000
  6.8938193e+000
  6.7337857e+000
  6.6763463e+000
  6.7394287e+000
  6.7241256e+000
  6.6451925e+000
  6.6708128e+000
  6.7705888e+000
  6.9265054e+000
  6.9435999e+000
  6.7955353e+000
  6.6922998e+000
  6.6288360e+000
  6.6437619e+000
  6.7125446e+000
  6.7877909e+000
  6.7893346e+000
  6.8116795e+000
  6.8193301e+000
  6.7926514e+000
  6.7650193e+000
  6.7313286e+000
  6.7152671e+000
  6.7064595e+000
  6.7155164e+000
  6.7283677e+000
  6.7520890e+000
  6.8041007e+000
  6.9197682e+000
  6.8888128e+000
