  6.3348427e+000
  6.3790363e+000
  6.2760718e+000
  6.3129965e+000
  6.3254403e+000
  6.4291374e+000
  6.5150565e+000
  6.3379299e+000
  6.1654811e+000
  6.1796524e+000
  6.3093178e+000
  6.3635182e+000
  6.3126957e+000
  6.2909935e+000
  6.4898673e+000
  6.4834837e+000
  6.2171389e+000
  6.2270786e+000
  6.3459395e+000
  6.2521442e+000
  6.2579136e+000
  6.4864211e+000
  6.4613247e+000
  6.2704437e+000
  6.3515471e+000
  6.2951305e+000
  6.1624284e+000
  6.4265359e+000
  6.4357895e+000
  6.3266857e+000
  6.4170589e+000
  6.1918531e+000
  6.2852980e+000
  6.3941632e+000
  6.3168725e+000
  6.5027308e+000
  6.2537420e+000
  6.3073754e+000
  6.2696701e+000
  6.3809349e+000
  6.4291083e+000
  6.3254295e+000
  6.3304551e+000
  6.2246535e+000
  6.4863085e+000
  6.3276050e+000
  6.4153707e+000
  6.1853238e+000
  6.4526852e+000
  6.3647282e+000
  6.4401787e+000
  6.1991908e+000
  6.4227734e+000
  6.3537618e+000
  6.4112525e+000
  6.2515879e+000
  6.3514880e+000
  6.5297164e+000
  6.2320373e+000
  6.3536656e+000
  6.3437981e+000
  6.4198062e+000
  6.3039040e+000
  6.3303524e+000
  6.5333900e+000
  6.2299532e+000
  6.3844654e+000
  6.5074693e+000
  6.1982678e+000
  6.4049052e+000
  6.4322569e+000
  6.2182356e+000
  6.4288341e+000
  6.3988626e+000
  6.2017348e+000
  6.5170269e+000
  6.3816141e+000
  6.2187011e+000
  6.5533724e+000
  6.3106479e+000
  6.2849677e+000
  6.4287199e+000
  6.3884926e+000
  6.3780732e+000
  6.2422446e+000
  6.5251843e+000
  6.3777410e+000
  6.2970386e+000
  6.4026926e+000
  6.4078311e+000
  6.4283303e+000
  6.2130342e+000
  6.4860928e+000
  6.3931808e+000
  6.4764585e+000
  6.2231369e+000
  6.4740169e+000
  6.3690686e+000
  6.5396491e+000
  6.2557882e+000
  6.3725802e+000
  6.3196819e+000
  6.5239238e+000
  6.4323107e+000
  6.3162961e+000
  6.3488637e+000
  6.2913767e+000
  6.5346657e+000
  6.3760304e+000
  6.4412134e+000
  6.3475203e+000
  6.2497454e+000
  6.4957833e+000
  6.4152778e+000
  6.5040713e+000
  6.5035078e+000
  6.2557353e+000
  6.3496045e+000
  6.4202886e+000
  6.3563981e+000
  6.5316428e+000
  6.5537642e+000
  6.3442847e+000
  6.3784044e+000
  6.4066883e+000
  6.2808419e+000
  6.3277454e+000
  6.5531318e+000
  6.5486288e+000
  6.4028293e+000
  6.3959504e+000
  6.4464235e+000
  6.3797829e+000
  6.2620286e+000
  6.2594761e+000
  6.4267602e+000
  6.5800694e+000
  6.5073911e+000
  6.4466383e+000
  6.3932640e+000
  6.4119354e+000
  6.4248565e+000
  6.4189740e+000
  6.3405805e+000
  6.2853991e+000
  6.3073737e+000
  6.3719534e+000
  6.4673538e+000
  6.5448668e+000
  6.5650420e+000
  6.5593652e+000
  6.4800530e+000
  6.4060240e+000
  6.3377501e+000
  6.2986767e+000
  6.2768036e+000
  6.2751717e+000
  6.3081478e+000
  6.3957452e+000
  6.3603515e+000
