  3.8325315e+002
  4.0652688e+002
  4.2823945e+002
  4.5027090e+002
  4.7494275e+002
  5.0431686e+002
  5.3953497e+002
  5.8040668e+002
  6.2538822e+002
  6.7198116e+002
  7.1745126e+002
  7.5966379e+002
  7.9778509e+002
  8.3262870e+002
  8.6652122e+002
  9.0270229e+002
  9.4441362e+002
  9.9393282e+002
  1.0518366e+003
  1.1167238e+003
  1.1855048e+003
  1.2541997e+003
  1.3190368e+003
  1.3775402e+003
  1.4292829e+003
  1.4760654e+003
  1.5214360e+003
  1.5696678e+003
  1.6244735e+003
  1.6878352e+003
  1.7593058e+003
  1.8360110e+003
  1.9133737e+003
  1.9863700e+003
  2.0509656e+003
  2.1053278e+003
  2.1504782e+003
  2.1902083e+003
  2.2302820e+003
  2.2771299e+003
  2.3363515e+003
  2.4113769e+003
  2.5025876e+003
  2.6070952e+003
  2.7192376e+003
  2.8317027e+003
  2.9370528e+003
  3.0293160e+003
  3.1052760e+003
  3.1651449e+003
  3.2124462e+003
  3.2531441e+003
  3.2942582e+003
  3.3423350e+003
  3.4021623e+003
  3.4760041e+003
  3.5634548e+003
  3.6618368e+003
  3.7669520e+003
  3.8739758e+003
  3.9783222e+003
  4.0763686e+003
  4.1659664e+003
  4.2466778e+003
  4.3196944e+003
  4.3874396e+003
  4.4529396e+003
  4.5191327e+003
  4.5883227e+003
  4.6619280e+003
  4.7405511e+003
  4.8242433e+003
  4.9127616e+003
  5.0056400e+003
  5.1020309e+003
  5.2004273e+003
  5.2984777e+003
  5.3930861e+003
  5.4808679e+003
  5.5588761e+003
  5.6254010e+003
  5.6806243e+003
  5.7269685e+003
  5.7690646e+003
  5.8133166e+003
  5.8670657e+003
  5.9373761e+003
  6.0295356e+003
  6.1455007e+003
  6.2826653e+003
  6.4334078e+003
  6.5857861e+003
  6.7254750e+003
  6.8386583e+003
  6.9152287e+003
  6.9514634e+003
  6.9514168e+003
  6.9265806e+003
  6.8938087e+003
  6.8719393e+003
  6.8778616e+003
  6.9228981e+003
  7.0103160e+003
  7.1345580e+003
  7.2824500e+003
  7.4362232e+003
  7.5777512e+003
  7.6930347e+003
  7.7757807e+003
  7.8290275e+003
  7.8642055e+003
  7.8977129e+003
  7.9458532e+003
  8.0195635e+003
  8.1205457e+003
  8.2400854e+003
  8.3610757e+003
  8.4627848e+003
  8.5270233e+003
  8.5438785e+003
  8.5152475e+003
  8.4550162e+003
  8.3857108e+003
  8.3325033e+003
  8.3162639e+003
  8.3476831e+003
  8.4242244e+003
  8.5308838e+003
  8.6446361e+003
  8.7413448e+003
  8.8031342e+003
  8.8240000e+003
  8.8118733e+003
  8.7863503e+003
  8.7725940e+003
  8.7931211e+003
  8.8599440e+003
  8.9695682e+003
  9.1026070e+003
  9.2284485e+003
  9.3138744e+003
  9.3332588e+003
  9.2773656e+003
  9.1580334e+003
  9.0071344e+003
  8.8697959e+003
  8.7935306e+003
  8.8161285e+003
  8.9555707e+003
  9.2047022e+003
  9.5321061e+003
  9.8889288e+003
  1.0219815e+004
  1.0475096e+004
  1.0621194e+004
  1.0646883e+004
  1.0564307e+004
  1.0405039e+004
  1.0212582e+004
  1.0033268e+004
