  5.1043636e+000
  5.1658611e+000
  5.2582701e+000
  5.3663358e+000
  5.2448020e+000
  5.1773997e+000
  5.2418078e+000
  5.3639738e+000
  5.3026882e+000
  5.2425066e+000
  5.1763079e+000
  5.2270449e+000
  5.2418116e+000
  5.1648697e+000
  5.0723337e+000
  5.1945495e+000
  5.1756393e+000
  5.1177721e+000
  5.2336758e+000
  5.2871760e+000
  5.2463196e+000
  5.2471326e+000
  5.3296491e+000
  5.1895390e+000
  5.1617777e+000
  5.1984323e+000
  5.0588153e+000
  5.1815269e+000
  5.2485567e+000
  5.1932006e+000
  5.3200335e+000
  5.2244658e+000
  5.2582377e+000
  5.1870116e+000
  5.0905240e+000
  5.2153634e+000
  5.1526417e+000
  5.3219868e+000
  5.2220809e+000
  5.2918482e+000
  5.1071072e+000
  5.2081740e+000
  5.1343212e+000
  5.3064673e+000
  5.2664550e+000
  5.2631533e+000
  5.1074586e+000
  5.2021123e+000
  5.1286743e+000
  5.3470074e+000
  5.2089867e+000
  5.2435232e+000
  5.0869071e+000
  5.2339706e+000
  5.2739398e+000
  5.1725103e+000
  5.2344550e+000
  5.0989023e+000
  5.3330813e+000
  5.2477373e+000
  5.1249009e+000
  5.2238442e+000
  5.1944721e+000
  5.2597388e+000
  5.1847793e+000
  5.1134243e+000
  5.3169797e+000
  5.2145532e+000
  5.0604582e+000
  5.3017535e+000
  5.2877027e+000
  5.0741723e+000
  5.2798266e+000
  5.3250439e+000
  5.0688111e+000
  5.2275392e+000
  5.3370637e+000
  5.1332888e+000
  5.1659923e+000
  5.2553884e+000
  5.2061842e+000
  5.2403240e+000
  5.0882198e+000
  5.2416395e+000
  5.3144256e+000
  5.0996560e+000
  5.2149688e+000
  5.1936470e+000
  5.2756928e+000
  5.2321820e+000
  5.0944726e+000
  5.2356872e+000
  5.1737730e+000
  5.3687185e+000
  5.1377344e+000
  5.2140027e+000
  5.0979713e+000
  5.3032674e+000
  5.2408825e+000
  5.2887462e+000
  5.1309898e+000
  5.1830211e+000
  5.1028603e+000
  5.3033754e+000
  5.2086427e+000
  5.3396188e+000
  5.1442964e+000
  5.2355555e+000
  5.1162061e+000
  5.1851266e+000
  5.2467527e+000
  5.1951356e+000
  5.3831808e+000
  5.1903901e+000
  5.2172241e+000
  5.1957289e+000
  5.0550539e+000
  5.2071797e+000
  5.1725172e+000
  5.1688723e+000
  5.3263696e+000
  5.2591918e+000
  5.2186681e+000
  5.3119229e+000
  5.2087483e+000
  5.1152304e+000
  5.2085461e+000
  5.1843296e+000
  5.0653482e+000
  5.1325314e+000
  5.2648156e+000
  5.2227714e+000
  5.1532149e+000
  5.2245023e+000
  5.3600496e+000
  5.3328584e+000
  5.2246542e+000
  5.1883334e+000
  5.2464473e+000
  5.3099725e+000
  5.2602792e+000
  5.1560535e+000
  5.1044472e+000
  5.0993280e+000
  5.1380171e+000
  5.1715767e+000
  5.1861318e+000
  5.1645832e+000
  5.1158863e+000
  5.0859908e+000
  5.0872327e+000
  5.1124262e+000
  5.1575904e+000
  5.2234083e+000
  5.2396022e+000
  5.3124491e+000
  5.3365500e+000
  5.3295100e+000
  5.3791870e+000
  5.3599844e+000
