  4.7512350e+000
  4.7592463e+000
  4.8438866e+000
  4.8207789e+000
  4.7613980e+000
  4.7099695e+000
  4.7493903e+000
  4.8416564e+000
  4.8376955e+000
  4.7497356e+000
  4.7622866e+000
  4.9217609e+000
  4.8940449e+000
  4.8004004e+000
  4.8936350e+000
  4.9441670e+000
  4.9544854e+000
  4.8328113e+000
  4.9498092e+000
  4.8645291e+000
  4.7638929e+000
  4.8372833e+000
  4.7912438e+000
  4.6910640e+000
  4.8270077e+000
  4.8224880e+000
  4.7757784e+000
  4.9437222e+000
  4.8383362e+000
  4.9531649e+000
  4.9075076e+000
  4.7688835e+000
  4.8792172e+000
  4.7230340e+000
  4.8230274e+000
  4.7670712e+000
  4.8844502e+000
  4.8801972e+000
  4.8924529e+000
  4.8663476e+000
  4.7620449e+000
  4.7947261e+000
  4.7364615e+000
  4.9054232e+000
  4.8928357e+000
  4.9229461e+000
  4.8168247e+000
  4.7689448e+000
  4.7929187e+000
  4.8637401e+000
  4.9837168e+000
  4.8148375e+000
  4.8573109e+000
  4.7249297e+000
  4.9090717e+000
  4.8842304e+000
  4.8078091e+000
  4.8302871e+000
  4.7446149e+000
  4.8866458e+000
  4.9266406e+000
  4.7195322e+000
  4.8593513e+000
  4.8720779e+000
  4.8680402e+000
  4.8446656e+000
  4.7877418e+000
  4.8565158e+000
  4.9234616e+000
  4.7637522e+000
  4.8034728e+000
  4.9470625e+000
  4.7932431e+000
  4.7662125e+000
  4.9227573e+000
  4.8644823e+000
  4.7549417e+000
  4.8538137e+000
  4.8422478e+000
  4.8785463e+000
  4.8329236e+000
  4.7265589e+000
  4.9311166e+000
  4.9040723e+000
  4.7491610e+000
  4.8325806e+000
  4.8172768e+000
  4.9180754e+000
  4.9068177e+000
  4.7191110e+000
  4.8865510e+000
  4.8138499e+000
  4.9613112e+000
  4.8485408e+000
  4.8219086e+000
  4.7818276e+000
  4.7997980e+000
  4.9036232e+000
  4.8548438e+000
  4.8724221e+000
  4.7404381e+000
  4.8152100e+000
  4.7574276e+000
  4.8926838e+000
  4.8626697e+000
  4.8830171e+000
  4.8927965e+000
  4.7915337e+000
  4.8143330e+000
  4.7016761e+000
  4.8669067e+000
  4.7757065e+000
  4.8962056e+000
  4.8998483e+000
  4.8618355e+000
  4.9751666e+000
  4.7886341e+000
  4.7828409e+000
  4.7959373e+000
  4.6823211e+000
  4.7967541e+000
  4.8266450e+000
  4.7534765e+000
  4.8725891e+000
  4.9406052e+000
  4.8473456e+000
  4.9121276e+000
  4.9511441e+000
  4.8588737e+000
  4.8024632e+000
  4.9000720e+000
  4.8904974e+000
  4.7560725e+000
  4.7575798e+000
  4.8332473e+000
  4.8135063e+000
  4.7278392e+000
  4.6946822e+000
  4.7524469e+000
  4.8250359e+000
  4.8308161e+000
  4.7854682e+000
  4.7351528e+000
  4.7523853e+000
  4.8292986e+000
  4.8918355e+000
  4.8992076e+000
  4.8838203e+000
  4.8643977e+000
  4.8179708e+000
  4.8164206e+000
  4.8058857e+000
  4.8405966e+000
  4.8851986e+000
  4.9199187e+000
  4.9399541e+000
  4.9552052e+000
  5.0005641e+000
  4.9724565e+000
  4.9658083e+000
