  4.8090968e+000
  4.7242642e+000
  4.6658787e+000
  4.6556575e+000
  4.7302174e+000
  4.7471653e+000
  4.7198701e+000
  4.6283395e+000
  4.6441153e+000
  4.7397958e+000
  4.7231581e+000
  4.6382036e+000
  4.6636876e+000
  4.7800207e+000
  4.7846158e+000
  4.6894193e+000
  4.8319487e+000
  4.8552593e+000
  4.7709708e+000
  4.7592242e+000
  4.8982686e+000
  4.7380857e+000
  4.6892413e+000
  4.7918764e+000
  4.6402700e+000
  4.6991110e+000
  4.7228705e+000
  4.6318997e+000
  4.8116617e+000
  4.7779458e+000
  4.7794784e+000
  4.8617822e+000
  4.7339573e+000
  4.8320187e+000
  4.6197992e+000
  4.7092631e+000
  4.6538082e+000
  4.7387073e+000
  4.8172822e+000
  4.7732146e+000
  4.8094515e+000
  4.7133205e+000
  4.6914304e+000
  4.6793061e+000
  4.7494030e+000
  4.7903862e+000
  4.7913164e+000
  4.7730605e+000
  4.6782263e+000
  4.7524838e+000
  4.6641850e+000
  4.8738376e+000
  4.7377077e+000
  4.7714710e+000
  4.6983632e+000
  4.6671647e+000
  4.8697399e+000
  4.7328653e+000
  4.7380400e+000
  4.6921591e+000
  4.7209568e+000
  4.8703232e+000
  4.7380503e+000
  4.6503165e+000
  4.8540107e+000
  4.7430800e+000
  4.6890935e+000
  4.7642077e+000
  4.7709890e+000
  4.7456023e+000
  4.7447726e+000
  4.7410590e+000
  4.7450031e+000
  4.7448395e+000
  4.7654561e+000
  4.7626174e+000
  4.6875072e+000
  4.7814781e+000
  4.8383150e+000
  4.6397533e+000
  4.7054548e+000
  4.8963312e+000
  4.7037876e+000
  4.6899251e+000
  4.7540490e+000
  4.7197308e+000
  4.8759621e+000
  4.6934914e+000
  4.6993458e+000
  4.7508278e+000
  4.7671287e+000
  4.8708209e+000
  4.6426768e+000
  4.7324050e+000
  4.6611596e+000
  4.7950448e+000
  4.7817868e+000
  4.7694182e+000
  4.7264813e+000
  4.6553995e+000
  4.7237580e+000
  4.7487941e+000
  4.8230379e+000
  4.8184004e+000
  4.7813575e+000
  4.7305362e+000
  4.6691410e+000
  4.7295396e+000
  4.6374979e+000
  4.8213386e+000
  4.7296104e+000
  4.8540870e+000
  4.7770995e+000
  4.7444860e+000
  4.8132726e+000
  4.6478786e+000
  4.7117969e+000
  4.6703182e+000
  4.6320328e+000
  4.7700321e+000
  4.7095065e+000
  4.7443073e+000
  4.8549478e+000
  4.7697473e+000
  4.7545718e+000
  4.8990974e+000
  4.8021905e+000
  4.7034758e+000
  4.7831181e+000
  4.7653707e+000
  4.6508510e+000
  4.6486931e+000
  4.7248881e+000
  4.7250433e+000
  4.6341942e+000
  4.6127976e+000
  4.7064775e+000
  4.7443929e+000
  4.7033199e+000
  4.6513577e+000
  4.6749113e+000
  4.7389628e+000
  4.7960677e+000
  4.7906416e+000
  4.7676183e+000
  4.7159287e+000
  4.6936979e+000
  4.7511904e+000
  4.8015102e+000
  4.8404308e+000
  4.8912666e+000
  4.8540850e+000
  4.8331213e+000
  4.8374835e+000
  4.8014421e+000
  4.7749794e+000
  4.7565272e+000
  4.7689719e+000
  4.7600756e+000
  4.7508876e+000
