  4.7350761e+002
  4.8780992e+002
  5.0168690e+002
  5.1776602e+002
  5.3840703e+002
  5.6485402e+002
  5.9674377e+002
  6.3214884e+002
  6.6815668e+002
  7.0180413e+002
  7.3106160e+002
  7.5553621e+002
  7.7664957e+002
  7.9721620e+002
  8.2054780e+002
  8.4936993e+002
  8.8490704e+002
  9.2644340e+002
  9.7151536e+002
  1.0166853e+003
  1.0586548e+003
  1.0953626e+003
  1.1267123e+003
  1.1546946e+003
  1.1828558e+003
  1.2152729e+003
  1.2553416e+003
  1.3047411e+003
  1.3628824e+003
  1.4270017e+003
  1.4928750e+003
  1.5559530e+003
  1.6125969e+003
  1.6610648e+003
  1.7019640e+003
  1.7380309e+003
  1.7732914e+003
  1.8118392e+003
  1.8565946e+003
  1.9084222e+003
  1.9658837e+003
  2.0257069e+003
  2.0838265e+003
  2.1366738e+003
  2.1823247e+003
  2.2211740e+003
  2.2559626e+003
  2.2911704e+003
  2.3319519e+003
  2.3828763e+003
  2.4467564e+003
  2.5238159e+003
  2.6113868e+003
  2.7042385e+003
  2.7955271e+003
  2.8782058e+003
  2.9465982e+003
  2.9977515e+003
  3.0322132e+003
  3.0540166e+003
  3.0698854e+003
  3.0878760e+003
  3.1158000e+003
  3.1597656e+003
  3.2230829e+003
  3.3056595e+003
  3.4039310e+003
  3.5113355e+003
  3.6193175e+003
  3.7187768e+003
  3.8017657e+003
  3.8631069e+003
  3.9015546e+003
  3.9201883e+003
  3.9259228e+003
  3.9282506e+003
  3.9375097e+003
  3.9630343e+003
  4.0114974e+003
  4.0856705e+003
  4.1837585e+003
  4.2994471e+003
  4.4227614e+003
  4.5417357e+003
  4.6446922e+003
  4.7226947e+003
  4.7715833e+003
  4.7930178e+003
  4.7941921e+003
  4.7862477e+003
  4.7817821e+003
  4.7920768e+003
  4.8247020e+003
  4.8820216e+003
  4.9608903e+003
  5.0535890e+003
  5.1498080e+003
  5.2392760e+003
  5.3144463e+003
  5.3725487e+003
  5.4163694e+003
  5.4533917e+003
  5.4933916e+003
  5.5451109e+003
  5.6130229e+003
  5.6952856e+003
  5.7836725e+003
  5.8656510e+003
  5.9280671e+003
  5.9613310e+003
  5.9627913e+003
  5.9381960e+003
  5.9007019e+003
  5.8676228e+003
  5.8557870e+003
  5.8768168e+003
  5.9337170e+003
  6.0198441e+003
  6.1206840e+003
  6.2180571e+003
  6.2955992e+003
  6.3438903e+003
  6.3635884e+003
  6.3654385e+003
  6.3669693e+003
  6.3867730e+003
  6.4381462e+003
  6.5242081e+003
  6.6362405e+003
  6.7559900e+003
  6.8613389e+003
  6.9335496e+003
  6.9636470e+003
  6.9556859e+003
  6.9256318e+003
  6.8960468e+003
  6.8882399e+003
  6.9144841e+003
  6.9729996e+003
  7.0475705e+003
  7.1121758e+003
  7.1393470e+003
  7.1096770e+003
  7.0194296e+003
  6.8837043e+003
  6.7339436e+003
  6.6103055e+003
  6.5510177e+003
  6.5817801e+003
  6.7082934e+003
  6.9140764e+003
  7.1641674e+003
  7.4136013e+003
  7.6182273e+003
  7.7449021e+003
  7.7784704e+003
  7.7240479e+003
  7.6045257e+003
  7.4544290e+003
  7.3119413e+003
