  4.5426219e+000
  4.3999665e+000
  4.3920063e+000
  4.3991899e+000
  4.5166947e+000
  4.5332038e+000
  4.4753919e+000
  4.3726187e+000
  4.4459452e+000
  4.5288762e+000
  4.5024133e+000
  4.3916340e+000
  4.4140262e+000
  4.4941240e+000
  4.4200720e+000
  4.3462890e+000
  4.4117637e+000
  4.4078517e+000
  4.2995062e+000
  4.3425345e+000
  4.4088838e+000
  4.2726821e+000
  4.3744546e+000
  4.3578817e+000
  4.2939983e+000
  4.4710205e+000
  4.3915101e+000
  4.4229920e+000
  4.4877428e+000
  4.3673207e+000
  4.5243823e+000
  4.3772558e+000
  4.3954345e+000
  4.3787064e+000
  4.2766771e+000
  4.3655044e+000
  4.2974043e+000
  4.4424317e+000
  4.4042109e+000
  4.5446158e+000
  4.3718972e+000
  4.4365772e+000
  4.2713263e+000
  4.3821897e+000
  4.3084975e+000
  4.4865392e+000
  4.3978386e+000
  4.5051350e+000
  4.3797386e+000
  4.3369023e+000
  4.3720862e+000
  4.3652775e+000
  4.4814788e+000
  4.3789439e+000
  4.3874267e+000
  4.3354876e+000
  4.3277149e+000
  4.5204698e+000
  4.3926216e+000
  4.3495915e+000
  4.3820165e+000
  4.3527524e+000
  4.4596000e+000
  4.4376939e+000
  4.2783010e+000
  4.4124605e+000
  4.4964852e+000
  4.3412307e+000
  4.3346088e+000
  4.4463555e+000
  4.4021606e+000
  4.3504274e+000
  4.4026033e+000
  4.4464704e+000
  4.3409814e+000
  4.3312869e+000
  4.4980321e+000
  4.4195172e+000
  4.2777597e+000
  4.4443430e+000
  4.5024300e+000
  4.3406354e+000
  4.3862687e+000
  4.3688424e+000
  4.3866469e+000
  4.5114150e+000
  4.3059426e+000
  4.3329482e+000
  4.4013610e+000
  4.4015004e+000
  4.4800303e+000
  4.3374106e+000
  4.3663447e+000
  4.3295710e+000
  4.3465982e+000
  4.4731235e+000
  4.4154857e+000
  4.4762568e+000
  4.2931944e+000
  4.3833908e+000
  4.2710066e+000
  4.4415945e+000
  4.3702348e+000
  4.5268904e+000
  4.3682713e+000
  4.4753626e+000
  4.2898279e+000
  4.3890282e+000
  4.2964292e+000
  4.3723655e+000
  4.3990710e+000
  4.3901475e+000
  4.4784569e+000
  4.4066668e+000
  4.4901639e+000
  4.4057788e+000
  4.3883750e+000
  4.4420231e+000
  4.2929045e+000
  4.3555501e+000
  4.3623975e+000
  4.2738134e+000
  4.3665988e+000
  4.3433886e+000
  4.2827138e+000
  4.4109647e+000
  4.4342058e+000
  4.3311013e+000
  4.4123873e+000
  4.5137688e+000
  4.4236692e+000
  4.3778912e+000
  4.4699718e+000
  4.4895051e+000
  4.4315190e+000
  4.4123224e+000
  4.4616519e+000
  4.5360005e+000
  4.4893926e+000
  4.4033019e+000
  4.3959689e+000
  4.4194327e+000
  4.4941461e+000
  4.4821948e+000
  4.4289032e+000
  4.4194763e+000
  4.3855614e+000
  4.4113965e+000
  4.4456518e+000
  4.4830987e+000
  4.4949072e+000
  4.5199682e+000
  4.4989408e+000
  4.4664676e+000
  4.4360919e+000
  4.4131945e+000
  4.3969134e+000
  4.3851293e+000
  4.3767090e+000
  4.3758711e+000
