  4.2990465e+000
  4.3034599e+000
  4.4468911e+000
  4.3479266e+000
  4.3643668e+000
  4.2868473e+000
  4.3863384e+000
  4.3793479e+000
  4.4048478e+000
  4.3316717e+000
  4.3508144e+000
  4.4461461e+000
  4.3947736e+000
  4.2968369e+000
  4.3737768e+000
  4.4384740e+000
  4.2811526e+000
  4.3292798e+000
  4.3995468e+000
  4.2954737e+000
  4.3004781e+000
  4.3204092e+000
  4.2279556e+000
  4.2317574e+000
  4.3131594e+000
  4.1979595e+000
  4.2827505e+000
  4.2942032e+000
  4.2542746e+000
  4.3905275e+000
  4.3169084e+000
  4.4055166e+000
  4.3579040e+000
  4.3332931e+000
  4.3360403e+000
  4.2246562e+000
  4.2958807e+000
  4.2071442e+000
  4.3530229e+000
  4.2519674e+000
  4.4042415e+000
  4.2990291e+000
  4.4076477e+000
  4.2693875e+000
  4.3305627e+000
  4.2112196e+000
  4.3091464e+000
  4.3468731e+000
  4.3671104e+000
  4.3751773e+000
  4.2517635e+000
  4.3212315e+000
  4.1941077e+000
  4.3714443e+000
  4.3632201e+000
  4.3002748e+000
  4.3274745e+000
  4.2072426e+000
  4.3335792e+000
  4.3942673e+000
  4.2801963e+000
  4.2838643e+000
  4.2765914e+000
  4.3087866e+000
  4.3974021e+000
  4.2782781e+000
  4.2059141e+000
  4.3937159e+000
  4.3782167e+000
  4.1865625e+000
  4.2757733e+000
  4.4666633e+000
  4.2816354e+000
  4.1927245e+000
  4.3787034e+000
  4.3772007e+000
  4.2115294e+000
  4.2903383e+000
  4.3994887e+000
  4.3092347e+000
  4.3043256e+000
  4.2745357e+000
  4.2673907e+000
  4.4037624e+000
  4.3363645e+000
  4.1923414e+000
  4.2920956e+000
  4.2944671e+000
  4.3595379e+000
  4.3729026e+000
  4.1987713e+000
  4.3127415e+000
  4.2321181e+000
  4.3714292e+000
  4.3620910e+000
  4.3110299e+000
  4.3103166e+000
  4.1987695e+000
  4.2962241e+000
  4.2439356e+000
  4.3898414e+000
  4.3005188e+000
  4.4190785e+000
  4.2564419e+000
  4.3289778e+000
  4.1972422e+000
  4.2870705e+000
  4.2476275e+000
  4.3234601e+000
  4.3359279e+000
  4.3434825e+000
  4.4112130e+000
  4.2837744e+000
  4.4017650e+000
  4.2557274e+000
  4.3034856e+000
  4.2924502e+000
  4.1980929e+000
  4.3040306e+000
  4.2349594e+000
  4.2298349e+000
  4.3332038e+000
  4.2599471e+000
  4.2838182e+000
  4.3755391e+000
  4.3194112e+000
  4.2989898e+000
  4.4058599e+000
  4.3888785e+000
  4.3094610e+000
  4.3820169e+000
  4.4066720e+000
  4.3434943e+000
  4.3061710e+000
  4.3728419e+000
  4.4336666e+000
  4.3589761e+000
  4.2954400e+000
  4.3267050e+000
  4.3815736e+000
  4.4244062e+000
  4.3267833e+000
  4.2782216e+000
  4.2820741e+000
  4.3243995e+000
  4.3756028e+000
  4.3897877e+000
  4.3902206e+000
  4.3463045e+000
  4.3034511e+000
  4.2910917e+000
  4.2887722e+000
  4.2961822e+000
  4.3430520e+000
  4.3737696e+000
  4.3842309e+000
  4.4024144e+000
  4.4097051e+000
  4.4130446e+000
  4.4143863e+000
