  4.2453454e+000
  4.1955292e+000
  4.1882101e+000
  4.1873704e+000
  4.3005550e+000
  4.2671233e+000
  4.2670593e+000
  4.1471003e+000
  4.2561631e+000
  4.3298060e+000
  4.2352973e+000
  4.1958748e+000
  4.2759898e+000
  4.3018001e+000
  4.2368707e+000
  4.2649829e+000
  4.2942639e+000
  4.3317311e+000
  4.2250507e+000
  4.3349341e+000
  4.2779949e+000
  4.1678502e+000
  4.3011804e+000
  4.2189753e+000
  4.1701127e+000
  4.2321986e+000
  4.1345860e+000
  4.1872732e+000
  4.1974516e+000
  4.1219826e+000
  4.2660711e+000
  4.1610008e+000
  4.3023103e+000
  4.2420997e+000
  4.2950396e+000
  4.2740868e+000
  4.2146171e+000
  4.2748868e+000
  4.1182076e+000
  4.2037983e+000
  4.1449625e+000
  4.2766136e+000
  4.2249667e+000
  4.3479088e+000
  4.2474817e+000
  4.2231798e+000
  4.1787906e+000
  4.1621919e+000
  4.2392499e+000
  4.1958293e+000
  4.3634216e+000
  4.2052816e+000
  4.2145263e+000
  4.1758525e+000
  4.1862056e+000
  4.3430253e+000
  4.2212227e+000
  4.2279967e+000
  4.2071466e+000
  4.1488519e+000
  4.3423166e+000
  4.2474811e+000
  4.1369756e+000
  4.2332052e+000
  4.2493920e+000
  4.2244028e+000
  4.2474952e+000
  4.1853020e+000
  4.1855285e+000
  4.2886800e+000
  4.2296096e+000
  4.1532629e+000
  4.2343947e+000
  4.2976201e+000
  4.1819014e+000
  4.1793751e+000
  4.2595647e+000
  4.2355774e+000
  4.2564420e+000
  4.2350879e+000
  4.1335239e+000
  4.2578549e+000
  4.3459685e+000
  4.1431456e+000
  4.1948906e+000
  4.1967294e+000
  4.2162275e+000
  4.3553682e+000
  4.1692852e+000
  4.1634369e+000
  4.2133329e+000
  4.2075107e+000
  4.3438786e+000
  4.1939176e+000
  4.2523322e+000
  4.1453708e+000
  4.1743902e+000
  4.2149324e+000
  4.2251317e+000
  4.3269609e+000
  4.2088209e+000
  4.2674750e+000
  4.1404113e+000
  4.1984971e+000
  4.1230050e+000
  4.2322353e+000
  4.2096412e+000
  4.3117526e+000
  4.2799999e+000
  4.2520070e+000
  4.2925088e+000
  4.1733241e+000
  4.2568773e+000
  4.1338184e+000
  4.1964998e+000
  4.1844771e+000
  4.1267592e+000
  4.2681393e+000
  4.1587013e+000
  4.2344123e+000
  4.2967389e+000
  4.1816200e+000
  4.2899060e+000
  4.3281663e+000
  4.2224331e+000
  4.2985917e+000
  4.3107328e+000
  4.2312029e+000
  4.2625813e+000
  4.3128567e+000
  4.2633349e+000
  4.1931574e+000
  4.2602302e+000
  4.3240483e+000
  4.2304287e+000
  4.1726521e+000
  4.2248582e+000
  4.2763894e+000
  4.2669784e+000
  4.1890969e+000
  4.1663113e+000
  4.2108595e+000
  4.2691637e+000
  4.2962855e+000
  4.2544350e+000
  4.1891634e+000
  4.1622760e+000
  4.1824625e+000
  4.2401850e+000
  4.2771441e+000
  4.3269192e+000
  4.2982328e+000
  4.2741406e+000
  4.2744176e+000
  4.2500005e+000
  4.2339572e+000
  4.2217739e+000
  4.2133238e+000
  4.2063777e+000
  4.2292361e+000
