  4.0510180e+000
  4.1201522e+000
  4.1786023e+000
  4.1887274e+000
  4.0709970e+000
  4.0442930e+000
  4.1498863e+000
  4.1487242e+000
  4.1159806e+000
  4.0655213e+000
  4.0903156e+000
  4.1722797e+000
  4.1326569e+000
  4.0671863e+000
  4.1684779e+000
  4.2469313e+000
  4.0914149e+000
  4.1952923e+000
  4.2263310e+000
  4.1450642e+000
  4.1596616e+000
  4.2445264e+000
  4.1544281e+000
  4.1967244e+000
  4.2251164e+000
  4.1037135e+000
  4.2322333e+000
  4.1262132e+000
  4.0825758e+000
  4.1223357e+000
  4.0270530e+000
  4.1264571e+000
  4.0572429e+000
  4.1464568e+000
  4.1471971e+000
  4.1807988e+000
  4.2154232e+000
  4.2106724e+000
  4.1525427e+000
  4.1197789e+000
  4.1382135e+000
  4.0588176e+000
  4.1044681e+000
  4.1346206e+000
  4.1822707e+000
  4.1946380e+000
  4.1595155e+000
  4.1805621e+000
  4.0210358e+000
  4.1406391e+000
  4.0965241e+000
  4.2239249e+000
  4.1879367e+000
  4.1045790e+000
  4.1666414e+000
  4.0425661e+000
  4.1720588e+000
  4.2149616e+000
  4.1164430e+000
  4.1435501e+000
  4.0781602e+000
  4.0868789e+000
  4.2701070e+000
  4.1347554e+000
  4.0425029e+000
  4.1820813e+000
  4.1886134e+000
  4.0949016e+000
  4.1435175e+000
  4.1663064e+000
  4.1357094e+000
  4.1215804e+000
  4.1324638e+000
  4.1657038e+000
  4.1238657e+000
  4.1052494e+000
  4.1929266e+000
  4.1830369e+000
  4.0560976e+000
  4.1328186e+000
  4.2429882e+000
  4.1043790e+000
  4.0972599e+000
  4.1531727e+000
  4.1239282e+000
  4.1959034e+000
  4.2016322e+000
  4.0502397e+000
  4.1496248e+000
  4.1020526e+000
  4.1793107e+000
  4.2170593e+000
  4.0876891e+000
  4.1376162e+000
  4.0288636e+000
  4.1724594e+000
  4.1671498e+000
  4.1980155e+000
  4.1805985e+000
  4.1321661e+000
  4.1128799e+000
  4.0679622e+000
  4.1360326e+000
  4.0962920e+000
  4.1763306e+000
  4.1739495e+000
  4.2246443e+000
  4.2068121e+000
  4.1541741e+000
  4.1548508e+000
  4.0581590e+000
  4.1493171e+000
  4.0275638e+000
  4.1528476e+000
  4.0915291e+000
  4.1115879e+000
  4.1818342e+000
  4.1159239e+000
  4.2155652e+000
  4.2100956e+000
  4.1330370e+000
  4.2359980e+000
  4.1782635e+000
  4.1539846e+000
  4.2558935e+000
  4.1680189e+000
  4.1053890e+000
  4.2206299e+000
  4.1838570e+000
  4.0810646e+000
  4.1346571e+000
  4.1989280e+000
  4.1154641e+000
  4.0569655e+000
  4.1118548e+000
  4.1570117e+000
  4.1198996e+000
  4.0462342e+000
  4.0573279e+000
  4.1410911e+000
  4.1549068e+000
  4.1299376e+000
  4.0696236e+000
  4.0567615e+000
  4.1139779e+000
  4.1660264e+000
  4.1832528e+000
  4.1561117e+000
  4.1356748e+000
  4.1055869e+000
  4.1041402e+000
  4.0828350e+000
  4.1191328e+000
  4.1371909e+000
  4.1491618e+000
  4.2069706e+000
  4.2229330e+000
  4.2346039e+000
  4.2356733e+000
  4.2846322e+000
