  4.0618292e+000
  4.0058452e+000
  3.9661701e+000
  4.0165243e+000
  4.0240563e+000
  4.0516489e+000
  3.9756461e+000
  3.9214564e+000
  4.0045928e+000
  4.0622247e+000
  4.0109943e+000
  3.9393447e+000
  4.0197910e+000
  4.0765907e+000
  4.0028963e+000
  4.0175768e+000
  4.0758548e+000
  4.0329999e+000
  3.9711486e+000
  4.1056112e+000
  4.0714447e+000
  4.0186856e+000
  4.1518095e+000
  4.0905963e+000
  4.0851090e+000
  4.1845669e+000
  4.0964560e+000
  4.1456725e+000
  4.0643848e+000
  4.0340584e+000
  4.1162255e+000
  3.9559475e+000
  4.0783553e+000
  3.9513193e+000
  4.0516135e+000
  4.0128883e+000
  4.0768322e+000
  4.1131370e+000
  4.0753200e+000
  4.1465634e+000
  4.0991578e+000
  4.0551540e+000
  3.9975109e+000
  3.9780058e+000
  4.0323311e+000
  3.9988794e+000
  4.1563105e+000
  4.0582144e+000
  4.1344352e+000
  3.9991356e+000
  4.0361817e+000
  4.0095760e+000
  4.0222538e+000
  4.1492573e+000
  4.0627746e+000
  4.0753368e+000
  4.0096367e+000
  3.9667249e+000
  4.1348549e+000
  4.0762825e+000
  4.0259271e+000
  4.0484271e+000
  4.0197341e+000
  4.0894342e+000
  4.1553611e+000
  3.9923620e+000
  3.9721693e+000
  4.1450761e+000
  4.1432350e+000
  3.9636212e+000
  4.0426513e+000
  4.1588767e+000
  4.0328616e+000
  3.9610564e+000
  4.1181944e+000
  4.1616722e+000
  3.9524960e+000
  3.9855938e+000
  4.1708937e+000
  4.0750919e+000
  3.9903119e+000
  4.0510701e+000
  4.0296735e+000
  4.0841071e+000
  4.1655686e+000
  3.9850390e+000
  4.0376321e+000
  4.0541487e+000
  4.0358576e+000
  4.1530097e+000
  4.0173108e+000
  4.0124281e+000
  4.0434631e+000
  3.9963258e+000
  4.1464190e+000
  4.0485294e+000
  4.1639985e+000
  4.0108604e+000
  4.0420780e+000
  3.9876632e+000
  4.0232452e+000
  4.0891012e+000
  4.1095480e+000
  4.1339333e+000
  4.0994442e+000
  4.0983919e+000
  4.0815906e+000
  3.9909294e+000
  4.0469699e+000
  3.9401947e+000
  4.0643701e+000
  3.9706109e+000
  4.1020927e+000
  4.0627274e+000
  4.0851776e+000
  4.1476230e+000
  4.0556105e+000
  4.1544557e+000
  4.0897067e+000
  4.0878609e+000
  4.1222436e+000
  4.0284114e+000
  4.0682804e+000
  4.1081135e+000
  4.0021798e+000
  4.0318196e+000
  4.0908743e+000
  4.0013128e+000
  3.9864706e+000
  4.0841752e+000
  4.0317170e+000
  3.9550852e+000
  4.0032930e+000
  4.0503179e+000
  4.0015261e+000
  3.9383016e+000
  3.9908636e+000
  4.0544482e+000
  4.0258713e+000
  3.9753943e+000
  3.9568159e+000
  4.0137825e+000
  4.0587902e+000
  4.0553021e+000
  4.0350348e+000
  3.9822929e+000
  3.9620009e+000
  3.9742165e+000
  4.0139524e+000
  4.0775574e+000
  4.1052461e+000
  4.0990590e+000
  4.1160497e+000
  4.0710611e+000
  4.0477041e+000
  4.0504385e+000
  4.0496374e+000
  4.0457100e+000
  4.0442972e+000
  4.0577103e+000
