  3.8092074e+000
  3.7412794e+000
  3.6764137e+000
  3.7816463e+000
  3.8072632e+000
  3.7942228e+000
  3.7567967e+000
  3.6946050e+000
  3.8113213e+000
  3.8562190e+000
  3.7746286e+000
  3.7618205e+000
  3.8391342e+000
  3.8481490e+000
  3.7624274e+000
  3.7874190e+000
  3.8655860e+000
  3.7443740e+000
  3.7185454e+000
  3.8692303e+000
  3.7452089e+000
  3.7273739e+000
  3.8607827e+000
  3.6671266e+000
  3.8002253e+000
  3.7767493e+000
  3.6946982e+000
  3.7791889e+000
  3.6420807e+000
  3.7137634e+000
  3.7050301e+000
  3.6874795e+000
  3.7083591e+000
  3.6392593e+000
  3.7667758e+000
  3.6711308e+000
  3.8279591e+000
  3.7149778e+000
  3.8607917e+000
  3.7332248e+000
  3.8022007e+000
  3.6956452e+000
  3.7562993e+000
  3.6525284e+000
  3.7180837e+000
  3.6937147e+000
  3.7572524e+000
  3.7829551e+000
  3.7729699e+000
  3.8172053e+000
  3.6592827e+000
  3.7165600e+000
  3.6806528e+000
  3.7203631e+000
  3.8480784e+000
  3.7412402e+000
  3.7554000e+000
  3.7040642e+000
  3.6510674e+000
  3.7681637e+000
  3.8249910e+000
  3.6943495e+000
  3.7552621e+000
  3.7105795e+000
  3.6941900e+000
  3.8185535e+000
  3.7860139e+000
  3.6467414e+000
  3.7193055e+000
  3.8518084e+000
  3.7209793e+000
  3.6378251e+000
  3.7600012e+000
  3.8295813e+000
  3.7173701e+000
  3.6597393e+000
  3.7731141e+000
  3.8148281e+000
  3.7090388e+000
  3.7240171e+000
  3.7238130e+000
  3.7086521e+000
  3.7983239e+000
  3.7983322e+000
  3.6481127e+000
  3.7338517e+000
  3.7554616e+000
  3.7466244e+000
  3.8410665e+000
  3.7125433e+000
  3.7006246e+000
  3.7175251e+000
  3.6602299e+000
  3.7981464e+000
  3.7663457e+000
  3.7771633e+000
  3.7710948e+000
  3.6971052e+000
  3.7361751e+000
  3.6399277e+000
  3.7776193e+000
  3.6848114e+000
  3.8376313e+000
  3.7491426e+000
  3.8539308e+000
  3.7169849e+000
  3.8218925e+000
  3.6940614e+000
  3.7787595e+000
  3.6681748e+000
  3.7207710e+000
  3.6739382e+000
  3.6929959e+000
  3.7408705e+000
  3.6548348e+000
  3.7511406e+000
  3.6894173e+000
  3.7730022e+000
  3.7678732e+000
  3.6978418e+000
  3.8347534e+000
  3.7595152e+000
  3.7465600e+000
  3.8513752e+000
  3.7524651e+000
  3.7635278e+000
  3.8560590e+000
  3.7746131e+000
  3.7316871e+000
  3.8217470e+000
  3.8294159e+000
  3.7509657e+000
  3.7764438e+000
  3.8272206e+000
  3.7787318e+000
  3.7246299e+000
  3.7665738e+000
  3.8148620e+000
  3.8005692e+000
  3.7447372e+000
  3.6996087e+000
  3.7331192e+000
  3.7727033e+000
  3.7718158e+000
  3.7317617e+000
  3.6920547e+000
  3.6577220e+000
  3.6545351e+000
  3.6844278e+000
  3.7267993e+000
  3.7401805e+000
  3.7365572e+000
  3.7160656e+000
  3.7260805e+000
  3.6947749e+000
  3.6987665e+000
  3.6890721e+000
  3.6878744e+000
  3.7036437e+000
  3.7289661e+000
