  3.6812549e+000
  3.5472775e+000
  3.6007689e+000
  3.6282787e+000
  3.6276047e+000
  3.7085519e+000
  3.5815280e+000
  3.5763051e+000
  3.6839474e+000
  3.6453411e+000
  3.6298114e+000
  3.5794545e+000
  3.6159480e+000
  3.6223179e+000
  3.5637848e+000
  3.5870388e+000
  3.6361058e+000
  3.5440972e+000
  3.5799129e+000
  3.6529527e+000
  3.5299641e+000
  3.6251445e+000
  3.6221496e+000
  3.5521447e+000
  3.6790428e+000
  3.6092332e+000
  3.5771281e+000
  3.7217718e+000
  3.5497338e+000
  3.6780548e+000
  3.6302927e+000
  3.6430252e+000
  3.6327311e+000
  3.5928349e+000
  3.6410476e+000
  3.5429586e+000
  3.6210214e+000
  3.5021394e+000
  3.5852165e+000
  3.4904607e+000
  3.5806483e+000
  3.5635594e+000
  3.6313088e+000
  3.6439146e+000
  3.6023218e+000
  3.6441384e+000
  3.5288642e+000
  3.6085629e+000
  3.4898748e+000
  3.5931256e+000
  3.5619487e+000
  3.6031562e+000
  3.6985015e+000
  3.5805999e+000
  3.5749999e+000
  3.5424099e+000
  3.5143396e+000
  3.6578061e+000
  3.6556573e+000
  3.5638735e+000
  3.6207459e+000
  3.5178878e+000
  3.5662972e+000
  3.6619981e+000
  3.6318049e+000
  3.4917644e+000
  3.5603737e+000
  3.6273029e+000
  3.5809953e+000
  3.5608286e+000
  3.5655213e+000
  3.6340345e+000
  3.5844622e+000
  3.5428219e+000
  3.5984047e+000
  3.6465671e+000
  3.5659721e+000
  3.4958300e+000
  3.6046609e+000
  3.6742587e+000
  3.5473881e+000
  3.5164942e+000
  3.5945611e+000
  3.5741521e+000
  3.6119459e+000
  3.6578460e+000
  3.5012205e+000
  3.5230671e+000
  3.5962463e+000
  3.5482601e+000
  3.6949932e+000
  3.6081534e+000
  3.5926452e+000
  3.5697841e+000
  3.4852229e+000
  3.5852649e+000
  3.5560336e+000
  3.6430567e+000
  3.6338422e+000
  3.6402017e+000
  3.6246445e+000
  3.5430541e+000
  3.6121795e+000
  3.5032225e+000
  3.5720364e+000
  3.4967460e+000
  3.5951280e+000
  3.5291289e+000
  3.6024244e+000
  3.5819288e+000
  3.6178013e+000
  3.6709085e+000
  3.5966157e+000
  3.6828938e+000
  3.5733839e+000
  3.6947749e+000
  3.5889723e+000
  3.6156194e+000
  3.6586802e+000
  3.5535214e+000
  3.6307587e+000
  3.6291674e+000
  3.5429876e+000
  3.6241916e+000
  3.5862065e+000
  3.5498806e+000
  3.6344413e+000
  3.6027626e+000
  3.5425930e+000
  3.6015323e+000
  3.6287725e+000
  3.5582505e+000
  3.5834346e+000
  3.6367528e+000
  3.6711258e+000
  3.5849325e+000
  3.5870265e+000
  3.6583663e+000
  3.6949170e+000
  3.6202754e+000
  3.5682856e+000
  3.6016073e+000
  3.6583529e+000
  3.6585541e+000
  3.6470149e+000
  3.5742121e+000
  3.5259812e+000
  3.5329605e+000
  3.5553309e+000
  3.5612826e+000
  3.5847641e+000
  3.5909698e+000
  3.5837879e+000
  3.5547035e+000
  3.5586151e+000
  3.5402787e+000
  3.5185145e+000
  3.5321607e+000
  3.5388349e+000
  3.5844596e+000
