  3.2017506e+000
  3.2385965e+000
  3.2236174e+000
  3.1738212e+000
  3.1352697e+000
  3.1753394e+000
  3.2475203e+000
  3.2229625e+000
  3.1918002e+000
  3.2043468e+000
  3.2956522e+000
  3.2997415e+000
  3.1981374e+000
  3.2429799e+000
  3.3018629e+000
  3.2476979e+000
  3.2591575e+000
  3.3199180e+000
  3.2539440e+000
  3.2518580e+000
  3.3356861e+000
  3.2205596e+000
  3.3044975e+000
  3.2812660e+000
  3.2099434e+000
  3.3613556e+000
  3.2071484e+000
  3.2869806e+000
  3.3116267e+000
  3.2499467e+000
  3.2948119e+000
  3.2318025e+000
  3.3092026e+000
  3.2176032e+000
  3.3059420e+000
  3.2215912e+000
  3.2540754e+000
  3.1822134e+000
  3.2379648e+000
  3.1356388e+000
  3.2174493e+000
  3.1346577e+000
  3.2367793e+000
  3.1697699e+000
  3.2310069e+000
  3.2323211e+000
  3.2613181e+000
  3.2809140e+000
  3.2328834e+000
  3.2995063e+000
  3.1720682e+000
  3.1828973e+000
  3.2292891e+000
  3.1772836e+000
  3.3129182e+000
  3.2586715e+000
  3.2374998e+000
  3.2476879e+000
  3.1683788e+000
  3.1372437e+000
  3.2856421e+000
  3.2874167e+000
  3.2077334e+000
  3.2261399e+000
  3.2093494e+000
  3.1701346e+000
  3.2353711e+000
  3.2965874e+000
  3.2016845e+000
  3.1315387e+000
  3.2351462e+000
  3.3251253e+000
  3.2341607e+000
  3.1499859e+000
  3.1883841e+000
  3.3395222e+000
  3.2554324e+000
  3.1752645e+000
  3.2191594e+000
  3.2153077e+000
  3.2045470e+000
  3.2668621e+000
  3.2824159e+000
  3.1390711e+000
  3.1754722e+000
  3.2640241e+000
  3.2177933e+000
  3.2979335e+000
  3.2552033e+000
  3.1655504e+000
  3.2093264e+000
  3.1773291e+000
  3.1723238e+000
  3.2839656e+000
  3.2188147e+000
  3.2934142e+000
  3.2538238e+000
  3.2347776e+000
  3.2631181e+000
  3.1596792e+000
  3.2296696e+000
  3.1383105e+000
  3.2423037e+000
  3.1524792e+000
  3.2581689e+000
  3.1804227e+000
  3.2935846e+000
  3.2075676e+000
  3.2838041e+000
  3.2307845e+000
  3.3140509e+000
  3.2269969e+000
  3.3160703e+000
  3.2270373e+000
  3.3075157e+000
  3.2641803e+000
  3.2247165e+000
  3.2855453e+000
  3.2351114e+000
  3.2908722e+000
  3.2776086e+000
  3.2024103e+000
  3.3124561e+000
  3.2604426e+000
  3.2359832e+000
  3.3267743e+000
  3.2611001e+000
  3.2308587e+000
  3.3325376e+000
  3.2951520e+000
  3.2199188e+000
  3.2521573e+000
  3.3009214e+000
  3.2037695e+000
  3.1867849e+000
  3.2198340e+000
  3.2405815e+000
  3.1677462e+000
  3.1355518e+000
  3.1732829e+000
  3.2007042e+000
  3.2059528e+000
  3.1886099e+000
  3.1674166e+000
  3.2195857e+000
  3.2726435e+000
  3.2958436e+000
  3.3224094e+000
  3.2831769e+000
  3.2497893e+000
  3.1980027e+000
  3.1791591e+000
  3.1693483e+000
  3.1576415e+000
  3.1649959e+000
  3.1881932e+000
  3.2128783e+000
  3.2556776e+000
  3.2428478e+000
  3.3117365e+000
