  3.1677135e+000
  3.0943655e+000
  3.0553512e+000
  3.1368769e+000
  3.1772154e+000
  3.1564682e+000
  3.0896431e+000
  3.1500642e+000
  3.2416660e+000
  3.1897863e+000
  3.1608155e+000
  3.2279861e+000
  3.2269274e+000
  3.1912296e+000
  3.1362873e+000
  3.2428641e+000
  3.2210348e+000
  3.1314236e+000
  3.2322379e+000
  3.1601152e+000
  3.1420025e+000
  3.1887322e+000
  3.1443851e+000
  3.1332343e+000
  3.1980649e+000
  3.1216706e+000
  3.1615760e+000
  3.1393507e+000
  3.1848332e+000
  3.1823212e+000
  3.1219725e+000
  3.2232622e+000
  3.1247561e+000
  3.2070724e+000
  3.1506089e+000
  3.2313960e+000
  3.1283347e+000
  3.2492599e+000
  3.1465237e+000
  3.2115317e+000
  3.1364122e+000
  3.2018423e+000
  3.1160590e+000
  3.1414066e+000
  3.0899209e+000
  3.1198126e+000
  3.1495725e+000
  3.1033479e+000
  3.2463598e+000
  3.1674427e+000
  3.1805469e+000
  3.2094236e+000
  3.1317786e+000
  3.1500034e+000
  3.1133881e+000
  3.0917133e+000
  3.2457968e+000
  3.1686642e+000
  3.1481608e+000
  3.2165122e+000
  3.1066723e+000
  3.0866686e+000
  3.1901928e+000
  3.2048909e+000
  3.1233938e+000
  3.1298527e+000
  3.1479389e+000
  3.1432771e+000
  3.1684832e+000
  3.2035078e+000
  3.1695220e+000
  3.1196835e+000
  3.1513107e+000
  3.1901642e+000
  3.1528354e+000
  3.1682151e+000
  3.1549296e+000
  3.1367838e+000
  3.1515048e+000
  3.2049481e+000
  3.2127015e+000
  3.0838679e+000
  3.0982396e+000
  3.1689066e+000
  3.1898179e+000
  3.1919842e+000
  3.2204127e+000
  3.0986662e+000
  3.0897101e+000
  3.1655711e+000
  3.1093185e+000
  3.1997102e+000
  3.1978366e+000
  3.1823777e+000
  3.2375765e+000
  3.1167069e+000
  3.1497744e+000
  3.1060977e+000
  3.0980582e+000
  3.1458612e+000
  3.0953120e+000
  3.1918484e+000
  3.1387151e+000
  3.2279615e+000
  3.1605924e+000
  3.2352065e+000
  3.1636092e+000
  3.2382201e+000
  3.1474405e+000
  3.2366663e+000
  3.1454045e+000
  3.2339129e+000
  3.1446022e+000
  3.2004206e+000
  3.1820766e+000
  3.1145584e+000
  3.1702560e+000
  3.0981346e+000
  3.2038782e+000
  3.1473520e+000
  3.1171766e+000
  3.1668382e+000
  3.1232369e+000
  3.1787369e+000
  3.2182347e+000
  3.1520052e+000
  3.1812156e+000
  3.2101049e+000
  3.1706100e+000
  3.1959190e+000
  3.2618422e+000
  3.1734712e+000
  3.1683284e+000
  3.2205985e+000
  3.2293587e+000
  3.1379099e+000
  3.1141360e+000
  3.1368203e+000
  3.1748557e+000
  3.1289935e+000
  3.0667326e+000
  3.0799324e+000
  3.1234998e+000
  3.1697406e+000
  3.1905169e+000
  3.1606227e+000
  3.1337289e+000
  3.1521349e+000
  3.2001850e+000
  3.2149220e+000
  3.2134450e+000
  3.2160778e+000
  3.1767072e+000
  3.1369734e+000
  3.0950746e+000
  3.0832475e+000
  3.0733656e+000
  3.0908128e+000
  3.0904408e+000
  3.1293527e+000
