  3.0777369e+000
  3.0863698e+000
  3.0693865e+000
  3.0786388e+000
  3.0198077e+000
  3.1048782e+000
  3.1081114e+000
  3.1777207e+000
  3.0938823e+000
  3.0971559e+000
  3.1733701e+000
  3.1509703e+000
  3.0773332e+000
  3.1319014e+000
  3.1019267e+000
  3.0800568e+000
  3.0891081e+000
  3.1014831e+000
  3.0378516e+000
  3.0515345e+000
  3.0858076e+000
  2.9957657e+000
  3.0756974e+000
  3.0390666e+000
  3.0227780e+000
  3.0659102e+000
  2.9974597e+000
  3.0869639e+000
  3.0539250e+000
  3.0360132e+000
  3.0662190e+000
  3.0330153e+000
  3.0826451e+000
  3.0044474e+000
  3.1195396e+000
  3.0206997e+000
  3.1157356e+000
  3.0660599e+000
  3.1536907e+000
  3.0645203e+000
  3.1893842e+000
  3.1051450e+000
  3.1589849e+000
  3.0907661e+000
  3.0986493e+000
  3.1161376e+000
  3.0214547e+000
  3.0854334e+000
  3.0178587e+000
  3.0582389e+000
  3.0857866e+000
  3.0951183e+000
  3.1956647e+000
  3.0685195e+000
  3.0672160e+000
  3.0960016e+000
  3.0229742e+000
  3.0386819e+000
  3.1439277e+000
  3.1301179e+000
  3.0735324e+000
  3.1231981e+000
  3.0343393e+000
  3.0175282e+000
  3.1455169e+000
  3.1716742e+000
  3.0540682e+000
  3.0315284e+000
  3.1153653e+000
  3.1527207e+000
  3.1041270e+000
  3.0364251e+000
  3.0851970e+000
  3.1352569e+000
  3.1010732e+000
  3.0344255e+000
  3.0523723e+000
  3.1602934e+000
  3.1623282e+000
  3.0136919e+000
  3.0379703e+000
  3.1262565e+000
  3.0885711e+000
  3.0904990e+000
  3.1865408e+000
  3.0419053e+000
  3.0003599e+000
  3.0728359e+000
  3.0673370e+000
  3.1186908e+000
  3.1940861e+000
  3.0850016e+000
  3.1013199e+000
  3.0979792e+000
  3.0160000e+000
  3.0914616e+000
  3.0152393e+000
  3.1044294e+000
  3.0754336e+000
  3.1040169e+000
  3.1578928e+000
  3.0981419e+000
  3.1734579e+000
  3.0806680e+000
  3.1606965e+000
  3.0380275e+000
  3.1272644e+000
  3.0417938e+000
  3.1312453e+000
  3.0174059e+000
  3.1117017e+000
  3.0302177e+000
  3.0677764e+000
  3.0592126e+000
  3.0408794e+000
  3.0603450e+000
  3.0087034e+000
  3.1006208e+000
  3.0208424e+000
  3.0497761e+000
  3.0650790e+000
  2.9968184e+000
  3.0902204e+000
  3.0622717e+000
  3.0293217e+000
  3.1272195e+000
  3.0667817e+000
  3.0401426e+000
  3.1287146e+000
  3.1173338e+000
  3.0730818e+000
  3.1164781e+000
  3.1762174e+000
  3.1206120e+000
  3.0940374e+000
  3.1457155e+000
  3.1618199e+000
  3.0829039e+000
  3.0500613e+000
  3.0598605e+000
  3.1104349e+000
  3.0960786e+000
  3.0270020e+000
  3.0121510e+000
  3.0475685e+000
  3.0832027e+000
  3.1407818e+000
  3.1503165e+000
  3.1609669e+000
  3.1093875e+000
  3.0851797e+000
  3.0683368e+000
  3.0524139e+000
  3.0633918e+000
  3.0550277e+000
  3.0616226e+000
  3.0633595e+000
  3.0733407e+000
  3.1118767e+000
  3.1240471e+000
