  2.9236695e+000
  2.9843044e+000
  2.9623255e+000
  2.9526064e+000
  2.9299299e+000
  3.0446155e+000
  3.0284412e+000
  3.0106886e+000
  2.9052311e+000
  2.9489811e+000
  2.9523309e+000
  2.9297258e+000
  2.8925094e+000
  2.9340654e+000
  2.9319094e+000
  2.8635307e+000
  2.9302795e+000
  2.9733341e+000
  2.8778901e+000
  2.9519184e+000
  3.0071699e+000
  2.8989382e+000
  2.9857156e+000
  2.9660370e+000
  2.9450216e+000
  2.9761747e+000
  2.9600390e+000
  3.0030898e+000
  2.9520971e+000
  2.9836062e+000
  2.9521960e+000
  2.9747423e+000
  2.9692563e+000
  2.9616495e+000
  3.0009167e+000
  2.9203141e+000
  2.9901011e+000
  2.9298320e+000
  2.9562952e+000
  2.9186046e+000
  2.9289555e+000
  2.9222504e+000
  2.8914377e+000
  2.9610875e+000
  2.9235713e+000
  2.9777972e+000
  2.9393311e+000
  3.0188263e+000
  3.0044360e+000
  2.9621276e+000
  3.0123455e+000
  2.9058874e+000
  2.9081702e+000
  2.9497083e+000
  2.9091146e+000
  3.0001940e+000
  2.9900621e+000
  2.9312985e+000
  3.0146034e+000
  2.9557948e+000
  2.8694007e+000
  2.9555703e+000
  3.0416200e+000
  2.9684501e+000
  2.9599875e+000
  2.9491019e+000
  2.9391982e+000
  2.9216230e+000
  2.9609778e+000
  3.0010774e+000
  2.9505841e+000
  2.8811193e+000
  2.9620474e+000
  2.9978544e+000
  2.9718999e+000
  2.9106843e+000
  2.9361670e+000
  2.9510786e+000
  2.9446664e+000
  2.9642773e+000
  3.0112191e+000
  2.9247122e+000
  2.8662199e+000
  2.9701708e+000
  2.9846039e+000
  2.9450275e+000
  3.0141153e+000
  3.0012047e+000
  2.8835421e+000
  2.9335200e+000
  2.9060309e+000
  2.9128167e+000
  3.0005014e+000
  2.9560019e+000
  2.9783625e+000
  3.0207869e+000
  2.9464902e+000
  3.0030554e+000
  2.8970659e+000
  2.9479267e+000
  2.9116104e+000
  2.9224926e+000
  2.9179995e+000
  2.9115124e+000
  2.9641093e+000
  2.9100041e+000
  2.9904250e+000
  2.9224679e+000
  2.9785302e+000
  2.9358968e+000
  2.9933443e+000
  2.9607675e+000
  2.9899719e+000
  2.9773507e+000
  2.9319418e+000
  3.0210187e+000
  2.9399917e+000
  3.0049150e+000
  2.9539856e+000
  2.9693435e+000
  2.9887658e+000
  2.9300231e+000
  2.9701086e+000
  2.9473424e+000
  2.8956891e+000
  2.9605492e+000
  2.9278841e+000
  2.8716592e+000
  2.9227522e+000
  2.9229264e+000
  2.8775037e+000
  2.9458826e+000
  2.9766134e+000
  2.9448050e+000
  2.9251059e+000
  2.9937138e+000
  3.0442035e+000
  3.0052399e+000
  2.9561818e+000
  2.9655010e+000
  2.9985381e+000
  2.9664650e+000
  2.9257911e+000
  2.8878725e+000
  2.8661943e+000
  2.9260819e+000
  2.9810194e+000
  3.0103428e+000
  2.9995199e+000
  2.9702763e+000
  2.9684279e+000
  2.9336245e+000
  2.9365432e+000
  2.9384971e+000
  2.9449699e+000
  2.9319062e+000
  2.9290196e+000
  2.9365646e+000
  2.9452152e+000
  3.0122955e+000
