  2.8305080e+000
  2.7131458e+000
  2.7926903e+000
  2.6833392e+000
  2.6635940e+000
  2.6446199e+000
  2.6972605e+000
  2.6754887e+000
  2.6621670e+000
  2.7124284e+000
  2.7629112e+000
  2.7081000e+000
  2.7143452e+000
  2.7696713e+000
  2.7622397e+000
  2.6798225e+000
  2.7560021e+000
  2.6917095e+000
  2.6246700e+000
  2.7118335e+000
  2.6526858e+000
  2.6713481e+000
  2.7062341e+000
  2.6207696e+000
  2.6989742e+000
  2.6568634e+000
  2.6625286e+000
  2.7028226e+000
  2.6425560e+000
  2.7199372e+000
  2.6661949e+000
  2.7346549e+000
  2.6323885e+000
  2.7315102e+000
  2.6548090e+000
  2.7153079e+000
  2.6330934e+000
  2.7266230e+000
  2.6435791e+000
  2.6938124e+000
  2.6323348e+000
  2.7079862e+000
  2.6303876e+000
  2.6930737e+000
  2.6842199e+000
  2.6654326e+000
  2.7084408e+000
  2.6946924e+000
  2.7401505e+000
  2.7356523e+000
  2.7325548e+000
  2.7237011e+000
  2.6581259e+000
  2.6825895e+000
  2.6797738e+000
  2.6386500e+000
  2.6658749e+000
  2.7574742e+000
  2.7073096e+000
  2.7161046e+000
  2.7419415e+000
  2.6698214e+000
  2.6303375e+000
  2.6942647e+000
  2.7474353e+000
  2.7105841e+000
  2.6872155e+000
  2.7072198e+000
  2.6884920e+000
  2.6861162e+000
  2.7225629e+000
  2.7273196e+000
  2.7167791e+000
  2.6954519e+000
  2.7136475e+000
  2.6924552e+000
  2.6878060e+000
  2.7119085e+000
  2.7685441e+000
  2.7073522e+000
  2.6202513e+000
  2.6540140e+000
  2.7628087e+000
  2.7345426e+000
  2.7209939e+000
  2.7531881e+000
  2.6929601e+000
  2.6297011e+000
  2.7011534e+000
  2.6895229e+000
  2.6821057e+000
  2.7699442e+000
  2.7224278e+000
  2.7193536e+000
  2.7633059e+000
  2.6953979e+000
  2.7238933e+000
  2.6799063e+000
  2.6707184e+000
  2.6816400e+000
  2.6228339e+000
  2.7018841e+000
  2.6256764e+000
  2.7213889e+000
  2.6278341e+000
  2.6870951e+000
  2.6588127e+000
  2.6968806e+000
  2.6561796e+000
  2.6804261e+000
  2.6558893e+000
  2.7104698e+000
  2.6467154e+000
  2.7238863e+000
  2.6380257e+000
  2.7088143e+000
  2.6541640e+000
  2.6680413e+000
  2.6880623e+000
  2.6216856e+000
  2.6891202e+000
  2.6411476e+000
  2.6624672e+000
  2.7387422e+000
  2.6495224e+000
  2.7222966e+000
  2.7281159e+000
  2.7020865e+000
  2.7284826e+000
  2.7809583e+000
  2.7200866e+000
  2.7176470e+000
  2.7592370e+000
  2.6796476e+000
  2.6314212e+000
  2.6620038e+000
  2.7147751e+000
  2.7055224e+000
  2.6506609e+000
  2.6911383e+000
  2.7275363e+000
  2.7531756e+000
  2.7599312e+000
  2.6923970e+000
  2.6695801e+000
  2.6882400e+000
  2.7069826e+000
  2.7019409e+000
  2.6668982e+000
  2.6713483e+000
  2.6960093e+000
  2.6981011e+000
  2.7069809e+000
  2.7242082e+000
  2.7075047e+000
  2.6899559e+000
  2.6875297e+000
  2.6960252e+000
  2.7193622e+000
  2.7349356e+000
