  2.7338163e+000
  2.5913958e+000
  2.6465421e+000
  2.6258990e+000
  2.6366583e+000
  2.5617602e+000
  2.5884071e+000
  2.6452245e+000
  2.7073817e+000
  2.6413325e+000
  2.6560664e+000
  2.6931397e+000
  2.6528340e+000
  2.6529671e+000
  2.6515396e+000
  2.6484671e+000
  2.5745596e+000
  2.5973174e+000
  2.6169861e+000
  2.5620701e+000
  2.6285152e+000
  2.6302569e+000
  2.5906789e+000
  2.6620302e+000
  2.5993619e+000
  2.6669843e+000
  2.6686382e+000
  2.6178589e+000
  2.7135602e+000
  2.6100731e+000
  2.7415609e+000
  2.6354231e+000
  2.6641471e+000
  2.6545233e+000
  2.6881435e+000
  2.6322213e+000
  2.6699125e+000
  2.6535519e+000
  2.6915520e+000
  2.6083238e+000
  2.7097143e+000
  2.6118292e+000
  2.6714993e+000
  2.6121438e+000
  2.6175877e+000
  2.6281598e+000
  2.5712687e+000
  2.6404029e+000
  2.5770261e+000
  2.6207477e+000
  2.7076635e+000
  2.6111815e+000
  2.7190157e+000
  2.7253230e+000
  2.5978884e+000
  2.6535505e+000
  2.6284005e+000
  2.5784010e+000
  2.6150544e+000
  2.6687642e+000
  2.6393190e+000
  2.6829089e+000
  2.7149240e+000
  2.6155243e+000
  2.5601757e+000
  2.6239001e+000
  2.7087688e+000
  2.6949094e+000
  2.6096918e+000
  2.6054023e+000
  2.6765172e+000
  2.6886802e+000
  2.6561543e+000
  2.5959795e+000
  2.5919662e+000
  2.6559196e+000
  2.7008921e+000
  2.6440075e+000
  2.5671077e+000
  2.6219055e+000
  2.6788542e+000
  2.6353858e+000
  2.6469428e+000
  2.6776909e+000
  2.6217731e+000
  2.5744179e+000
  2.6353529e+000
  2.6280728e+000
  2.6140418e+000
  2.7126491e+000
  2.7052273e+000
  2.6384882e+000
  2.7039031e+000
  2.6203207e+000
  2.6045230e+000
  2.6607064e+000
  2.5699456e+000
  2.6405911e+000
  2.5953049e+000
  2.6032472e+000
  2.6633989e+000
  2.6030387e+000
  2.6626392e+000
  2.6331665e+000
  2.6763992e+000
  2.6332724e+000
  2.7175772e+000
  2.6310818e+000
  2.7035338e+000
  2.6353241e+000
  2.7201199e+000
  2.6276762e+000
  2.7119235e+000
  2.6321084e+000
  2.6974779e+000
  2.6383506e+000
  2.6653108e+000
  2.6635144e+000
  2.6174679e+000
  2.6548928e+000
  2.5854091e+000
  2.6265175e+000
  2.6184893e+000
  2.5768873e+000
  2.6293905e+000
  2.6261652e+000
  2.5805433e+000
  2.6903714e+000
  2.6397232e+000
  2.6321449e+000
  2.7277380e+000
  2.7168680e+000
  2.6418450e+000
  2.6563878e+000
  2.6848006e+000
  2.6302294e+000
  2.5755922e+000
  2.5752822e+000
  2.6286259e+000
  2.6494258e+000
  2.6078021e+000
  2.6303335e+000
  2.6810619e+000
  2.7152917e+000
  2.6770235e+000
  2.6358300e+000
  2.5874179e+000
  2.5684804e+000
  2.5895869e+000
  2.6372199e+000
  2.6924709e+000
  2.7094112e+000
  2.6963403e+000
  2.6999047e+000
  2.6500607e+000
  2.6068292e+000
  2.5757113e+000
  2.5734355e+000
  2.5727324e+000
  2.6039418e+000
