  2.5294425e+000
  2.4447776e+000
  2.4685492e+000
  2.4930753e+000
  2.5467248e+000
  2.5004461e+000
  2.5226834e+000
  2.5514984e+000
  2.6076608e+000
  2.5137412e+000
  2.5206837e+000
  2.5293706e+000
  2.5178281e+000
  2.4600660e+000
  2.4730745e+000
  2.5336008e+000
  2.4729748e+000
  2.5540387e+000
  2.5623851e+000
  2.4974566e+000
  2.5954672e+000
  2.5535623e+000
  2.5661587e+000
  2.5605158e+000
  2.5201031e+000
  2.6004711e+000
  2.5057371e+000
  2.5198076e+000
  2.5302552e+000
  2.4681897e+000
  2.5626615e+000
  2.4664918e+000
  2.5370401e+000
  2.4871759e+000
  2.5489466e+000
  2.4635020e+000
  2.5396474e+000
  2.4877573e+000
  2.5527468e+000
  2.4772167e+000
  2.5180584e+000
  2.5167475e+000
  2.5298341e+000
  2.5456436e+000
  2.5225129e+000
  2.5824046e+000
  2.5500499e+000
  2.5492644e+000
  2.6044183e+000
  2.5055885e+000
  2.5667866e+000
  2.5050781e+000
  2.4560137e+000
  2.5204791e+000
  2.4725944e+000
  2.4966066e+000
  2.5695700e+000
  2.5808764e+000
  2.5242652e+000
  2.5651825e+000
  2.5330796e+000
  2.4687424e+000
  2.4800211e+000
  2.5359916e+000
  2.5453784e+000
  2.5151213e+000
  2.5168382e+000
  2.5326414e+000
  2.4881882e+000
  2.4877919e+000
  2.5519180e+000
  2.5613948e+000
  2.5364275e+000
  2.4851764e+000
  2.4816613e+000
  2.5455327e+000
  2.5381188e+000
  2.5298493e+000
  2.5281550e+000
  2.5520930e+000
  2.4639928e+000
  2.4607379e+000
  2.5572728e+000
  2.5541607e+000
  2.5088551e+000
  2.5593353e+000
  2.5422118e+000
  2.4854240e+000
  2.4778573e+000
  2.5161445e+000
  2.4674991e+000
  2.4844401e+000
  2.5443622e+000
  2.4928001e+000
  2.5709353e+000
  2.5503803e+000
  2.5297999e+000
  2.5875740e+000
  2.5323742e+000
  2.5551518e+000
  2.5152500e+000
  2.5276582e+000
  2.5502365e+000
  2.4951047e+000
  2.5278444e+000
  2.4834201e+000
  2.5358874e+000
  2.4716349e+000
  2.5566534e+000
  2.4814376e+000
  2.5437402e+000
  2.4878071e+000
  2.5481426e+000
  2.4861295e+000
  2.5364483e+000
  2.5216387e+000
  2.5393251e+000
  2.5735054e+000
  2.5149863e+000
  2.6151557e+000
  2.5280588e+000
  2.5398033e+000
  2.5722184e+000
  2.5136576e+000
  2.5441985e+000
  2.5301274e+000
  2.4696489e+000
  2.5277511e+000
  2.5039874e+000
  2.4613014e+000
  2.4998628e+000
  2.5357008e+000
  2.5016956e+000
  2.5411335e+000
  2.6135922e+000
  2.5732751e+000
  2.5078485e+000
  2.4959925e+000
  2.5447619e+000
  2.5000492e+000
  2.4774808e+000
  2.4797725e+000
  2.5146895e+000
  2.5707844e+000
  2.5954575e+000
  2.5621592e+000
  2.5003908e+000
  2.4733156e+000
  2.4737998e+000
  2.4927070e+000
  2.5157963e+000
  2.5941323e+000
  2.5708305e+000
  2.5764042e+000
  2.5418309e+000
  2.5221600e+000
  2.4794474e+000
  2.4616491e+000
  2.4371690e+000
  2.4804891e+000
