  2.3573755e+000
  2.3200236e+000
  2.3722635e+000
  2.4707187e+000
  2.4585396e+000
  2.3920648e+000
  2.4158322e+000
  2.4888459e+000
  2.4392860e+000
  2.3461516e+000
  2.3574755e+000
  2.4080978e+000
  2.3903938e+000
  2.3785474e+000
  2.4353610e+000
  2.4234110e+000
  2.4198935e+000
  2.4471166e+000
  2.4736021e+000
  2.3927770e+000
  2.4234937e+000
  2.3951070e+000
  2.3611931e+000
  2.4042385e+000
  2.3510876e+000
  2.4068895e+000
  2.3725963e+000
  2.4136185e+000
  2.3627630e+000
  2.3746394e+000
  2.4419895e+000
  2.4018688e+000
  2.4126916e+000
  2.3862619e+000
  2.4369003e+000
  2.3700853e+000
  2.4274703e+000
  2.4079256e+000
  2.4622705e+000
  2.4090823e+000
  2.3902113e+000
  2.4446250e+000
  2.3538464e+000
  2.4324690e+000
  2.3586178e+000
  2.3781762e+000
  2.3909846e+000
  2.3383941e+000
  2.3885110e+000
  2.3455072e+000
  2.3919668e+000
  2.4327394e+000
  2.3840458e+000
  2.4648689e+000
  2.4460555e+000
  2.4260421e+000
  2.4343599e+000
  2.4518801e+000
  2.3409249e+000
  2.3518545e+000
  2.4179038e+000
  2.4307340e+000
  2.3977267e+000
  2.4190072e+000
  2.4484910e+000
  2.3965607e+000
  2.3413212e+000
  2.3847619e+000
  2.4489640e+000
  2.4555625e+000
  2.3775241e+000
  2.3416746e+000
  2.3840529e+000
  2.4753641e+000
  2.4560035e+000
  2.3736041e+000
  2.3399972e+000
  2.3967189e+000
  2.4604391e+000
  2.4447770e+000
  2.3888556e+000
  2.4262570e+000
  2.3958957e+000
  2.3587857e+000
  2.3704488e+000
  2.4549304e+000
  2.4197710e+000
  2.4094493e+000
  2.4568128e+000
  2.4430792e+000
  2.4009676e+000
  2.4390336e+000
  2.4073771e+000
  2.3550950e+000
  2.4215747e+000
  2.3422450e+000
  2.3808026e+000
  2.3997265e+000
  2.3698593e+000
  2.4251858e+000
  2.3753952e+000
  2.4368016e+000
  2.3985043e+000
  2.3976869e+000
  2.4244227e+000
  2.4137087e+000
  2.4171356e+000
  2.3854719e+000
  2.4430759e+000
  2.3950489e+000
  2.4457092e+000
  2.3862969e+000
  2.4046003e+000
  2.3848005e+000
  2.3807362e+000
  2.3975219e+000
  2.3543125e+000
  2.3962897e+000
  2.3371406e+000
  2.4054342e+000
  2.3638421e+000
  2.3966966e+000
  2.4591751e+000
  2.4058747e+000
  2.4764426e+000
  2.4664536e+000
  2.4072243e+000
  2.4481896e+000
  2.4339680e+000
  2.3648963e+000
  2.3957820e+000
  2.4100655e+000
  2.3598518e+000
  2.3830789e+000
  2.4469319e+000
  2.4326247e+000
  2.4030194e+000
  2.4429323e+000
  2.4334069e+000
  2.4338003e+000
  2.3658479e+000
  2.3282069e+000
  2.3824330e+000
  2.4503328e+000
  2.4786733e+000
  2.4607579e+000
  2.4319553e+000
  2.3851382e+000
  2.3613745e+000
  2.4075541e+000
  2.4211577e+000
  2.4176708e+000
  2.4574013e+000
  2.4481129e+000
  2.4486803e+000
  2.4088982e+000
  2.3820330e+000
  2.3412835e+000
  2.3303720e+000
  2.3582768e+000
