  2.2019350e+000
  2.3058894e+000
  2.2661062e+000
  2.2770840e+000
  2.2374769e+000
  2.2876239e+000
  2.2273405e+000
  2.1738845e+000
  2.1898507e+000
  2.2809351e+000
  2.2594248e+000
  2.2270228e+000
  2.2893154e+000
  2.2838522e+000
  2.2454500e+000
  2.2227709e+000
  2.2432346e+000
  2.1941983e+000
  2.1991579e+000
  2.2643034e+000
  2.1888379e+000
  2.2695962e+000
  2.2485768e+000
  2.2753372e+000
  2.3009744e+000
  2.2633873e+000
  2.2732585e+000
  2.2156634e+000
  2.2678936e+000
  2.2044958e+000
  2.2275233e+000
  2.2187175e+000
  2.2106312e+000
  2.2359194e+000
  2.2024908e+000
  2.1853961e+000
  2.2314479e+000
  2.2040711e+000
  2.2393333e+000
  2.1911122e+000
  2.2510442e+000
  2.1814187e+000
  2.2274500e+000
  2.1997855e+000
  2.1875817e+000
  2.2380078e+000
  2.1978123e+000
  2.2459945e+000
  2.2273461e+000
  2.2232132e+000
  2.2746624e+000
  2.2647954e+000
  2.2468648e+000
  2.3294595e+000
  2.2636028e+000
  2.2321546e+000
  2.2576439e+000
  2.2108994e+000
  2.1836804e+000
  2.2275231e+000
  2.2411560e+000
  2.2558237e+000
  2.2424872e+000
  2.2776883e+000
  2.2692185e+000
  2.2170380e+000
  2.1749402e+000
  2.2447170e+000
  2.3148938e+000
  2.2794307e+000
  2.2278030e+000
  2.2084752e+000
  2.2242241e+000
  2.2704129e+000
  2.3089123e+000
  2.2339202e+000
  2.2007535e+000
  2.2064241e+000
  2.2821573e+000
  2.2976049e+000
  2.2567975e+000
  2.2463357e+000
  2.2474610e+000
  2.2171432e+000
  2.1833332e+000
  2.2363917e+000
  2.2546462e+000
  2.2413007e+000
  2.2722599e+000
  2.3102977e+000
  2.2520630e+000
  2.2513248e+000
  2.2831632e+000
  2.2059152e+000
  2.2287055e+000
  2.2451900e+000
  2.2004566e+000
  2.2663713e+000
  2.1953454e+000
  2.2116862e+000
  2.2473536e+000
  2.1802358e+000
  2.2352115e+000
  2.1887194e+000
  2.2251436e+000
  2.1924692e+000
  2.2344466e+000
  2.2191442e+000
  2.2284603e+000
  2.2104952e+000
  2.2070456e+000
  2.2050334e+000
  2.2340987e+000
  2.2268363e+000
  2.2833431e+000
  2.2212212e+000
  2.2882212e+000
  2.2484224e+000
  2.2964912e+000
  2.2520107e+000
  2.2702901e+000
  2.2703948e+000
  2.2037768e+000
  2.2286620e+000
  2.2049169e+000
  2.1830866e+000
  2.2507084e+000
  2.2347948e+000
  2.2261627e+000
  2.2827882e+000
  2.2971338e+000
  2.2375838e+000
  2.2609576e+000
  2.2561995e+000
  2.1888408e+000
  2.1917354e+000
  2.2572306e+000
  2.2604150e+000
  2.2490388e+000
  2.2394297e+000
  2.2980556e+000
  2.2781829e+000
  2.2270774e+000
  2.1754983e+000
  2.1884332e+000
  2.2468428e+000
  2.2817992e+000
  2.3300543e+000
  2.2936635e+000
  2.2212342e+000
  2.1906944e+000
  2.1828833e+000
  2.2117620e+000
  2.2523789e+000
  2.2977409e+000
  2.2856133e+000
  2.2603105e+000
  2.2551146e+000
  2.2279249e+000
  2.2793008e+000
