  2.1358891e+000
  2.2172746e+000
  2.1504353e+000
  2.1517158e+000
  2.1060544e+000
  2.1495577e+000
  2.1076237e+000
  2.1106829e+000
  2.1247785e+000
  2.2204976e+000
  2.1724972e+000
  2.1048883e+000
  2.1562294e+000
  2.1337391e+000
  2.0807523e+000
  2.1254415e+000
  2.1452625e+000
  2.1176172e+000
  2.1893398e+000
  2.1430871e+000
  2.1261235e+000
  2.2134907e+000
  2.1032621e+000
  2.1302930e+000
  2.1369649e+000
  2.0820744e+000
  2.1419777e+000
  2.0745910e+000
  2.1688487e+000
  2.1039164e+000
  2.1728025e+000
  2.1154104e+000
  2.1688891e+000
  2.1568007e+000
  2.1622946e+000
  2.1531677e+000
  2.2316484e+000
  2.1273284e+000
  2.1918267e+000
  2.1600147e+000
  2.1906835e+000
  2.1763627e+000
  2.1499971e+000
  2.1869249e+000
  2.1532173e+000
  2.1875261e+000
  2.1551563e+000
  2.1643559e+000
  2.1866087e+000
  2.1041574e+000
  2.1440624e+000
  2.1481558e+000
  2.0845245e+000
  2.1222991e+000
  2.1317167e+000
  2.0725446e+000
  2.1073054e+000
  2.1589130e+000
  2.1587486e+000
  2.1260966e+000
  2.1784260e+000
  2.1844910e+000
  2.1237405e+000
  2.0931361e+000
  2.1321924e+000
  2.1642899e+000
  2.1250114e+000
  2.1511581e+000
  2.1524347e+000
  2.1610988e+000
  2.1438514e+000
  2.1174846e+000
  2.1220214e+000
  2.1386439e+000
  2.1683290e+000
  2.1390729e+000
  2.1539941e+000
  2.1343243e+000
  2.1368715e+000
  2.0915668e+000
  2.1080623e+000
  2.1619101e+000
  2.1854687e+000
  2.1557944e+000
  2.1633747e+000
  2.1752301e+000
  2.1249381e+000
  2.0887459e+000
  2.1289982e+000
  2.1106465e+000
  2.0937347e+000
  2.1590918e+000
  2.1613394e+000
  2.1232680e+000
  2.1930098e+000
  2.1578822e+000
  2.1648812e+000
  2.1752821e+000
  2.1447112e+000
  2.2138412e+000
  2.1722811e+000
  2.1386858e+000
  2.1924472e+000
  2.1495915e+000
  2.2024599e+000
  2.1374417e+000
  2.1756835e+000
  2.1443561e+000
  2.1918242e+000
  2.1431266e+000
  2.1802743e+000
  2.1267996e+000
  2.1757180e+000
  2.0977330e+000
  2.1260278e+000
  2.0927456e+000
  2.1402077e+000
  2.0865068e+000
  2.1513765e+000
  2.1456757e+000
  2.1155215e+000
  2.1936161e+000
  2.1514961e+000
  2.1655872e+000
  2.2050716e+000
  2.1066841e+000
  2.1421900e+000
  2.1263872e+000
  2.0740708e+000
  2.1321935e+000
  2.1287797e+000
  2.1283872e+000
  2.1949201e+000
  2.2042543e+000
  2.1315731e+000
  2.1120707e+000
  2.1287941e+000
  2.1297567e+000
  2.1183985e+000
  2.1223428e+000
  2.1715565e+000
  2.1971422e+000
  2.1745129e+000
  2.1156242e+000
  2.0763669e+000
  2.1096222e+000
  2.1507921e+000
  2.1769188e+000
  2.1679153e+000
  2.1556174e+000
  2.1007159e+000
  2.0750362e+000
  2.0798352e+000
  2.1283893e+000
  2.1442051e+000
  2.1678278e+000
  2.1715562e+000
  2.1496391e+000
  2.1385314e+000
  2.1404513e+000
