  2.0200829e+000
  1.9656959e+000
  1.8993397e+000
  1.8806401e+000
  1.9233170e+000
  2.0187602e+000
  1.9964346e+000
  1.9167313e+000
  1.9474425e+000
  1.9453247e+000
  1.9062741e+000
  1.8815202e+000
  1.9913207e+000
  1.9330439e+000
  1.9715219e+000
  1.9460688e+000
  1.9630488e+000
  1.8846455e+000
  1.9451181e+000
  1.9314414e+000
  1.9125273e+000
  1.9666598e+000
  1.9452305e+000
  2.0095074e+000
  1.9573303e+000
  1.9476992e+000
  1.9624576e+000
  1.8873778e+000
  1.9453537e+000
  1.8665787e+000
  1.9238417e+000
  1.8985646e+000
  1.9622134e+000
  1.8967505e+000
  1.9813613e+000
  1.9043291e+000
  1.9925238e+000
  1.9476527e+000
  1.9756226e+000
  1.9838689e+000
  1.9365374e+000
  1.9914272e+000
  1.9671745e+000
  1.9920713e+000
  1.9788078e+000
  1.9662628e+000
  2.0198075e+000
  1.9397875e+000
  1.9679806e+000
  1.9642644e+000
  1.9450671e+000
  1.9501213e+000
  1.9796545e+000
  1.9123827e+000
  1.9201503e+000
  1.9689291e+000
  1.9169450e+000
  1.8873452e+000
  1.9431381e+000
  1.9451232e+000
  1.9431152e+000
  1.9252727e+000
  2.0095232e+000
  1.9720593e+000
  1.9317686e+000
  1.8974011e+000
  1.9279574e+000
  1.9608016e+000
  1.9633683e+000
  1.9424155e+000
  1.9278029e+000
  1.9300805e+000
  1.9263392e+000
  1.9298187e+000
  1.9736757e+000
  1.9486956e+000
  1.9433072e+000
  1.8931185e+000
  1.9298004e+000
  1.9991705e+000
  2.0028744e+000
  1.9570579e+000
  1.9339349e+000
  1.9542436e+000
  1.9149700e+000
  1.8900283e+000
  1.9010651e+000
  1.9470161e+000
  1.9289429e+000
  1.9292294e+000
  1.9903056e+000
  1.9850389e+000
  1.9546865e+000
  1.9792432e+000
  1.9598003e+000
  1.9592644e+000
  2.0056118e+000
  1.9414375e+000
  1.9813700e+000
  1.9828642e+000
  1.9571034e+000
  2.0086564e+000
  1.9503939e+000
  1.9829034e+000
  1.9686421e+000
  1.9664333e+000
  1.9674719e+000
  1.9227543e+000
  1.9942985e+000
  1.9157164e+000
  1.9584723e+000
  1.8953589e+000
  1.9406798e+000
  1.9001302e+000
  1.9382569e+000
  1.8968338e+000
  1.9301979e+000
  1.9715773e+000
  1.9537982e+000
  2.0132591e+000
  1.9442976e+000
  1.9866926e+000
  1.9447845e+000
  1.9151373e+000
  1.9352745e+000
  1.8932075e+000
  1.9291820e+000
  1.9722837e+000
  1.9546601e+000
  2.0077079e+000
  1.9790416e+000
  1.9201084e+000
  1.9140758e+000
  1.9663550e+000
  1.9409748e+000
  1.9364907e+000
  1.9655760e+000
  1.9982272e+000
  1.9127581e+000
  1.8919824e+000
  1.9226600e+000
  1.9774884e+000
  1.9647066e+000
  1.9430253e+000
  1.9241293e+000
  1.9211278e+000
  1.9254972e+000
  1.9488702e+000
  1.9813307e+000
  1.9849816e+000
  1.9433910e+000
  1.9018465e+000
  1.8814812e+000
  1.9259354e+000
  1.9485454e+000
  1.9781050e+000
  1.9869981e+000
  1.9841527e+000
  1.9493172e+000
  1.9280644e+000
