  1.8885000e+000
  1.8641627e+000
  1.8465061e+000
  1.9177215e+000
  1.9217617e+000
  1.9105952e+000
  1.9162054e+000
  1.9191565e+000
  1.8750906e+000
  1.8360946e+000
  1.8905971e+000
  1.8739466e+000
  1.9047227e+000
  1.8910533e+000
  1.9571078e+000
  1.8663311e+000
  1.8788962e+000
  1.8886589e+000
  1.8472471e+000
  1.9399979e+000
  1.9184195e+000
  1.8854121e+000
  1.9604078e+000
  1.8790532e+000
  1.8953906e+000
  1.8650863e+000
  1.8675349e+000
  1.8616433e+000
  1.8744672e+000
  1.8649927e+000
  1.8804737e+000
  1.9410285e+000
  1.9103513e+000
  1.9052758e+000
  1.9249489e+000
  1.9074785e+000
  1.9267399e+000
  1.9121661e+000
  1.9211397e+000
  1.8872324e+000
  1.9188109e+000
  1.8690973e+000
  1.9405268e+000
  1.8794877e+000
  1.8861677e+000
  1.9222345e+000
  1.8694923e+000
  1.8912214e+000
  1.9152014e+000
  1.8608282e+000
  1.9330348e+000
  1.9152332e+000
  1.8920580e+000
  1.9374404e+000
  1.9357763e+000
  1.9033542e+000
  1.9143339e+000
  1.9250687e+000
  1.9058331e+000
  1.8572822e+000
  1.8836750e+000
  1.8788996e+000
  1.8873294e+000
  1.8587233e+000
  1.9194752e+000
  1.9316500e+000
  1.9304564e+000
  1.8577385e+000
  1.8508673e+000
  1.8737655e+000
  1.9101000e+000
  1.9373274e+000
  1.9126796e+000
  1.8769243e+000
  1.8559321e+000
  1.8761518e+000
  1.9598033e+000
  1.9298614e+000
  1.9279710e+000
  1.8693320e+000
  1.8756338e+000
  1.9013637e+000
  1.8930281e+000
  1.8431070e+000
  1.8728153e+000
  1.9369914e+000
  1.9170944e+000
  1.8924880e+000
  1.9426856e+000
  1.9513663e+000
  1.8860364e+000
  1.9500602e+000
  1.9505116e+000
  1.8790094e+000
  1.9087373e+000
  1.9150260e+000
  1.8817919e+000
  1.9137118e+000
  1.8865027e+000
  1.8841979e+000
  1.9190622e+000
  1.8839985e+000
  1.9280025e+000
  1.8719077e+000
  1.9155181e+000
  1.9095015e+000
  1.9002102e+000
  1.9458390e+000
  1.9148070e+000
  1.9404322e+000
  1.9059562e+000
  1.9272061e+000
  1.8827208e+000
  1.9267686e+000
  1.8684695e+000
  1.8868584e+000
  1.8596789e+000
  1.8725023e+000
  1.9125223e+000
  1.8748771e+000
  1.9450258e+000
  1.9066732e+000
  1.9416210e+000
  1.9184793e+000
  1.8502827e+000
  1.8789263e+000
  1.8501111e+000
  1.8574048e+000
  1.9356681e+000
  1.9405578e+000
  1.8998522e+000
  1.9351081e+000
  1.8963595e+000
  1.8522684e+000
  1.8650954e+000
  1.9126790e+000
  1.8956761e+000
  1.8979161e+000
  1.9160632e+000
  1.9235990e+000
  1.8724303e+000
  1.8605872e+000
  1.8830765e+000
  1.9456858e+000
  1.9313685e+000
  1.9103541e+000
  1.8552099e+000
  1.8465696e+000
  1.8910395e+000
  1.9085238e+000
  1.9247176e+000
  1.9163210e+000
  1.8769053e+000
  1.9026625e+000
  1.8921433e+000
  1.9061685e+000
  1.9173275e+000
  1.8834568e+000
  1.8462385e+000
  1.8441680e+000
