  1.7175255e+000
  1.6523612e+000
  1.7305173e+000
  1.6254899e+000
  1.6909943e+000
  1.6490580e+000
  1.6534045e+000
  1.7020284e+000
  1.7057158e+000
  1.6716246e+000
  1.6505262e+000
  1.6277523e+000
  1.7070324e+000
  1.6454977e+000
  1.6732979e+000
  1.6938000e+000
  1.6840599e+000
  1.6602804e+000
  1.6826159e+000
  1.6203055e+000
  1.6897191e+000
  1.7045952e+000
  1.7130403e+000
  1.6726248e+000
  1.6848238e+000
  1.6737297e+000
  1.6272766e+000
  1.6611254e+000
  1.6427740e+000
  1.6781176e+000
  1.6398993e+000
  1.7182598e+000
  1.6867533e+000
  1.7156105e+000
  1.6587854e+000
  1.7072069e+000
  1.6613757e+000
  1.6918584e+000
  1.6438372e+000
  1.6589487e+000
  1.6518987e+000
  1.6383453e+000
  1.6879797e+000
  1.6297098e+000
  1.6719137e+000
  1.6565733e+000
  1.6351656e+000
  1.6742041e+000
  1.6665169e+000
  1.6307338e+000
  1.6806819e+000
  1.6501462e+000
  1.6333509e+000
  1.6641196e+000
  1.6674729e+000
  1.6367202e+000
  1.6505447e+000
  1.6786582e+000
  1.6657961e+000
  1.6770681e+000
  1.6919896e+000
  1.7223009e+000
  1.7054194e+000
  1.6684083e+000
  1.6629160e+000
  1.6559566e+000
  1.6679499e+000
  1.6690618e+000
  1.6334260e+000
  1.6726917e+000
  1.6948095e+000
  1.7044087e+000
  1.6837816e+000
  1.6807861e+000
  1.6634696e+000
  1.6503346e+000
  1.6673187e+000
  1.6796629e+000
  1.6315360e+000
  1.6610350e+000
  1.6989526e+000
  1.7178912e+000
  1.6934059e+000
  1.6552165e+000
  1.6742400e+000
  1.6838559e+000
  1.6302893e+000
  1.6409297e+000
  1.6703901e+000
  1.6817983e+000
  1.6329323e+000
  1.6494432e+000
  1.6798277e+000
  1.6266763e+000
  1.6665859e+000
  1.6748813e+000
  1.6342062e+000
  1.6729537e+000
  1.6688810e+000
  1.6294613e+000
  1.6527006e+000
  1.6497676e+000
  1.6764136e+000
  1.6718863e+000
  1.6466349e+000
  1.7028842e+000
  1.6588739e+000
  1.6999163e+000
  1.6741023e+000
  1.7198741e+000
  1.6755296e+000
  1.7015577e+000
  1.6759562e+000
  1.6887325e+000
  1.6409988e+000
  1.6674320e+000
  1.6216011e+000
  1.6737576e+000
  1.6604900e+000
  1.7203224e+000
  1.6813588e+000
  1.6867689e+000
  1.6792673e+000
  1.6281989e+000
  1.6778573e+000
  1.6573473e+000
  1.6603753e+000
  1.6924960e+000
  1.6742563e+000
  1.6636566e+000
  1.7103048e+000
  1.6398859e+000
  1.6454642e+000
  1.7245732e+000
  1.6917250e+000
  1.6685246e+000
  1.6540785e+000
  1.6766278e+000
  1.6561637e+000
  1.6730958e+000
  1.6960385e+000
  1.7024239e+000
  1.6693458e+000
  1.6648620e+000
  1.6428189e+000
  1.6831656e+000
  1.6946385e+000
  1.7144010e+000
  1.6770049e+000
  1.6815735e+000
  1.6734587e+000
  1.6830056e+000
  1.6593548e+000
  1.6387906e+000
  1.6641197e+000
  1.7013787e+000
  1.7174272e+000
  1.7247812e+000
  1.6579670e+000
  1.6669750e+000
