  1.6322958e+000
  1.5818959e+000
  1.5917627e+000
  1.5542204e+000
  1.5940046e+000
  1.5686047e+000
  1.5947620e+000
  1.6214399e+000
  1.5994713e+000
  1.6050702e+000
  1.5560124e+000
  1.5722794e+000
  1.6307376e+000
  1.5394259e+000
  1.6119515e+000
  1.6156046e+000
  1.5674303e+000
  1.5693616e+000
  1.6127252e+000
  1.5943430e+000
  1.6111865e+000
  1.6126666e+000
  1.5463187e+000
  1.5983779e+000
  1.5659241e+000
  1.5753241e+000
  1.5812012e+000
  1.6086872e+000
  1.6191838e+000
  1.6337050e+000
  1.5776486e+000
  1.5920853e+000
  1.5644768e+000
  1.5842416e+000
  1.5585754e+000
  1.5911835e+000
  1.5619696e+000
  1.6111297e+000
  1.5846121e+000
  1.5881637e+000
  1.6339833e+000
  1.6061711e+000
  1.5946558e+000
  1.5980164e+000
  1.6101538e+000
  1.6106304e+000
  1.6156698e+000
  1.5979890e+000
  1.6327084e+000
  1.5857289e+000
  1.5847431e+000
  1.5977937e+000
  1.6104065e+000
  1.5877425e+000
  1.6384743e+000
  1.6376142e+000
  1.5900346e+000
  1.6122130e+000
  1.6361145e+000
  1.6092837e+000
  1.5743248e+000
  1.5819759e+000
  1.6113054e+000
  1.5883322e+000
  1.5637712e+000
  1.5613276e+000
  1.6180908e+000
  1.6190729e+000
  1.6284110e+000
  1.6125742e+000
  1.5721818e+000
  1.5407652e+000
  1.5726073e+000
  1.6171650e+000
  1.6035021e+000
  1.6458017e+000
  1.6028141e+000
  1.5759134e+000
  1.5525311e+000
  1.6053549e+000
  1.5973811e+000
  1.5732215e+000
  1.5863629e+000
  1.6175049e+000
  1.6133707e+000
  1.5981130e+000
  1.5857774e+000
  1.6387380e+000
  1.6077007e+000
  1.5891052e+000
  1.5888574e+000
  1.6491460e+000
  1.6000539e+000
  1.5759153e+000
  1.6462937e+000
  1.5891381e+000
  1.5968399e+000
  1.6366059e+000
  1.6146203e+000
  1.6082290e+000
  1.6526024e+000
  1.5979940e+000
  1.6108920e+000
  1.5965972e+000
  1.5879418e+000
  1.5930028e+000
  1.5658281e+000
  1.5985823e+000
  1.5433443e+000
  1.5953767e+000
  1.5394170e+000
  1.6271419e+000
  1.5803800e+000
  1.6119855e+000
  1.5875570e+000
  1.6353452e+000
  1.5891654e+000
  1.6242463e+000
  1.5501658e+000
  1.5791436e+000
  1.5898525e+000
  1.5885842e+000
  1.6310351e+000
  1.5868912e+000
  1.6225778e+000
  1.5924700e+000
  1.5582895e+000
  1.6310636e+000
  1.5845396e+000
  1.6079164e+000
  1.6230713e+000
  1.5710561e+000
  1.5379613e+000
  1.5848069e+000
  1.6271675e+000
  1.5852688e+000
  1.6209180e+000
  1.5946585e+000
  1.5640361e+000
  1.5556074e+000
  1.5829508e+000
  1.6249791e+000
  1.6225800e+000
  1.5782253e+000
  1.5408367e+000
  1.5755275e+000
  1.6285329e+000
  1.6114059e+000
  1.5982491e+000
  1.5856398e+000
  1.5675448e+000
  1.5902609e+000
  1.5863471e+000
  1.5746165e+000
  1.5559426e+000
  1.5979026e+000
  1.6386213e+000
  1.6283907e+000
  1.6206604e+000
  1.5982381e+000
