  1.5358716e+000
  1.4450285e+000
  1.4543436e+000
  1.4781468e+000
  1.5136499e+000
  1.4975125e+000
  1.4509934e+000
  1.4896577e+000
  1.4396138e+000
  1.4285202e+000
  1.5596612e+000
  1.4461413e+000
  1.4833610e+000
  1.4721255e+000
  1.4752603e+000
  1.4451805e+000
  1.5332853e+000
  1.4771989e+000
  1.4735266e+000
  1.4530935e+000
  1.4305301e+000
  1.5226606e+000
  1.4617206e+000
  1.5071494e+000
  1.5134877e+000
  1.4687196e+000
  1.4933074e+000
  1.4372665e+000
  1.4618802e+000
  1.4419003e+000
  1.5466180e+000
  1.4643591e+000
  1.5290518e+000
  1.4557710e+000
  1.5188030e+000
  1.4532935e+000
  1.4676988e+000
  1.4639279e+000
  1.4473324e+000
  1.4955955e+000
  1.4596043e+000
  1.5154485e+000
  1.4722026e+000
  1.4904043e+000
  1.5257565e+000
  1.4941996e+000
  1.4832002e+000
  1.5667172e+000
  1.4947615e+000
  1.4904792e+000
  1.5426372e+000
  1.5290308e+000
  1.4848944e+000
  1.5371951e+000
  1.5224857e+000
  1.5011939e+000
  1.5073373e+000
  1.5351180e+000
  1.5081738e+000
  1.4954143e+000
  1.4843522e+000
  1.5007728e+000
  1.4970008e+000
  1.4727464e+000
  1.4554410e+000
  1.4775466e+000
  1.5280475e+000
  1.5017696e+000
  1.5484567e+000
  1.5168384e+000
  1.4698477e+000
  1.4780900e+000
  1.4936828e+000
  1.4957281e+000
  1.5409857e+000
  1.5339999e+000
  1.5133732e+000
  1.4711621e+000
  1.4630772e+000
  1.4792966e+000
  1.5221942e+000
  1.4901341e+000
  1.4941554e+000
  1.4899958e+000
  1.5214398e+000
  1.5345997e+000
  1.5156952e+000
  1.5092562e+000
  1.5483457e+000
  1.5430729e+000
  1.5190698e+000
  1.5138924e+000
  1.5675145e+000
  1.5300525e+000
  1.5068576e+000
  1.5536890e+000
  1.5051509e+000
  1.5154645e+000
  1.5520601e+000
  1.4909395e+000
  1.5316160e+000
  1.5109166e+000
  1.4967643e+000
  1.5112686e+000
  1.4826986e+000
  1.5010283e+000
  1.4858641e+000
  1.5014812e+000
  1.5296914e+000
  1.5101676e+000
  1.5627515e+000
  1.5149224e+000
  1.5423307e+000
  1.5005221e+000
  1.5242889e+000
  1.4807924e+000
  1.5004242e+000
  1.4872428e+000
  1.5379371e+000
  1.5506417e+000
  1.5167384e+000
  1.5401037e+000
  1.4730086e+000
  1.5078162e+000
  1.5034230e+000
  1.5218160e+000
  1.5731242e+000
  1.4972935e+000
  1.5035586e+000
  1.5106947e+000
  1.4919949e+000
  1.5178045e+000
  1.5815542e+000
  1.5200861e+000
  1.4832705e+000
  1.5200562e+000
  1.5189257e+000
  1.5343383e+000
  1.5401188e+000
  1.5233103e+000
  1.5196280e+000
  1.5159958e+000
  1.5171337e+000
  1.5309212e+000
  1.5306545e+000
  1.5174786e+000
  1.5175554e+000
  1.5286631e+000
  1.5095141e+000
  1.4828645e+000
  1.5192116e+000
  1.5475005e+000
  1.5809934e+000
  1.5285907e+000
  1.5141942e+000
  1.5126810e+000
  1.5098862e+000
  1.5273607e+000
  1.4828735e+000
  1.4766621e+000
