  1.4018984e+000
  1.3589917e+000
  1.4364531e+000
  1.4148104e+000
  1.4500788e+000
  1.3983883e+000
  1.4231898e+000
  1.4041422e+000
  1.4307182e+000
  1.4307188e+000
  1.4699885e+000
  1.4059605e+000
  1.4158982e+000
  1.4632998e+000
  1.4530337e+000
  1.4371866e+000
  1.4776738e+000
  1.4391871e+000
  1.4506251e+000
  1.4716309e+000
  1.4780194e+000
  1.5007300e+000
  1.4383165e+000
  1.4607014e+000
  1.4423371e+000
  1.4592016e+000
  1.4695582e+000
  1.5162557e+000
  1.4921580e+000
  1.5094470e+000
  1.5084884e+000
  1.4756565e+000
  1.4929131e+000
  1.4762720e+000
  1.5184181e+000
  1.5245996e+000
  1.4921036e+000
  1.5819727e+000
  1.5251889e+000
  1.5914333e+000
  1.5481210e+000
  1.5185133e+000
  1.5260156e+000
  1.5444418e+000
  1.5227567e+000
  1.5652964e+000
  1.5368064e+000
  1.5721157e+000
  1.5671140e+000
  1.5375441e+000
  1.5723104e+000
  1.5759595e+000
  1.5639422e+000
  1.5814360e+000
  1.5935139e+000
  1.5804364e+000
  1.5828373e+000
  1.5852291e+000
  1.6135136e+000
  1.6095792e+000
  1.6040183e+000
  1.6177444e+000
  1.6476154e+000
  1.6679347e+000
  1.6672570e+000
  1.6442530e+000
  1.6778494e+000
  1.6894616e+000
  1.6720916e+000
  1.6631935e+000
  1.6621123e+000
  1.6678024e+000
  1.6780207e+000
  1.6932508e+000
  1.7260833e+000
  1.7138535e+000
  1.6996629e+000
  1.7131886e+000
  1.7448109e+000
  1.7177828e+000
  1.7336988e+000
  1.7238309e+000
  1.7184922e+000
  1.7212477e+000
  1.7266738e+000
  1.7531105e+000
  1.7384863e+000
  1.7519314e+000
  1.7729993e+000
  1.7362644e+000
  1.7526449e+000
  1.7714108e+000
  1.7825433e+000
  1.7482680e+000
  1.7733496e+000
  1.7828924e+000
  1.7740586e+000
  1.7824318e+000
  1.7937982e+000
  1.7790929e+000
  1.8074583e+000
  1.8158729e+000
  1.8164321e+000
  1.8154966e+000
  1.8414127e+000
  1.8710282e+000
  1.8483962e+000
  1.8606514e+000
  1.8399240e+000
  1.8347804e+000
  1.8201216e+000
  1.8300129e+000
  1.8310843e+000
  1.8609101e+000
  1.8945438e+000
  1.8732640e+000
  1.8794877e+000
  1.8658462e+000
  1.8328104e+000
  1.8645677e+000
  1.8806490e+000
  1.9190150e+000
  1.9038441e+000
  1.9020420e+000
  1.8880114e+000
  1.8667547e+000
  1.8844674e+000
  1.9199305e+000
  1.9135115e+000
  1.9143342e+000
  1.8752524e+000
  1.8687327e+000
  1.9069526e+000
  1.9298975e+000
  1.9200447e+000
  1.9145584e+000
  1.9095941e+000
  1.9028291e+000
  1.9409198e+000
  1.9540536e+000
  1.9143751e+000
  1.8968097e+000
  1.9258329e+000
  1.9465501e+000
  1.9442643e+000
  1.9050556e+000
  1.9243357e+000
  1.9433835e+000
  1.9488270e+000
  1.9240166e+000
  1.9056628e+000
  1.9236158e+000
  1.9479567e+000
  1.9777035e+000
  1.9178361e+000
  1.9047948e+000
  1.9680618e+000
  1.9719902e+000
  1.9475328e+000
  1.9249025e+000
