  1.7404630e+000
  1.8125958e+000
  1.9036556e+000
  1.9630066e+000
  1.9798746e+000
  2.0346043e+000
  2.1734233e+000
  2.2408336e+000
  2.2916542e+000
  2.2836263e+000
  2.4684931e+000
  2.5377112e+000
  2.5938162e+000
  2.6849661e+000
  2.7385901e+000
  2.8419342e+000
  2.9970624e+000
  3.0931697e+000
  3.1307671e+000
  3.2382987e+000
  3.2564935e+000
  3.5395537e+000
  3.5503565e+000
  3.7074884e+000
  3.8034099e+000
  3.7833336e+000
  3.9969776e+000
  4.0855254e+000
  4.3602292e+000
  4.3673974e+000
  4.5562262e+000
  4.4938587e+000
  4.7141403e+000
  4.7751512e+000
  4.9625488e+000
  5.1580900e+000
  5.2652268e+000
  5.5468552e+000
  5.4695945e+000
  5.7472895e+000
  5.7472652e+000
  5.8095398e+000
  6.0889647e+000
  6.0246313e+000
  6.2781855e+000
  6.5562759e+000
  6.5128792e+000
  6.8090769e+000
  7.1185609e+000
  7.0683524e+000
  7.2667025e+000
  7.6206355e+000
  7.6422090e+000
  7.6669054e+000
  7.9987337e+000
  8.2701902e+000
  8.2499188e+000
  8.2757709e+000
  8.5921082e+000
  8.8791600e+000
  8.9294589e+000
  8.8641327e+000
  8.9549649e+000
  9.2293239e+000
  9.4704419e+000
  9.5754215e+000
  9.5785540e+000
  9.6223367e+000
  9.8468083e+000
  1.0268694e+001
  1.0651587e+001
  1.0949764e+001
  1.1003327e+001
  1.0910062e+001
  1.0817735e+001
  1.0881516e+001
  1.1130300e+001
  1.1480976e+001
  1.1709493e+001
  1.1777206e+001
  1.1773288e+001
  1.2008526e+001
  1.2504929e+001
  1.2863334e+001
  1.2800318e+001
  1.2716121e+001
  1.3092354e+001
  1.3528251e+001
  1.3513902e+001
  1.3333146e+001
  1.3733481e+001
  1.4164145e+001
  1.3897083e+001
  1.3915487e+001
  1.4476476e+001
  1.4344142e+001
  1.4112986e+001
  1.4697529e+001
  1.4556244e+001
  1.4363929e+001
  1.5067399e+001
  1.4807018e+001
  1.5072588e+001
  1.5716930e+001
  1.5368908e+001
  1.6194746e+001
  1.5887325e+001
  1.6100116e+001
  1.6123499e+001
  1.5780501e+001
  1.6341377e+001
  1.5943801e+001
  1.6940234e+001
  1.6539521e+001
  1.7403400e+001
  1.6599656e+001
  1.7216158e+001
  1.6536460e+001
  1.7366760e+001
  1.7273517e+001
  1.7764755e+001
  1.7845294e+001
  1.7226035e+001
  1.7885888e+001
  1.7344017e+001
  1.8306744e+001
  1.8410757e+001
  1.7727324e+001
  1.8340332e+001
  1.8029906e+001
  1.8201582e+001
  1.9156883e+001
  1.8506932e+001
  1.7936935e+001
  1.8833898e+001
  1.9216529e+001
  1.8637929e+001
  1.8636457e+001
  1.9094555e+001
  1.9161604e+001
  1.8928547e+001
  1.8913996e+001
  1.9214769e+001
  1.9488914e+001
  1.9490667e+001
  1.9112004e+001
  1.8770092e+001
  1.9146401e+001
  1.9939674e+001
  2.0215454e+001
  1.9697928e+001
  1.9199705e+001
  1.9237348e+001
  1.9354202e+001
  1.9120996e+001
  1.8954795e+001
  1.9351136e+001
  1.9866116e+001
  1.9768617e+001
  1.9577678e+001
