  2.0935891e+000
  2.2873449e+000
  2.3283324e+000
  2.3796575e+000
  2.4537094e+000
  2.6702278e+000
  2.8205781e+000
  2.8312939e+000
  2.9699731e+000
  3.1466075e+000
  3.2705288e+000
  3.4034485e+000
  3.6153089e+000
  3.6009008e+000
  3.7897477e+000
  4.1504059e+000
  4.1334199e+000
  4.3979742e+000
  4.4699584e+000
  4.5300309e+000
  4.9970683e+000
  5.0384929e+000
  5.2808430e+000
  5.3670458e+000
  5.5329427e+000
  5.7546490e+000
  5.9685448e+000
  6.3801106e+000
  6.4033197e+000
  6.6701520e+000
  6.6662243e+000
  6.9827376e+000
  7.1722245e+000
  7.4888776e+000
  7.8643616e+000
  7.9256136e+000
  8.4278683e+000
  8.2314894e+000
  8.6668019e+000
  8.7197287e+000
  8.8651247e+000
  9.4289369e+000
  9.4029685e+000
  9.8929897e+000
  1.0358531e+001
  1.0301717e+001
  1.0853708e+001
  1.1224124e+001
  1.1104729e+001
  1.1534584e+001
  1.2012687e+001
  1.1906666e+001
  1.2073266e+001
  1.2715393e+001
  1.2964301e+001
  1.2859422e+001
  1.3183196e+001
  1.3829970e+001
  1.4189880e+001
  1.4126133e+001
  1.4278620e+001
  1.4859693e+001
  1.5458650e+001
  1.5721368e+001
  1.5698193e+001
  1.5664242e+001
  1.5865714e+001
  1.6245559e+001
  1.6624065e+001
  1.6917424e+001
  1.7090791e+001
  1.7348403e+001
  1.7643936e+001
  1.8019454e+001
  1.8322360e+001
  1.8490194e+001
  1.8637048e+001
  1.8997605e+001
  1.9650973e+001
  2.0395713e+001
  2.0694083e+001
  2.0571801e+001
  2.0445372e+001
  2.0907710e+001
  2.1636730e+001
  2.1863831e+001
  2.1533209e+001
  2.1658218e+001
  2.2566564e+001
  2.2951940e+001
  2.2548472e+001
  2.2962605e+001
  2.4018286e+001
  2.3896347e+001
  2.3690076e+001
  2.4827547e+001
  2.4928030e+001
  2.4396573e+001
  2.5424183e+001
  2.5273654e+001
  2.4724545e+001
  2.5782512e+001
  2.5139416e+001
  2.5529233e+001
  2.6502002e+001
  2.5926640e+001
  2.7586691e+001
  2.7016800e+001
  2.7800082e+001
  2.7564431e+001
  2.7291300e+001
  2.7734620e+001
  2.7330891e+001
  2.8708295e+001
  2.8391251e+001
  2.9611389e+001
  2.8730428e+001
  2.9156427e+001
  2.8723735e+001
  2.9191459e+001
  3.0241696e+001
  2.9770541e+001
  3.0979129e+001
  2.9257692e+001
  3.0375285e+001
  3.0562511e+001
  3.0587509e+001
  3.2044420e+001
  3.0441121e+001
  3.0505840e+001
  3.1994327e+001
  3.1382250e+001
  3.1650385e+001
  3.2328589e+001
  3.1268493e+001
  3.1381274e+001
  3.3146985e+001
  3.3007529e+001
  3.1375944e+001
  3.1614942e+001
  3.3468306e+001
  3.3839461e+001
  3.2333746e+001
  3.1612921e+001
  3.2784486e+001
  3.4033333e+001
  3.3865354e+001
  3.3092023e+001
  3.2905157e+001
  3.2949946e+001
  3.2630354e+001
  3.2696416e+001
  3.3740810e+001
  3.4736903e+001
  3.4513801e+001
  3.3926318e+001
  3.4140464e+001
  3.4596770e+001
  3.4126088e+001
  3.3469290e+001
