  3.7161958e+000
  3.8158592e+000
  3.9260898e+000
  4.2695455e+000
  4.7960660e+000
  5.0147697e+000
  5.0446595e+000
  5.5038199e+000
  6.1035111e+000
  6.2745111e+000
  6.4676057e+000
  7.0206745e+000
  7.3478672e+000
  7.7409045e+000
  8.4021283e+000
  8.3634119e+000
  8.8752620e+000
  9.6576790e+000
  9.8207724e+000
  1.0557983e+001
  1.0583489e+001
  1.1170083e+001
  1.1992315e+001
  1.2258513e+001
  1.3183786e+001
  1.2928737e+001
  1.3932514e+001
  1.3985513e+001
  1.5410206e+001
  1.5371044e+001
  1.6581999e+001
  1.6254765e+001
  1.7239633e+001
  1.7398060e+001
  1.8407104e+001
  1.9355526e+001
  1.9626344e+001
  2.1008880e+001
  2.0601649e+001
  2.1616565e+001
  2.2019818e+001
  2.2022859e+001
  2.3631987e+001
  2.3912694e+001
  2.4507705e+001
  2.6316610e+001
  2.6434106e+001
  2.6887577e+001
  2.8583434e+001
  2.8860241e+001
  2.8715167e+001
  3.0051505e+001
  3.1202880e+001
  3.0953257e+001
  3.1229258e+001
  3.2762032e+001
  3.3914269e+001
  3.3927403e+001
  3.4018454e+001
  3.5253813e+001
  3.6917498e+001
  3.7887335e+001
  3.8044612e+001
  3.8312364e+001
  3.9261149e+001
  4.0841578e+001
  4.2270444e+001
  4.3003942e+001
  4.3028526e+001
  4.2711975e+001
  4.2583264e+001
  4.2950615e+001
  4.4035809e+001
  4.5690812e+001
  4.7604864e+001
  4.9252303e+001
  5.0122599e+001
  5.0165953e+001
  4.9945249e+001
  5.0384142e+001
  5.1832709e+001
  5.3422858e+001
  5.3929275e+001
  5.3298915e+001
  5.3242599e+001
  5.4960395e+001
  5.6955354e+001
  5.7003042e+001
  5.6278468e+001
  5.7805013e+001
  6.0355052e+001
  6.0322483e+001
  5.9706833e+001
  6.2239551e+001
  6.3936107e+001
  6.2372384e+001
  6.3635501e+001
  6.5769770e+001
  6.3603830e+001
  6.4367450e+001
  6.6261938e+001
  6.4074121e+001
  6.6684570e+001
  6.8163697e+001
  6.7439213e+001
  7.1686819e+001
  6.9616971e+001
  7.1479173e+001
  7.0746129e+001
  6.9764851e+001
  7.2309579e+001
  7.1058490e+001
  7.5807412e+001
  7.3334441e+001
  7.6782400e+001
  7.2636497e+001
  7.6155895e+001
  7.3903489e+001
  7.8974918e+001
  7.7058910e+001
  7.8684418e+001
  7.7144202e+001
  7.6871991e+001
  8.1025139e+001
  7.8804267e+001
  8.2155306e+001
  7.9104813e+001
  7.8909455e+001
  8.3839143e+001
  8.1449105e+001
  8.1874916e+001
  8.3259338e+001
  8.0931776e+001
  8.3593024e+001
  8.6567885e+001
  8.2699739e+001
  8.1377293e+001
  8.6408851e+001
  8.7952396e+001
  8.3599006e+001
  8.2393360e+001
  8.6893864e+001
  8.9481054e+001
  8.6397114e+001
  8.3483701e+001
  8.5237799e+001
  8.8216980e+001
  8.8615553e+001
  8.8230085e+001
  8.8723339e+001
  8.7639051e+001
  8.4925397e+001
  8.4675510e+001
  8.7379284e+001
  8.8728873e+001
  8.7938884e+001
  8.8796375e+001
  9.1328770e+001
  9.1465594e+001
  9.0028595e+001
