  3.7465715e+000
  3.8656510e+000
  4.0531510e+000
  4.4103846e+000
  4.6704597e+000
  4.7609317e+000
  4.9239602e+000
  5.3964903e+000
  5.7141912e+000
  5.7017202e+000
  6.0475346e+000
  6.5283547e+000
  6.7234272e+000
  7.0678516e+000
  7.2946886e+000
  7.4975098e+000
  8.2191542e+000
  8.4066748e+000
  8.5693462e+000
  9.0708968e+000
  9.2285739e+000
  1.0086000e+001
  1.0156509e+001
  1.0567664e+001
  1.0780838e+001
  1.1307826e+001
  1.1920339e+001
  1.2353252e+001
  1.2738785e+001
  1.2910378e+001
  1.3287732e+001
  1.3926846e+001
  1.4382789e+001
  1.5355528e+001
  1.5223542e+001
  1.6105052e+001
  1.5871800e+001
  1.6619681e+001
  1.7203397e+001
  1.7450522e+001
  1.8806312e+001
  1.8897869e+001
  1.9413941e+001
  2.0401711e+001
  2.0041180e+001
  2.0633149e+001
  2.1528242e+001
  2.1355216e+001
  2.1845720e+001
  2.3086907e+001
  2.3400204e+001
  2.3466795e+001
  2.4650976e+001
  2.5746620e+001
  2.5825980e+001
  2.5957639e+001
  2.7065220e+001
  2.8219924e+001
  2.8540576e+001
  2.8436931e+001
  2.8852440e+001
  2.9859619e+001
  3.0904418e+001
  3.1312503e+001
  3.1239706e+001
  3.1189787e+001
  3.1598609e+001
  3.2463900e+001
  3.3571979e+001
  3.4700928e+001
  3.5660625e+001
  3.6370220e+001
  3.6872979e+001
  3.7088863e+001
  3.7109208e+001
  3.7074577e+001
  3.7241061e+001
  3.8004595e+001
  3.9329760e+001
  4.0766747e+001
  4.1598552e+001
  4.1574768e+001
  4.1499690e+001
  4.2317542e+001
  4.3920469e+001
  4.4947713e+001
  4.4510124e+001
  4.4218375e+001
  4.5483596e+001
  4.6961430e+001
  4.6470020e+001
  4.5807518e+001
  4.7303895e+001
  4.8421783e+001
  4.7368316e+001
  4.7950894e+001
  5.0245633e+001
  4.9842177e+001
  5.0212142e+001
  5.3040263e+001
  5.2352118e+001
  5.2661545e+001
  5.4521850e+001
  5.2300356e+001
  5.3634907e+001
  5.3918674e+001
  5.3377173e+001
  5.6715361e+001
  5.5372293e+001
  5.8171076e+001
  5.6431830e+001
  5.7053138e+001
  5.6690921e+001
  5.7501561e+001
  5.9179445e+001
  5.9630559e+001
  6.0000392e+001
  5.9222925e+001
  5.9063567e+001
  6.0941350e+001
  6.0807623e+001
  6.3380452e+001
  5.9973970e+001
  6.2464100e+001
  6.1399005e+001
  6.3454814e+001
  6.4881398e+001
  6.1420990e+001
  6.3915609e+001
  6.4532050e+001
  6.3911803e+001
  6.6085015e+001
  6.4260606e+001
  6.3412262e+001
  6.7328453e+001
  6.7312294e+001
  6.3811027e+001
  6.5121763e+001
  6.8915256e+001
  6.7868209e+001
  6.4635390e+001
  6.5699857e+001
  6.9391785e+001
  6.9520502e+001
  6.6608061e+001
  6.5843129e+001
  6.7738081e+001
  6.8800888e+001
  6.8893053e+001
  6.9863232e+001
  7.0081517e+001
  6.7842133e+001
  6.6235346e+001
  6.7381738e+001
  6.8428603e+001
  6.7672445e+001
  6.8004305e+001
  7.0118570e+001
  7.0687255e+001
  6.9750189e+001
