  4.5131441e+000
  4.6070027e+000
  4.7946821e+000
  5.0341690e+000
  5.1314606e+000
  5.2922619e+000
  5.4505172e+000
  5.7325710e+000
  5.9034612e+000
  5.9988685e+000
  6.2138624e+000
  6.5802888e+000
  6.8254500e+000
  6.8022245e+000
  7.0697001e+000
  7.5417870e+000
  7.6557587e+000
  7.9453861e+000
  8.0427778e+000
  8.3425443e+000
  8.8627900e+000
  8.9623200e+000
  9.3090265e+000
  9.3044893e+000
  9.8597555e+000
  1.0141749e+001
  1.0634854e+001
  1.0686604e+001
  1.1000222e+001
  1.1143424e+001
  1.1756524e+001
  1.2032159e+001
  1.2709392e+001
  1.2572349e+001
  1.3104851e+001
  1.3071758e+001
  1.3630462e+001
  1.4142344e+001
  1.4387644e+001
  1.5234490e+001
  1.5220021e+001
  1.5578247e+001
  1.6076755e+001
  1.5921547e+001
  1.6443244e+001
  1.7106318e+001
  1.7108371e+001
  1.7741360e+001
  1.8593022e+001
  1.8697925e+001
  1.9016027e+001
  1.9900286e+001
  2.0409199e+001
  2.0314069e+001
  2.0695794e+001
  2.1561111e+001
  2.2102413e+001
  2.2056661e+001
  2.2209810e+001
  2.2942947e+001
  2.3808941e+001
  2.4253309e+001
  2.4356186e+001
  2.4431061e+001
  2.4896568e+001
  2.5610229e+001
  2.6330292e+001
  2.6718462e+001
  2.6782170e+001
  2.6752024e+001
  2.6719633e+001
  2.6970306e+001
  2.7535007e+001
  2.8388531e+001
  2.9367836e+001
  3.0215807e+001
  3.0666706e+001
  3.0825446e+001
  3.0881636e+001
  3.1264573e+001
  3.2137977e+001
  3.3064877e+001
  3.3488787e+001
  3.3293270e+001
  3.3186115e+001
  3.4033921e+001
  3.5195352e+001
  3.5529187e+001
  3.5065182e+001
  3.5514898e+001
  3.6875499e+001
  3.7179565e+001
  3.6460845e+001
  3.7067898e+001
  3.8201640e+001
  3.7448930e+001
  3.7186798e+001
  3.8640582e+001
  3.8396545e+001
  3.8250933e+001
  4.0331366e+001
  4.0218338e+001
  4.0541566e+001
  4.2191646e+001
  4.0724426e+001
  4.1636518e+001
  4.1439522e+001
  4.1033862e+001
  4.3180757e+001
  4.2369397e+001
  4.4740278e+001
  4.3175105e+001
  4.4213206e+001
  4.3068275e+001
  4.4488718e+001
  4.4701025e+001
  4.6231556e+001
  4.5175558e+001
  4.5915539e+001
  4.4500340e+001
  4.7239439e+001
  4.6161756e+001
  4.8131318e+001
  4.6101697e+001
  4.6684119e+001
  4.8312208e+001
  4.7473790e+001
  4.9208112e+001
  4.7413014e+001
  4.7460312e+001
  5.0425002e+001
  4.8992566e+001
  4.8079292e+001
  4.9863855e+001
  4.9786900e+001
  4.9319920e+001
  5.0281623e+001
  5.0313460e+001
  4.9753012e+001
  5.0255750e+001
  5.1039346e+001
  5.1107706e+001
  5.0876797e+001
  5.0406029e+001
  5.0353853e+001
  5.1649395e+001
  5.3109062e+001
  5.2158870e+001
  5.0110701e+001
  5.0151415e+001
  5.1678242e+001
  5.2006531e+001
  5.1932831e+001
  5.3240944e+001
  5.4011852e+001
  5.2778569e+001
  5.2004794e+001
  5.2817478e+001
  5.2723261e+001
  5.1615560e+001
