  4.0339262e+001
  4.1971944e+001
  4.2512129e+001
  4.1435459e+001
  4.0908910e+001
  4.1804299e+001
  4.2219458e+001
  4.1123433e+001
  4.1238947e+001
  4.2600659e+001
  4.1328911e+001
  4.0524431e+001
  4.2993743e+001
  4.1819916e+001
  4.0200782e+001
  4.2584880e+001
  4.1634858e+001
  4.1807144e+001
  4.1543753e+001
  4.0599675e+001
  4.3304678e+001
  4.1048719e+001
  4.2052353e+001
  4.0481579e+001
  4.2572899e+001
  4.1860978e+001
  4.2188291e+001
  4.0658176e+001
  4.1854686e+001
  4.1421873e+001
  4.3220559e+001
  4.0974620e+001
  4.2223484e+001
  4.0308791e+001
  4.2275822e+001
  4.2277026e+001
  4.1922506e+001
  4.2810402e+001
  4.0484845e+001
  4.1471851e+001
  4.1857589e+001
  4.1050865e+001
  4.3088061e+001
  4.2802744e+001
  4.1355058e+001
  4.2295391e+001
  4.1998900e+001
  4.0375978e+001
  4.1034356e+001
  4.2311414e+001
  4.1712423e+001
  4.1172847e+001
  4.2413305e+001
  4.3444752e+001
  4.2798575e+001
  4.1857109e+001
  4.2188825e+001
  4.3166489e+001
  4.3393262e+001
  4.2628934e+001
  4.1761763e+001
  4.1741480e+001
  4.2408304e+001
  4.3200533e+001
  4.3482969e+001
  4.3228244e+001
  4.2708995e+001
  4.2220885e+001
  4.1981110e+001
  4.2010153e+001
  4.2098631e+001
  4.2163482e+001
  4.2106784e+001
  4.2048064e+001
  4.2043253e+001
  4.2319864e+001
  4.2790045e+001
  4.3333929e+001
  4.3621326e+001
  4.3343686e+001
  4.2569234e+001
  4.1907747e+001
  4.1965136e+001
  4.2850357e+001
  4.3657836e+001
  4.3438651e+001
  4.2452547e+001
  4.2135988e+001
  4.3124508e+001
  4.3796857e+001
  4.2755028e+001
  4.1553331e+001
  4.2087921e+001
  4.2710114e+001
  4.1422946e+001
  4.0810459e+001
  4.2441660e+001
  4.2776884e+001
  4.1825967e+001
  4.3347808e+001
  4.3580976e+001
  4.1573794e+001
  4.2384717e+001
  4.2029994e+001
  4.1044764e+001
  4.3438062e+001
  4.2514958e+001
  4.2914164e+001
  4.2906117e+001
  4.0939557e+001
  4.2874881e+001
  4.1664402e+001
  4.3952685e+001
  4.2108864e+001
  4.2593539e+001
  4.1378062e+001
  4.2967715e+001
  4.2618510e+001
  4.3329298e+001
  4.1257074e+001
  4.2841881e+001
  4.1872729e+001
  4.4137926e+001
  4.1429439e+001
  4.2402383e+001
  4.2699724e+001
  4.2463037e+001
  4.3499126e+001
  4.1057906e+001
  4.2747816e+001
  4.3948590e+001
  4.1373262e+001
  4.2267274e+001
  4.3598994e+001
  4.2138248e+001
  4.2061162e+001
  4.3182782e+001
  4.2774529e+001
  4.1848775e+001
  4.2399234e+001
  4.3541782e+001
  4.2960908e+001
  4.1312078e+001
  4.1877848e+001
  4.4015996e+001
  4.3781809e+001
  4.1778678e+001
  4.1608402e+001
  4.2293713e+001
  4.2202388e+001
  4.2975186e+001
  4.4309918e+001
  4.3553641e+001
  4.2343498e+001
  4.2739123e+001
  4.2348882e+001
  4.1072611e+001
  4.1442646e+001
  4.2163471e+001
  4.1500648e+001
