  1.5787991e+001
  1.5866167e+001
  1.5942309e+001
  1.6015663e+001
  1.6085475e+001
  1.6150993e+001
  1.6211470e+001
  1.6266170e+001
  1.6314373e+001
  1.6355375e+001
  1.6388496e+001
  1.6413081e+001
  1.6428506e+001
  1.6434181e+001
  1.6429552e+001
  1.6414104e+001
  1.6387368e+001
  1.6348919e+001
  1.6298381e+001
  1.6235431e+001
  1.6159797e+001
  1.6071263e+001
  1.5969669e+001
  1.5854915e+001
  1.5726960e+001
  1.5585821e+001
  1.5431577e+001
  1.5264368e+001
  1.5084395e+001
  1.4891919e+001
  1.4687259e+001
  1.4470796e+001
  1.4242966e+001
  1.4004262e+001
  1.3755233e+001
  1.3496478e+001
  1.3228647e+001
  1.2952438e+001
  1.2668595e+001
  1.2377902e+001
  1.2081184e+001
  1.1779303e+001
  1.1473150e+001
  1.1163648e+001
  1.0851746e+001
  1.0538411e+001
  1.0224633e+001
  9.9114125e+000
  9.5997610e+000
  9.2906967e+000
  8.9852395e+000
  8.6844079e+000
  8.3892147e+000
  8.1006629e+000
  7.8197423e+000
  7.5474254e+000
  7.2846638e+000
  7.0323847e+000
  6.7914875e+000
  6.5628400e+000
  6.3472758e+000
  6.1455909e+000
  5.9585409e+000
  5.7868383e+000
  5.6311500e+000
  5.4920949e+000
  5.3702418e+000
  5.2661074e+000
  5.1801550e+000
  5.1127922e+000
  5.0643703e+000
  5.0351830e+000
  5.0254657e+000
  5.0353947e+000
  5.0650869e+000
  5.1145996e+000
  5.1839311e+000
  5.2730200e+000
  5.3817468e+000
  5.5099339e+000
  5.6573471e+000
  5.8236963e+000
  6.0086374e+000
  6.2117735e+000
  6.4326567e+000
  6.6707906e+000
  6.9256317e+000
  7.1965921e+000
  7.4830422e+000
  7.7843128e+000
  8.0996983e+000
  8.4284591e+000
  8.7698253e+000
  9.1229990e+000
  9.4871580e+000
  9.8614589e+000
  1.0245040e+001
  1.0637026e+001
  1.1036529e+001
  1.1442654e+001
  1.1854501e+001
  1.2271170e+001
  1.2691761e+001
  1.3115381e+001
  1.3541146e+001
  1.3968182e+001
  1.4395630e+001
  1.4822650e+001
  1.5248421e+001
  1.5672145e+001
  1.6093049e+001
  1.6510391e+001
  1.6923454e+001
  1.7331557e+001
  1.7734050e+001
  1.8130321e+001
  1.8519792e+001
  1.8901926e+001
  1.9276221e+001
  1.9642219e+001
  1.9999500e+001
  2.0347684e+001
  2.0686433e+001
  2.1015450e+001
  2.1334478e+001
  2.1643299e+001
  2.1941735e+001
  2.2229648e+001
  2.2506934e+001
  2.2773529e+001
  2.3029399e+001
  2.3274548e+001
  2.3509008e+001
  2.3732842e+001
  2.3946141e+001
  2.4149021e+001
  2.4341621e+001
  2.4524103e+001
  2.4696647e+001
  2.4859448e+001
  2.5012718e+001
  2.5156678e+001
  2.5291562e+001
  2.5417608e+001
  2.5535060e+001
  2.5644164e+001
  2.5745164e+001
  2.5838306e+001
  2.5923828e+001
  2.6001963e+001
  2.6072934e+001
  2.6136955e+001
  2.6194228e+001
  2.6244939e+001
  2.6289261e+001
  2.6327347e+001
  2.6359336e+001
  2.6385345e+001
  2.6405472e+001
  2.6419793e+001
