  3.0974788e+001
  3.0415138e+001
  3.0944081e+001
  3.1306399e+001
  3.0254282e+001
  3.0309505e+001
  3.1242144e+001
  3.0565985e+001
  2.9882189e+001
  3.0725923e+001
  3.0721868e+001
  2.9865027e+001
  3.0133896e+001
  3.0468542e+001
  3.0076829e+001
  2.9828875e+001
  2.9731510e+001
  3.0296996e+001
  2.9830608e+001
  2.9221281e+001
  2.9793400e+001
  2.9682403e+001
  2.9654420e+001
  2.8856929e+001
  2.9377356e+001
  2.9351964e+001
  2.9404959e+001
  2.8577969e+001
  2.8792109e+001
  2.8845145e+001
  2.9148826e+001
  2.8487276e+001
  2.8306293e+001
  2.8162001e+001
  2.8377860e+001
  2.8610749e+001
  2.8061088e+001
  2.7918872e+001
  2.7551524e+001
  2.7557802e+001
  2.7954347e+001
  2.7688713e+001
  2.7560760e+001
  2.7406501e+001
  2.6889021e+001
  2.6741132e+001
  2.6943937e+001
  2.6850280e+001
  2.6745808e+001
  2.6900860e+001
  2.6832239e+001
  2.6447206e+001
  2.6098138e+001
  2.6082300e+001
  2.5994450e+001
  2.5681965e+001
  2.5370119e+001
  2.5290682e+001
  2.5327161e+001
  2.5325152e+001
  2.5180054e+001
  2.4920029e+001
  2.4678048e+001
  2.4582160e+001
  2.4529682e+001
  2.4518559e+001
  2.4446072e+001
  2.4322318e+001
  2.4123174e+001
  2.3907395e+001
  2.3722436e+001
  2.3564613e+001
  2.3460885e+001
  2.3407278e+001
  2.3359433e+001
  2.3286849e+001
  2.3148416e+001
  2.2960244e+001
  2.2671359e+001
  2.2443362e+001
  2.2309850e+001
  2.2329063e+001
  2.2382598e+001
  2.2297312e+001
  2.1981263e+001
  2.1639679e+001
  2.1516357e+001
  2.1688178e+001
  2.1817544e+001
  2.1630483e+001
  2.1308851e+001
  2.1441611e+001
  2.1676283e+001
  2.1357368e+001
  2.0781311e+001
  2.0730736e+001
  2.0768304e+001
  2.0288855e+001
  2.0163782e+001
  2.0729269e+001
  2.0514561e+001
  2.0147770e+001
  2.0357869e+001
  1.9713068e+001
  1.9434523e+001
  2.0001035e+001
  1.9597471e+001
  1.9870801e+001
  1.9528533e+001
  1.8875702e+001
  1.9389752e+001
  1.8959492e+001
  1.9616045e+001
  1.8735813e+001
  1.8794842e+001
  1.8514970e+001
  1.9013501e+001
  1.8660808e+001
  1.8481867e+001
  1.8042249e+001
  1.8716120e+001
  1.8188334e+001
  1.8408000e+001
  1.7532916e+001
  1.8475059e+001
  1.8022662e+001
  1.7696636e+001
  1.7889883e+001
  1.7567683e+001
  1.8098058e+001
  1.7443439e+001
  1.7162933e+001
  1.8086310e+001
  1.7437594e+001
  1.6794389e+001
  1.7732158e+001
  1.7660711e+001
  1.6635533e+001
  1.7039374e+001
  1.7770169e+001
  1.7065647e+001
  1.6500785e+001
  1.7039435e+001
  1.7275092e+001
  1.7035159e+001
  1.6983958e+001
  1.6574764e+001
  1.6295803e+001
  1.6953428e+001
  1.7321143e+001
  1.6904937e+001
  1.6907365e+001
  1.6825541e+001
  1.6190722e+001
  1.6189256e+001
  1.6501646e+001
  1.6195083e+001
  1.6269162e+001
  1.6766472e+001
  1.6620014e+001
