  5.3454907e+001
  5.3288369e+001
  5.2937768e+001
  5.1536089e+001
  5.2159907e+001
  5.3615311e+001
  5.1663145e+001
  5.0580860e+001
  5.2836489e+001
  5.1825048e+001
  5.0025337e+001
  5.1644480e+001
  5.1040829e+001
  5.0274123e+001
  5.0591781e+001
  4.9323677e+001
  5.1072232e+001
  4.9235188e+001
  4.8352301e+001
  5.0466629e+001
  4.8297614e+001
  4.8966237e+001
  4.6977722e+001
  4.9424685e+001
  4.7326438e+001
  4.7605510e+001
  4.5860108e+001
  4.8078460e+001
  4.6180415e+001
  4.6792508e+001
  4.4379893e+001
  4.6183586e+001
  4.5423631e+001
  4.5188016e+001
  4.4544121e+001
  4.2819044e+001
  4.4527528e+001
  4.3696609e+001
  4.3278342e+001
  4.3359660e+001
  4.1278809e+001
  4.1375769e+001
  4.2364119e+001
  4.1272636e+001
  4.1071066e+001
  4.1372692e+001
  3.9878949e+001
  3.8514143e+001
  3.8963824e+001
  3.9260121e+001
  3.8427955e+001
  3.7885981e+001
  3.8283780e+001
  3.8379472e+001
  3.7420010e+001
  3.6170737e+001
  3.5502145e+001
  3.5481332e+001
  3.5337437e+001
  3.4833939e+001
  3.3960606e+001
  3.3124970e+001
  3.2613004e+001
  3.2413201e+001
  3.2302475e+001
  3.2163932e+001
  3.1849342e+001
  3.1389538e+001
  3.0806609e+001
  3.0256877e+001
  2.9719834e+001
  2.9238942e+001
  2.8862577e+001
  2.8577623e+001
  2.8279039e+001
  2.7987040e+001
  2.7565154e+001
  2.7042323e+001
  2.6416232e+001
  2.5765425e+001
  2.5230628e+001
  2.4914152e+001
  2.4781984e+001
  2.4628982e+001
  2.4272925e+001
  2.3664158e+001
  2.3088862e+001
  2.2857361e+001
  2.2864018e+001
  2.2677132e+001
  2.1987055e+001
  2.1239769e+001
  2.0892116e+001
  2.0648019e+001
  1.9986493e+001
  1.9361834e+001
  1.9321202e+001
  1.9298546e+001
  1.8705817e+001
  1.8247314e+001
  1.8006719e+001
  1.7280683e+001
  1.6838803e+001
  1.6910719e+001
  1.6504137e+001
  1.6113961e+001
  1.5768955e+001
  1.5048604e+001
  1.5005940e+001
  1.4807361e+001
  1.4392889e+001
  1.4050847e+001
  1.3414831e+001
  1.3423890e+001
  1.3111144e+001
  1.2855697e+001
  1.2245793e+001
  1.2095008e+001
  1.1927649e+001
  1.1672379e+001
  1.1118692e+001
  1.0957853e+001
  1.0794699e+001
  1.0557715e+001
  1.0011905e+001
  9.9730710e+000
  9.7770756e+000
  9.4325781e+000
  9.1299332e+000
  8.9939048e+000
  8.8908081e+000
  8.4327707e+000
  8.2763940e+000
  8.3029715e+000
  7.8751009e+000
  7.6231522e+000
  7.7157769e+000
  7.4196812e+000
  7.0444680e+000
  7.1152718e+000
  7.0378205e+000
  6.6452036e+000
  6.5297656e+000
  6.5371863e+000
  6.3515368e+000
  6.2720913e+000
  6.1535998e+000
  5.8470316e+000
  5.8122753e+000
  5.9201160e+000
  5.7735865e+000
  5.7079841e+000
  5.7150348e+000
  5.4724953e+000
  5.3442228e+000
  5.3898876e+000
  5.2333671e+000
  5.1687133e+000
  5.2869618e+000
  5.2285390e+000
