  4.9205491e+003
  5.0060914e+003
  5.0825914e+003
  5.1121587e+003
  5.0859551e+003
  5.0289071e+003
  4.9834465e+003
  4.9826887e+003
  5.0298162e+003
  5.0963326e+003
  5.1399554e+003
  5.1307274e+003
  5.0690672e+003
  4.9848514e+003
  4.9186301e+003
  4.8970389e+003
  4.9176006e+003
  4.9517806e+003
  4.9637169e+003
  4.9327596e+003
  4.8662855e+003
  4.7956499e+003
  4.7582425e+003
  4.7763589e+003
  4.8448589e+003
  4.9341877e+003
  5.0066479e+003
  5.0366041e+003
  5.0233326e+003
  4.9894751e+003
  4.9662353e+003
  4.9740559e+003
  5.0101188e+003
  5.0499381e+003
  5.0619183e+003
  5.0261745e+003
  4.9467705e+003
  4.8508394e+003
  4.7756891e+003
  4.7511974e+003
  4.7863907e+003
  4.8661486e+003
  4.9587980e+003
  5.0305679e+003
  5.0601300e+003
  5.0465692e+003
  5.0072056e+003
  4.9667361e+003
  4.9437513e+003
  4.9420048e+003
  4.9507916e+003
  4.9532998e+003
  4.9374925e+003
  4.9034866e+003
  4.8641409e+003
  4.8392335e+003
  4.8461197e+003
  4.8907572e+003
  4.9629160e+003
  5.0382571e+003
  5.0873457e+003
  5.0881447e+003
  5.0361754e+003
  4.9473368e+003
  4.8521254e+003
  4.7841785e+003
  4.7680673e+003
  4.8106194e+003
  4.8982354e+003
  5.0009894e+003
  5.0826921e+003
  5.1139723e+003
  5.0834852e+003
  5.0023436e+003
  4.8996930e+003
  4.8115272e+003
  4.7676547e+003
  4.7816979e+003
  4.8470400e+003
  4.9395074e+003
  5.0259722e+003
  5.0764208e+003
  5.0752511e+003
  5.0269320e+003
  4.9531531e+003
  4.8827424e+003
  4.8393447e+003
  4.8326244e+003
  4.8563797e+003
  4.8934308e+003
  4.9245494e+003
  4.9376123e+003
  4.9331588e+003
  4.9235594e+003
  4.9255187e+003
  4.9492473e+003
  4.9903178e+003
  5.0295715e+003
  5.0420989e+003
  5.0108380e+003
  4.9373486e+003
  4.8437268e+003
  4.7642999e+003
  4.7308316e+003
  4.7580199e+003
  4.8360839e+003
  4.9343760e+003
  5.0150980e+003
  5.0510414e+003
  5.0384080e+003
  4.9974652e+003
  4.9600618e+003
  4.9506809e+003
  4.9719451e+003
  5.0032354e+003
  5.0134083e+003
  4.9801816e+003
  4.9047758e+003
  4.8131630e+003
  4.7429858e+003
  4.7233740e+003
  4.7589681e+003
  4.8272975e+003
  4.8913604e+003
  4.9206443e+003
  4.9086442e+003
  4.8764030e+003
  4.8594019e+003
  4.8851156e+003
  4.9547201e+003
  5.0405762e+003
  5.1017858e+003
  5.1087914e+003
  5.0618758e+003
  4.9917087e+003
  4.9410826e+003
  4.9388544e+003
  4.9822794e+003
  5.0389234e+003
  5.0671666e+003
  5.0425943e+003
  4.9736966e+003
  4.8967853e+003
  4.8529107e+003
  4.8609054e+003
  4.9034634e+003
  4.9355926e+003
  4.9113453e+003
  4.8135237e+003
  4.6687734e+003
  4.5384947e+003
  4.4895826e+003
  4.5603447e+003
  4.7396708e+003
  4.9702879e+003
  5.1740326e+003
  5.2858774e+003
  5.2800737e+003
  5.1773977e+003
  5.0328483e+003
