  1.2741264e+002
  1.2602578e+002
  1.2320685e+002
  1.2574040e+002
  1.2916404e+002
  1.2241454e+002
  1.2101702e+002
  1.2811805e+002
  1.2323254e+002
  1.1843674e+002
  1.2573413e+002
  1.2231390e+002
  1.1745688e+002
  1.2317994e+002
  1.1941191e+002
  1.1883829e+002
  1.1857681e+002
  1.1688861e+002
  1.2087346e+002
  1.1220483e+002
  1.1805000e+002
  1.1531910e+002
  1.1514735e+002
  1.1131162e+002
  1.1423848e+002
  1.1318865e+002
  1.1145899e+002
  1.0789283e+002
  1.1205059e+002
  1.0853852e+002
  1.1026231e+002
  1.0312289e+002
  1.0824985e+002
  1.0615631e+002
  1.0507030e+002
  1.0443550e+002
  9.9010879e+001
  1.0358253e+002
  1.0306091e+002
  9.8947109e+001
  1.0015842e+002
  9.6665016e+001
  9.4301820e+001
  9.8333708e+001
  9.7885362e+001
  9.3180306e+001
  9.2534011e+001
  9.2729423e+001
  8.9525608e+001
  8.7397332e+001
  8.9304054e+001
  9.1086009e+001
  8.9093250e+001
  8.5502754e+001
  8.3765093e+001
  8.3807506e+001
  8.3319803e+001
  8.1179929e+001
  7.8364695e+001
  7.6338914e+001
  7.5725235e+001
  7.5993144e+001
  7.6240945e+001
  7.5817850e+001
  7.4566442e+001
  7.2866988e+001
  7.0898512e+001
  6.9126916e+001
  6.7507130e+001
  6.6155423e+001
  6.4924824e+001
  6.3801278e+001
  6.2753650e+001
  6.1783272e+001
  6.0963467e+001
  6.0299131e+001
  5.9797273e+001
  5.9323863e+001
  5.8671051e+001
  5.7563376e+001
  5.5914244e+001
  5.3807264e+001
  5.1769707e+001
  5.0429112e+001
  4.9970151e+001
  4.9980846e+001
  4.9446872e+001
  4.8001262e+001
  4.6273479e+001
  4.5616687e+001
  4.5867115e+001
  4.5200025e+001
  4.2729800e+001
  4.0314457e+001
  3.9815677e+001
  3.9667494e+001
  3.8094482e+001
  3.6963338e+001
  3.7404466e+001
  3.6140197e+001
  3.3344888e+001
  3.2873806e+001
  3.2674511e+001
  3.1031181e+001
  3.1091126e+001
  2.9961540e+001
  2.7492081e+001
  2.7823587e+001
  2.6759827e+001
  2.5996776e+001
  2.5343092e+001
  2.3109573e+001
  2.3609192e+001
  2.2212068e+001
  2.1926772e+001
  2.0135772e+001
  1.9846132e+001
  1.9194257e+001
  1.8476871e+001
  1.7100857e+001
  1.6828924e+001
  1.5994036e+001
  1.5558915e+001
  1.4005830e+001
  1.4266412e+001
  1.3077280e+001
  1.2510974e+001
  1.1832462e+001
  1.1196095e+001
  1.0876255e+001
  9.7443807e+000
  9.4986341e+000
  9.1559654e+000
  8.0694711e+000
  7.8131402e+000
  7.5712041e+000
  6.6586927e+000
  6.2295490e+000
  6.0779262e+000
  5.4665358e+000
  4.9299263e+000
  4.6280344e+000
  4.2749228e+000
  3.9625234e+000
  3.5768804e+000
  3.1159007e+000
  2.8871293e+000
  2.7026569e+000
  2.3893484e+000
  2.1489438e+000
  1.9063480e+000
  1.6348777e+000
  1.4761239e+000
  1.3231061e+000
  1.1576280e+000
  1.0632299e+000
  9.5536542e-001
  8.4754186e-001
  7.9920477e-001
  7.4629844e-001
