  9.9046686e+001
  9.7738419e+001
  9.7105876e+001
  1.0083188e+002
  9.9290548e+001
  9.3986775e+001
  9.8207978e+001
  1.0011181e+002
  9.3182299e+001
  9.5805921e+001
  9.9167469e+001
  9.2239629e+001
  9.4623141e+001
  9.7000445e+001
  9.1327942e+001
  9.4172975e+001
  9.2687211e+001
  9.2956477e+001
  9.1425428e+001
  8.9576488e+001
  9.4130389e+001
  8.7396342e+001
  9.0551287e+001
  8.7755992e+001
  9.1378868e+001
  8.4618938e+001
  8.8419265e+001
  8.5561196e+001
  8.8569385e+001
  8.2449782e+001
  8.4806869e+001
  8.4543247e+001
  8.3550342e+001
  8.3303492e+001
  7.8678371e+001
  8.2689133e+001
  8.1434512e+001
  7.8931215e+001
  7.9706819e+001
  7.6076575e+001
  7.6610338e+001
  7.9570940e+001
  7.6101490e+001
  7.3542006e+001
  7.4458334e+001
  7.3050618e+001
  7.1130516e+001
  7.2659724e+001
  7.3803880e+001
  7.1034923e+001
  6.7642795e+001
  6.7033298e+001
  6.7726305e+001
  6.7148069e+001
  6.5392950e+001
  6.4265330e+001
  6.4569333e+001
  6.5312784e+001
  6.5069242e+001
  6.3488325e+001
  6.1307171e+001
  5.9341468e+001
  5.8089748e+001
  5.7470756e+001
  5.7146073e+001
  5.6821032e+001
  5.6238806e+001
  5.5481967e+001
  5.4497686e+001
  5.3494339e+001
  5.2469161e+001
  5.1541522e+001
  5.0689641e+001
  4.9896516e+001
  4.9123190e+001
  4.8260297e+001
  4.7263160e+001
  4.6123785e+001
  4.4790408e+001
  4.3508956e+001
  4.2475739e+001
  4.1915524e+001
  4.1797785e+001
  4.1827051e+001
  4.1332455e+001
  4.0052139e+001
  3.8212761e+001
  3.6715286e+001
  3.6055661e+001
  3.5701842e+001
  3.4680031e+001
  3.3078545e+001
  3.2193167e+001
  3.2568127e+001
  3.2601126e+001
  3.0936143e+001
  2.9175444e+001
  2.8845584e+001
  2.8257899e+001
  2.6838870e+001
  2.6742068e+001
  2.6866446e+001
  2.4859240e+001
  2.3739555e+001
  2.3830860e+001
  2.2648605e+001
  2.2450595e+001
  2.1840720e+001
  1.9923008e+001
  2.0196781e+001
  1.9383123e+001
  1.8809169e+001
  1.8018001e+001
  1.6751373e+001
  1.7153330e+001
  1.5849365e+001
  1.5612798e+001
  1.4228379e+001
  1.4623335e+001
  1.3383249e+001
  1.3116143e+001
  1.2020035e+001
  1.2276150e+001
  1.1102821e+001
  1.0696390e+001
  1.0293657e+001
  9.6999998e+000
  9.2990605e+000
  8.4930252e+000
  8.4800818e+000
  7.7889244e+000
  7.1105477e+000
  7.1522719e+000
  6.4791498e+000
  5.8729315e+000
  5.8615973e+000
  5.3647996e+000
  4.7620240e+000
  4.6434342e+000
  4.3604405e+000
  3.8661451e+000
  3.5797967e+000
  3.3267239e+000
  3.0763621e+000
  2.8475053e+000
  2.4879880e+000
  2.2237930e+000
  2.0977223e+000
  1.8894614e+000
  1.7009854e+000
  1.5387830e+000
  1.3200390e+000
  1.1733049e+000
  1.0612924e+000
  9.2759843e-001
  8.5223776e-001
  7.7837625e-001
  6.9414191e-001
  6.5800054e-001
  6.2095683e-001
