  6.8741564e+000
  6.4754326e+000
  6.5318353e+000
  6.7216989e+000
  6.6057090e+000
  6.5141540e+000
  6.4781584e+000
  6.5690072e+000
  6.5194868e+000
  6.3487884e+000
  6.4889127e+000
  6.4194550e+000
  6.3031504e+000
  6.3902856e+000
  6.2531404e+000
  6.3588174e+000
  6.1572048e+000
  6.1981182e+000
  6.3351489e+000
  5.9190715e+000
  6.2539195e+000
  6.0155358e+000
  6.0889946e+000
  5.8282305e+000
  6.1557294e+000
  5.8063725e+000
  5.9056219e+000
  5.7212480e+000
  5.9983698e+000
  5.6185914e+000
  5.6892507e+000
  5.6891214e+000
  5.6475132e+000
  5.6460667e+000
  5.3385547e+000
  5.5614459e+000
  5.5478569e+000
  5.3067646e+000
  5.3613107e+000
  5.2432046e+000
  5.2051918e+000
  5.3604829e+000
  5.1829228e+000
  4.9311233e+000
  5.0079309e+000
  5.1070012e+000
  4.9804709e+000
  4.8770421e+000
  4.8842283e+000
  4.8173670e+000
  4.6550756e+000
  4.5719872e+000
  4.6357737e+000
  4.7175186e+000
  4.6787369e+000
  4.5234180e+000
  4.3599983e+000
  4.2684557e+000
  4.2427705e+000
  4.2389813e+000
  4.2177416e+000
  4.1619971e+000
  4.0863635e+000
  4.0041166e+000
  3.9358596e+000
  3.8802244e+000
  3.8390447e+000
  3.8033423e+000
  3.7679846e+000
  3.7296805e+000
  3.6830530e+000
  3.6300197e+000
  3.5732295e+000
  3.5057362e+000
  3.4374210e+000
  3.3675616e+000
  3.2976916e+000
  3.2344788e+000
  3.1809374e+000
  3.1373903e+000
  3.1027469e+000
  3.0617555e+000
  3.0070364e+000
  2.9321976e+000
  2.8478278e+000
  2.7762929e+000
  2.7456448e+000
  2.7543226e+000
  2.7584159e+000
  2.7008295e+000
  2.5859569e+000
  2.4763637e+000
  2.4335358e+000
  2.4285194e+000
  2.3886190e+000
  2.3161013e+000
  2.2892127e+000
  2.2689328e+000
  2.1668403e+000
  2.0691364e+000
  2.0839330e+000
  2.0877698e+000
  1.9828133e+000
  1.9251061e+000
  1.8961899e+000
  1.8260302e+000
  1.8320255e+000
  1.7864121e+000
  1.6738948e+000
  1.6808763e+000
  1.6446175e+000
  1.5991493e+000
  1.5452413e+000
  1.4786803e+000
  1.5063754e+000
  1.4211121e+000
  1.3877253e+000
  1.3375365e+000
  1.3455129e+000
  1.2645826e+000
  1.2396672e+000
  1.2092158e+000
  1.1941313e+000
  1.1145462e+000
  1.1216336e+000
  1.0811857e+000
  1.0369234e+000
  1.0126018e+000
  9.9263534e-001
  9.5396882e-001
  9.1702632e-001
  9.1412472e-001
  8.6930859e-001
  8.3836816e-001
  8.3710458e-001
  7.9269451e-001
  7.6962377e-001
  7.6493939e-001
  7.2549715e-001
  7.0978677e-001
  6.9779404e-001
  6.6705378e-001
  6.6112152e-001
  6.3652940e-001
  6.1196986e-001
  6.1817242e-001
  5.9340686e-001
  5.7451772e-001
  5.6902996e-001
  5.4305401e-001
  5.4531975e-001
  5.4221962e-001
  5.2392339e-001
  5.2922077e-001
  5.1083824e-001
  4.9991479e-001
  5.0283544e-001
  4.8286942e-001
  4.8696871e-001
  4.8866114e-001
