  6.9472501e-001
  6.9680037e-001
  6.9754814e-001
  6.8545156e-001
  7.0358304e-001
  6.9275204e-001
  6.8128756e-001
  7.0310777e-001
  6.8690534e-001
  6.8046472e-001
  6.9998959e-001
  6.8042894e-001
  6.8039410e-001
  6.9592394e-001
  6.7377403e-001
  6.8131371e-001
  6.8927306e-001
  6.7133838e-001
  6.7778724e-001
  6.8170905e-001
  6.7394409e-001
  6.6581753e-001
  6.8298622e-001
  6.6733613e-001
  6.6466292e-001
  6.7002907e-001
  6.7312240e-001
  6.5556771e-001
  6.6274917e-001
  6.6767986e-001
  6.5862711e-001
  6.5270889e-001
  6.5559582e-001
  6.6293539e-001
  6.4982608e-001
  6.4341309e-001
  6.5298667e-001
  6.5227946e-001
  6.4435906e-001
  6.3914807e-001
  6.3841377e-001
  6.4305186e-001
  6.4363846e-001
  6.3398864e-001
  6.2583275e-001
  6.2908414e-001
  6.3603839e-001
  6.3371672e-001
  6.2433617e-001
  6.1789907e-001
  6.1747503e-001
  6.1956477e-001
  6.1940664e-001
  6.1706979e-001
  6.1453737e-001
  6.1196354e-001
  6.0845568e-001
  6.0448638e-001
  6.0049405e-001
  5.9731545e-001
  5.9529402e-001
  5.9428098e-001
  5.9483817e-001
  5.9528343e-001
  5.9574865e-001
  5.9468701e-001
  5.9358246e-001
  5.9142747e-001
  5.8892102e-001
  5.8661983e-001
  5.8407176e-001
  5.8172544e-001
  5.7933035e-001
  5.7751874e-001
  5.7546616e-001
  5.7334589e-001
  5.7122106e-001
  5.6816588e-001
  5.6447322e-001
  5.5962799e-001
  5.5424159e-001
  5.4883841e-001
  5.4469690e-001
  5.4188285e-001
  5.4115008e-001
  5.4132272e-001
  5.4079260e-001
  5.3841744e-001
  5.3623162e-001
  5.3523684e-001
  5.3552967e-001
  5.3295204e-001
  5.2478951e-001
  5.1683987e-001
  5.1803508e-001
  5.2744901e-001
  5.2867742e-001
  5.1459373e-001
  5.0488619e-001
  5.1131921e-001
  5.1643102e-001
  5.0976201e-001
  5.0670177e-001
  5.0301826e-001
  4.9615499e-001
  5.0522244e-001
  5.0702943e-001
  4.8726962e-001
  4.9246428e-001
  4.9993991e-001
  4.9099617e-001
  4.8966902e-001
  4.8044590e-001
  4.9497063e-001
  4.8505759e-001
  4.7539953e-001
  4.8511169e-001
  4.8189787e-001
  4.7700179e-001
  4.6967203e-001
  4.8531007e-001
  4.6876401e-001
  4.6899159e-001
  4.7522059e-001
  4.6882057e-001
  4.6476992e-001
  4.6671081e-001
  4.7197497e-001
  4.5305062e-001
  4.6974943e-001
  4.6458448e-001
  4.4919328e-001
  4.7015074e-001
  4.5678941e-001
  4.4796655e-001
  4.6753489e-001
  4.5270952e-001
  4.4734524e-001
  4.5977811e-001
  4.5187289e-001
  4.5263012e-001
  4.4668123e-001
  4.4643776e-001
  4.6187126e-001
  4.4606716e-001
  4.4128768e-001
  4.4791866e-001
  4.4220737e-001
  4.5714000e-001
  4.5035406e-001
  4.4158349e-001
  4.4666463e-001
  4.3256996e-001
  4.4154056e-001
  4.4347027e-001
  4.3883602e-001
  4.5362847e-001
  4.4352226e-001
  4.4889811e-001
  4.5600611e-001
