  4.8778870e-001
  5.0616112e-001
  4.9991930e-001
  4.8665490e-001
  5.0098089e-001
  4.9717169e-001
  4.9414291e-001
  4.9637967e-001
  4.9313191e-001
  4.9776577e-001
  4.9320722e-001
  4.9245201e-001
  4.9675790e-001
  4.9305675e-001
  4.9227096e-001
  4.9274905e-001
  4.9774013e-001
  4.8391989e-001
  4.9815138e-001
  4.9335604e-001
  4.8325810e-001
  4.9802024e-001
  4.9022058e-001
  4.8733011e-001
  4.8837359e-001
  4.9723904e-001
  4.8239484e-001
  4.8652348e-001
  4.9548362e-001
  4.8442389e-001
  4.8611466e-001
  4.8373863e-001
  4.9541045e-001
  4.8241780e-001
  4.7735871e-001
  4.9371686e-001
  4.8575064e-001
  4.8042730e-001
  4.8284853e-001
  4.8046229e-001
  4.8639760e-001
  4.8821607e-001
  4.7478972e-001
  4.7284548e-001
  4.8636572e-001
  4.8946344e-001
  4.7729913e-001
  4.7057770e-001
  4.7582778e-001
  4.8175162e-001
  4.8078277e-001
  4.7675320e-001
  4.7575846e-001
  4.7599343e-001
  4.7482365e-001
  4.7169910e-001
  4.6903272e-001
  4.6941743e-001
  4.7248263e-001
  4.7671617e-001
  4.7919469e-001
  4.7879040e-001
  4.7630941e-001
  4.7227059e-001
  4.6798076e-001
  4.6377716e-001
  4.6074244e-001
  4.5833364e-001
  4.5660649e-001
  4.5558187e-001
  4.5457162e-001
  4.5396396e-001
  4.5334331e-001
  4.5293213e-001
  4.5275144e-001
  4.5313405e-001
  4.5440255e-001
  4.5634204e-001
  4.5931446e-001
  4.6252783e-001
  4.6554820e-001
  4.6696585e-001
  4.6622311e-001
  4.6222531e-001
  4.5678432e-001
  4.5245162e-001
  4.5098476e-001
  4.5214841e-001
  4.5439053e-001
  4.5411833e-001
  4.5226129e-001
  4.5236990e-001
  4.5589917e-001
  4.5633063e-001
  4.4816133e-001
  4.4079779e-001
  4.4705005e-001
  4.5931129e-001
  4.5493565e-001
  4.3919067e-001
  4.4048859e-001
  4.5280820e-001
  4.5005575e-001
  4.4362380e-001
  4.4549794e-001
  4.3987637e-001
  4.4530190e-001
  4.5331727e-001
  4.3429606e-001
  4.3922693e-001
  4.5113368e-001
  4.3875865e-001
  4.4131953e-001
  4.3539546e-001
  4.4915932e-001
  4.3764023e-001
  4.3326634e-001
  4.4558484e-001
  4.3839502e-001
  4.3482037e-001
  4.3678519e-001
  4.4438457e-001
  4.2995089e-001
  4.3628201e-001
  4.4377080e-001
  4.2676097e-001
  4.4067899e-001
  4.3451699e-001
  4.3378931e-001
  4.3399823e-001
  4.3530130e-001
  4.3379542e-001
  4.3147068e-001
  4.3511784e-001
  4.3260523e-001
  4.3305096e-001
  4.2963213e-001
  4.3387791e-001
  4.3749241e-001
  4.2152876e-001
  4.3313807e-001
  4.4165818e-001
  4.2355738e-001
  4.2925638e-001
  4.2883869e-001
  4.3211483e-001
  4.4115619e-001
  4.2304501e-001
  4.2663738e-001
  4.2674416e-001
  4.2465762e-001
  4.4025627e-001
  4.3093175e-001
  4.3552981e-001
  4.3481769e-001
  4.2280189e-001
  4.3249473e-001
  4.2059968e-001
  4.2291267e-001
  4.2950454e-001
