  4.2818162e-001
  4.3171241e-001
  4.2645261e-001
  4.3634697e-001
  4.3741059e-001
  4.1965651e-001
  4.3763262e-001
  4.3655182e-001
  4.2056410e-001
  4.3825196e-001
  4.3304779e-001
  4.2191795e-001
  4.4116618e-001
  4.2708695e-001
  4.2618593e-001
  4.4183862e-001
  4.2018098e-001
  4.3476760e-001
  4.3337741e-001
  4.2620365e-001
  4.3058304e-001
  4.3440095e-001
  4.2788706e-001
  4.2614236e-001
  4.3723055e-001
  4.2726953e-001
  4.2466385e-001
  4.3640105e-001
  4.2808467e-001
  4.2882626e-001
  4.2386487e-001
  4.4001672e-001
  4.2496058e-001
  4.2197515e-001
  4.3699719e-001
  4.2863370e-001
  4.2762121e-001
  4.2670718e-001
  4.2509257e-001
  4.3617965e-001
  4.3161618e-001
  4.1744058e-001
  4.2530732e-001
  4.3865200e-001
  4.3140538e-001
  4.2005930e-001
  4.2282058e-001
  4.3062541e-001
  4.3087156e-001
  4.2718360e-001
  4.2707342e-001
  4.2799494e-001
  4.2629332e-001
  4.2262322e-001
  4.2195558e-001
  4.2542959e-001
  4.3094700e-001
  4.3427055e-001
  4.3285160e-001
  4.2800770e-001
  4.2186374e-001
  4.1705411e-001
  4.1497744e-001
  4.1520610e-001
  4.1722062e-001
  4.2002578e-001
  4.2324986e-001
  4.2588143e-001
  4.2767627e-001
  4.2928688e-001
  4.2994338e-001
  4.3031521e-001
  4.2965491e-001
  4.2847500e-001
  4.2707256e-001
  4.2465351e-001
  4.2166359e-001
  4.1833475e-001
  4.1513878e-001
  4.1286539e-001
  4.1220153e-001
  4.1413381e-001
  4.1879951e-001
  4.2459697e-001
  4.2932594e-001
  4.3047377e-001
  4.2663037e-001
  4.2089988e-001
  4.1699336e-001
  4.1754120e-001
  4.2084339e-001
  4.2207558e-001
  4.2067373e-001
  4.2102170e-001
  4.2442501e-001
  4.2385736e-001
  4.1546587e-001
  4.1235523e-001
  4.2385975e-001
  4.3087958e-001
  4.1701218e-001
  4.0870474e-001
  4.2327342e-001
  4.2717958e-001
  4.1593474e-001
  4.1770635e-001
  4.1793853e-001
  4.1844203e-001
  4.2723826e-001
  4.1148645e-001
  4.1442118e-001
  4.2941632e-001
  4.1298520e-001
  4.1767028e-001
  4.1610151e-001
  4.2536801e-001
  4.1271648e-001
  4.1521454e-001
  4.2518814e-001
  4.1403571e-001
  4.1481556e-001
  4.2185451e-001
  4.1735208e-001
  4.1333579e-001
  4.1934727e-001
  4.2200528e-001
  4.0607818e-001
  4.2820325e-001
  4.1240682e-001
  4.1257660e-001
  4.2660656e-001
  4.0786178e-001
  4.1813845e-001
  4.2402713e-001
  4.0559317e-001
  4.2103167e-001
  4.2283186e-001
  4.0455948e-001
  4.2111621e-001
  4.2111773e-001
  4.1129414e-001
  4.1612675e-001
  4.1162690e-001
  4.2410988e-001
  4.1903802e-001
  4.0540188e-001
  4.1705031e-001
  4.1299571e-001
  4.2183274e-001
  4.2395172e-001
  4.1022727e-001
  4.1714852e-001
  4.0630548e-001
  4.1048892e-001
  4.1706764e-001
  4.1034994e-001
  4.2416737e-001
  4.1686645e-001
  4.1981218e-001
  4.2772797e-001
