  3.4586219e-001
  3.3233188e-001
  3.4620425e-001
  3.4513516e-001
  3.3853752e-001
  3.4212772e-001
  3.4078092e-001
  3.4705987e-001
  3.3616332e-001
  3.4311043e-001
  3.4714046e-001
  3.3306670e-001
  3.4954284e-001
  3.3965146e-001
  3.3796922e-001
  3.4874266e-001
  3.3594963e-001
  3.4439908e-001
  3.4161107e-001
  3.4249937e-001
  3.3753090e-001
  3.4985959e-001
  3.3350549e-001
  3.4680832e-001
  3.4140598e-001
  3.4186527e-001
  3.3713150e-001
  3.5095467e-001
  3.3456744e-001
  3.4197360e-001
  3.4741332e-001
  3.3663018e-001
  3.4262938e-001
  3.4169527e-001
  3.4425728e-001
  3.4073702e-001
  3.3598812e-001
  3.4826508e-001
  3.4539033e-001
  3.3248319e-001
  3.4121187e-001
  3.5133563e-001
  3.4115474e-001
  3.3247821e-001
  3.4191031e-001
  3.5057991e-001
  3.4391998e-001
  3.3498270e-001
  3.3666948e-001
  3.4522944e-001
  3.4835186e-001
  3.4376433e-001
  3.3741468e-001
  3.3560618e-001
  3.3901480e-001
  3.4486612e-001
  3.4821469e-001
  3.4741620e-001
  3.4333097e-001
  3.3864440e-001
  3.3497620e-001
  3.3412619e-001
  3.3509327e-001
  3.3784171e-001
  3.4108519e-001
  3.4428389e-001
  3.4695659e-001
  3.4866416e-001
  3.5008439e-001
  3.5062583e-001
  3.5131422e-001
  3.5144789e-001
  3.5105715e-001
  3.5086151e-001
  3.4992165e-001
  3.4859256e-001
  3.4711011e-001
  3.4420934e-001
  3.4115499e-001
  3.3766861e-001
  3.3506825e-001
  3.3404085e-001
  3.3510019e-001
  3.3842405e-001
  3.4352869e-001
  3.4718146e-001
  3.4824521e-001
  3.4467679e-001
  3.3905449e-001
  3.3545475e-001
  3.3738765e-001
  3.4368483e-001
  3.4833783e-001
  3.4503563e-001
  3.3670330e-001
  3.3477185e-001
  3.4393804e-001
  3.5032532e-001
  3.4180731e-001
  3.3244922e-001
  3.4089642e-001
  3.5137502e-001
  3.4113390e-001
  3.3231351e-001
  3.4534594e-001
  3.4801375e-001
  3.3601201e-001
  3.4058934e-001
  3.4415742e-001
  3.4151429e-001
  3.4238519e-001
  3.3650077e-001
  3.4743680e-001
  3.4178343e-001
  3.3423554e-001
  3.5077403e-001
  3.3703763e-001
  3.4172241e-001
  3.4110671e-001
  3.4650721e-001
  3.3342690e-001
  3.4987313e-001
  3.3722353e-001
  3.4233569e-001
  3.4130904e-001
  3.4407158e-001
  3.3567071e-001
  3.4857703e-001
  3.3782323e-001
  3.3966257e-001
  3.4902466e-001
  3.3297211e-001
  3.4661655e-001
  3.4299524e-001
  3.3579997e-001
  3.4657509e-001
  3.4077791e-001
  3.4156080e-001
  3.3841244e-001
  3.4490557e-001
  3.4580181e-001
  3.3193298e-001
  3.4553313e-001
  3.4392852e-001
  3.4358100e-001
  3.4037842e-001
  3.3317010e-001
  3.4709870e-001
  3.4179865e-001
  3.4852313e-001
  3.4164986e-001
  3.3662784e-001
  3.4040562e-001
  3.3253191e-001
  3.4438718e-001
  3.3818885e-001
  3.4582922e-001
  3.4600531e-001
  3.4264421e-001
  3.5261815e-001
