  2.9484970e-001
  2.9718127e-001
  3.0012672e-001
  3.0172704e-001
  3.0008451e-001
  2.9219347e-001
  3.0736895e-001
  2.9644630e-001
  2.9606637e-001
  3.0540459e-001
  2.9382189e-001
  3.0160255e-001
  3.0023369e-001
  2.9517731e-001
  3.0457449e-001
  2.9463375e-001
  3.0137261e-001
  3.0059107e-001
  2.9375359e-001
  3.0727143e-001
  2.9133832e-001
  3.0395133e-001
  2.9778461e-001
  2.9924615e-001
  2.9732594e-001
  3.0431214e-001
  2.9223885e-001
  3.0315013e-001
  3.0156968e-001
  2.9206667e-001
  3.0570944e-001
  2.9751902e-001
  2.9663065e-001
  3.0148200e-001
  2.9881476e-001
  2.9960042e-001
  2.9708803e-001
  2.9900253e-001
  3.0339720e-001
  2.9672000e-001
  2.9452369e-001
  3.0362578e-001
  3.0330836e-001
  2.9406432e-001
  2.9429194e-001
  3.0387784e-001
  3.0489120e-001
  2.9680978e-001
  2.9226857e-001
  2.9754939e-001
  3.0479062e-001
  3.0422251e-001
  2.9864691e-001
  2.9424721e-001
  2.9477006e-001
  2.9828838e-001
  3.0162119e-001
  3.0190525e-001
  3.0062255e-001
  2.9927974e-001
  2.9906020e-001
  3.0016729e-001
  3.0137565e-001
  3.0198899e-001
  3.0167286e-001
  3.0036034e-001
  2.9858866e-001
  2.9687924e-001
  2.9528892e-001
  2.9431716e-001
  2.9331492e-001
  2.9318703e-001
  2.9344400e-001
  2.9415483e-001
  2.9536941e-001
  2.9677145e-001
  2.9859587e-001
  3.0042642e-001
  3.0155561e-001
  3.0204702e-001
  3.0133734e-001
  3.0011630e-001
  2.9901763e-001
  2.9937545e-001
  3.0049810e-001
  3.0190083e-001
  3.0142202e-001
  2.9830154e-001
  2.9478586e-001
  2.9402064e-001
  2.9854700e-001
  3.0441316e-001
  3.0457288e-001
  2.9756504e-001
  2.9221427e-001
  2.9662995e-001
  3.0485967e-001
  3.0375701e-001
  2.9429135e-001
  2.9388684e-001
  3.0328634e-001
  3.0345220e-001
  2.9444122e-001
  2.9678461e-001
  3.0327599e-001
  2.9876898e-001
  2.9705174e-001
  2.9954304e-001
  2.9864113e-001
  3.0121301e-001
  2.9651542e-001
  2.9747739e-001
  3.0554157e-001
  2.9198720e-001
  3.0153832e-001
  3.0273168e-001
  2.9215499e-001
  3.0404613e-001
  2.9724935e-001
  2.9902191e-001
  2.9759246e-001
  3.0398352e-001
  2.9112498e-001
  3.0715036e-001
  2.9348534e-001
  3.0058226e-001
  3.0120856e-001
  2.9435186e-001
  3.0426998e-001
  2.9516615e-001
  3.0008015e-001
  3.0125964e-001
  2.9369723e-001
  3.0527780e-001
  2.9570674e-001
  2.9613453e-001
  3.0714997e-001
  2.9200068e-001
  3.0006720e-001
  3.0122972e-001
  2.9993726e-001
  2.9692321e-001
  2.9454937e-001
  3.0725759e-001
  2.9695622e-001
  2.9922552e-001
  2.9311830e-001
  2.9915116e-001
  3.0419542e-001
  3.0007757e-001
  3.0344830e-001
  2.9219442e-001
  2.9891904e-001
  2.9175866e-001
  2.9935768e-001
  2.9836662e-001
  3.0023045e-001
  3.0471398e-001
  2.9874007e-001
  3.0856687e-001
