  2.6960187e-001
  2.7727664e-001
  2.6481154e-001
  2.7080818e-001
  2.6979528e-001
  2.7417274e-001
  2.6618636e-001
  2.7003821e-001
  2.7587579e-001
  2.6270566e-001
  2.7635251e-001
  2.6841927e-001
  2.6787435e-001
  2.7583590e-001
  2.6360253e-001
  2.7628606e-001
  2.6739348e-001
  2.6931423e-001
  2.7474547e-001
  2.6403023e-001
  2.7651742e-001
  2.6638682e-001
  2.7087379e-001
  2.7200264e-001
  2.6899268e-001
  2.6913693e-001
  2.7329635e-001
  2.6861020e-001
  2.6777727e-001
  2.7671554e-001
  2.6338607e-001
  2.7226179e-001
  2.7496999e-001
  2.6329846e-001
  2.7288001e-001
  2.7446420e-001
  2.6463185e-001
  2.7057765e-001
  2.7493569e-001
  2.6748047e-001
  2.6696738e-001
  2.7386527e-001
  2.7287987e-001
  2.6623341e-001
  2.6768746e-001
  2.7445735e-001
  2.7408046e-001
  2.6713266e-001
  2.6462779e-001
  2.7044080e-001
  2.7684117e-001
  2.7477987e-001
  2.6777180e-001
  2.6278305e-001
  2.6500438e-001
  2.7168855e-001
  2.7662824e-001
  2.7672910e-001
  2.7334424e-001
  2.6893263e-001
  2.6666824e-001
  2.6685299e-001
  2.6853305e-001
  2.7006211e-001
  2.7035526e-001
  2.6980331e-001
  2.6854459e-001
  2.6684401e-001
  2.6531198e-001
  2.6408750e-001
  2.6334314e-001
  2.6331361e-001
  2.6338867e-001
  2.6400211e-001
  2.6534334e-001
  2.6689568e-001
  2.6842154e-001
  2.6971656e-001
  2.7050748e-001
  2.6996681e-001
  2.6840919e-001
  2.6685851e-001
  2.6669495e-001
  2.6884959e-001
  2.7324222e-001
  2.7686086e-001
  2.7652006e-001
  2.7168728e-001
  2.6487279e-001
  2.6278465e-001
  2.6762844e-001
  2.7497912e-001
  2.7661891e-001
  2.7034962e-001
  2.6460270e-001
  2.6701067e-001
  2.7409852e-001
  2.7433296e-001
  2.6749908e-001
  2.6619566e-001
  2.7268686e-001
  2.7382551e-001
  2.6689436e-001
  2.6743170e-001
  2.7500246e-001
  2.7025674e-001
  2.6452341e-001
  2.7456215e-001
  2.7271817e-001
  2.6312123e-001
  2.7505877e-001
  2.7202253e-001
  2.6317275e-001
  2.7660749e-001
  2.6776265e-001
  2.6848420e-001
  2.7312211e-001
  2.6900148e-001
  2.6899759e-001
  2.7156483e-001
  2.7076191e-001
  2.6629344e-001
  2.7627096e-001
  2.6390723e-001
  2.7437683e-001
  2.6944749e-001
  2.6712717e-001
  2.7604731e-001
  2.6332689e-001
  2.7577115e-001
  2.6755872e-001
  2.6841839e-001
  2.7602875e-001
  2.6241976e-001
  2.7576028e-001
  2.6982116e-001
  2.6608725e-001
  2.7390294e-001
  2.6965247e-001
  2.7053405e-001
  2.6466389e-001
  2.7682587e-001
  2.6922621e-001
  2.6764014e-001
  2.6808221e-001
  2.7102357e-001
  2.7673675e-001
  2.6706046e-001
  2.7077276e-001
  2.6267509e-001
  2.7286369e-001
  2.6936985e-001
  2.7599558e-001
  2.7245408e-001
  2.7198652e-001
  2.7105546e-001
  2.6610950e-001
  2.7029474e-001
  2.6266313e-001
  2.7099405e-001
