  2.5943344e-001
  2.5949203e-001
  2.6021663e-001
  2.6799957e-001
  2.5463013e-001
  2.6340593e-001
  2.6238639e-001
  2.6090034e-001
  2.5987408e-001
  2.6278336e-001
  2.6235201e-001
  2.5708253e-001
  2.6708001e-001
  2.5613721e-001
  2.6403576e-001
  2.6177968e-001
  2.5858156e-001
  2.6442503e-001
  2.5892536e-001
  2.6179589e-001
  2.6242151e-001
  2.5979794e-001
  2.6108424e-001
  2.6439283e-001
  2.5656628e-001
  2.6479442e-001
  2.6171956e-001
  2.5628289e-001
  2.6833637e-001
  2.5579795e-001
  2.6180926e-001
  2.6511281e-001
  2.5669383e-001
  2.6289046e-001
  2.6276557e-001
  2.5904144e-001
  2.6157122e-001
  2.6225276e-001
  2.6044905e-001
  2.6105536e-001
  2.6157667e-001
  2.6116337e-001
  2.6075864e-001
  2.6118980e-001
  2.6231669e-001
  2.6131263e-001
  2.5912883e-001
  2.6025383e-001
  2.6384058e-001
  2.6437530e-001
  2.5994086e-001
  2.5578827e-001
  2.5787740e-001
  2.6404768e-001
  2.6836334e-001
  2.6630887e-001
  2.6020192e-001
  2.5515141e-001
  2.5425906e-001
  2.5684748e-001
  2.6077400e-001
  2.6353533e-001
  2.6419467e-001
  2.6292484e-001
  2.6113043e-001
  2.6007527e-001
  2.5962217e-001
  2.5998111e-001
  2.6091788e-001
  2.6160137e-001
  2.6241482e-001
  2.6292102e-001
  2.6219874e-001
  2.6168618e-001
  2.6106966e-001
  2.5991941e-001
  2.5958639e-001
  2.6004703e-001
  2.6118497e-001
  2.6296977e-001
  2.6406066e-001
  2.6349412e-001
  2.6066297e-001
  2.5676110e-001
  2.5429879e-001
  2.5513979e-001
  2.6014738e-001
  2.6639748e-001
  2.6813131e-001
  2.6412934e-001
  2.5774281e-001
  2.5594607e-001
  2.5979583e-001
  2.6428465e-001
  2.6384482e-001
  2.6007715e-001
  2.5921659e-001
  2.6123501e-001
  2.6208450e-001
  2.6113591e-001
  2.6055077e-001
  2.6118232e-001
  2.6150714e-001
  2.6098387e-001
  2.6046550e-001
  2.6191935e-001
  2.6153902e-001
  2.5903580e-001
  2.6269940e-001
  2.6263692e-001
  2.5661908e-001
  2.6491425e-001
  2.6155221e-001
  2.5568907e-001
  2.6838291e-001
  2.5615453e-001
  2.6153610e-001
  2.6468041e-001
  2.5657173e-001
  2.6409100e-001
  2.6084462e-001
  2.5986761e-001
  2.6222306e-001
  2.6178301e-001
  2.5860514e-001
  2.6454719e-001
  2.5829984e-001
  2.6164062e-001
  2.6367526e-001
  2.5608563e-001
  2.6692881e-001
  2.5706798e-001
  2.6195863e-001
  2.6256185e-001
  2.5974828e-001
  2.6050230e-001
  2.6232984e-001
  2.6314294e-001
  2.5446345e-001
  2.6767638e-001
  2.6010453e-001
  2.5919385e-001
  2.5917440e-001
  2.6349023e-001
  2.6540062e-001
  2.5606182e-001
  2.6091544e-001
  2.5706429e-001
  2.6806464e-001
  2.6105510e-001
  2.6482786e-001
  2.5697161e-001
  2.5867889e-001
  2.5745537e-001
  2.5845149e-001
  2.6304010e-001
  2.6023554e-001
  2.6704882e-001
  2.6046087e-001
  2.6936064e-001
