  1.9391809e-001
  1.9811879e-001
  1.9871820e-001
  2.0051375e-001
  1.9446647e-001
  1.9901645e-001
  2.0021556e-001
  1.9458175e-001
  1.9969133e-001
  1.9790030e-001
  1.9759556e-001
  1.9702683e-001
  2.0012080e-001
  1.9434737e-001
  2.0241456e-001
  1.9434336e-001
  1.9980908e-001
  1.9717935e-001
  1.9755181e-001
  1.9862460e-001
  1.9769981e-001
  1.9715589e-001
  2.0054365e-001
  1.9356431e-001
  2.0325713e-001
  1.9272811e-001
  2.0134779e-001
  1.9754886e-001
  1.9466051e-001
  2.0291360e-001
  1.9374609e-001
  1.9865105e-001
  2.0090921e-001
  1.9312596e-001
  2.0006267e-001
  2.0068827e-001
  1.9283139e-001
  1.9945310e-001
  2.0228470e-001
  1.9319749e-001
  1.9571753e-001
  2.0349182e-001
  1.9803444e-001
  1.9296910e-001
  1.9789228e-001
  2.0125130e-001
  1.9813567e-001
  1.9683739e-001
  1.9802351e-001
  1.9656425e-001
  1.9513001e-001
  1.9826893e-001
  2.0252915e-001
  2.0233681e-001
  1.9678009e-001
  1.9327113e-001
  1.9408919e-001
  1.9727144e-001
  1.9800851e-001
  1.9654551e-001
  1.9489049e-001
  1.9503606e-001
  1.9740984e-001
  2.0018411e-001
  2.0170121e-001
  2.0121109e-001
  1.9963530e-001
  1.9766295e-001
  1.9574568e-001
  1.9447739e-001
  1.9370965e-001
  1.9338249e-001
  1.9376566e-001
  1.9453196e-001
  1.9556218e-001
  1.9769561e-001
  1.9960585e-001
  2.0148257e-001
  2.0157664e-001
  2.0003974e-001
  1.9758934e-001
  1.9498437e-001
  1.9486376e-001
  1.9644700e-001
  1.9797090e-001
  1.9717751e-001
  1.9416686e-001
  1.9319133e-001
  1.9683486e-001
  2.0214525e-001
  2.0254910e-001
  1.9824231e-001
  1.9504136e-001
  1.9658980e-001
  1.9789923e-001
  1.9679666e-001
  1.9799021e-001
  2.0138462e-001
  1.9780403e-001
  1.9284672e-001
  1.9808163e-001
  2.0331952e-001
  1.9557472e-001
  1.9317632e-001
  2.0226142e-001
  1.9946297e-001
  1.9265320e-001
  2.0050769e-001
  2.0016001e-001
  1.9298058e-001
  2.0088747e-001
  1.9859180e-001
  1.9370846e-001
  2.0259465e-001
  1.9473186e-001
  1.9745646e-001
  2.0112863e-001
  1.9256876e-001
  2.0344043e-001
  1.9339637e-001
  2.0042273e-001
  1.9691877e-001
  1.9747118e-001
  1.9862294e-001
  1.9745277e-001
  1.9690667e-001
  2.0000546e-001
  1.9425646e-001
  2.0204253e-001
  1.9426110e-001
  2.0001950e-001
  1.9689720e-001
  1.9750710e-001
  1.9760780e-001
  1.9978539e-001
  1.9432194e-001
  2.0035636e-001
  1.9863354e-001
  1.9421094e-001
  2.0042083e-001
  1.9843115e-001
  1.9787069e-001
  1.9361907e-001
  2.0228293e-001
  1.9754859e-001
  1.9953949e-001
  1.9214863e-001
  1.9977959e-001
  1.9688501e-001
  2.0346383e-001
  1.9578106e-001
  1.9935858e-001
  1.9225891e-001
  1.9803550e-001
  1.9352407e-001
  2.0056319e-001
  1.9620417e-001
  2.0273885e-001
  1.9721813e-001
  2.0314061e-001
