  1.6896228e-001
  1.7109918e-001
  1.7346331e-001
  1.7286178e-001
  1.6855097e-001
  1.7336694e-001
  1.7218869e-001
  1.7061116e-001
  1.7071907e-001
  1.7491259e-001
  1.6718545e-001
  1.7677780e-001
  1.6782898e-001
  1.7415578e-001
  1.7051165e-001
  1.7141666e-001
  1.7269596e-001
  1.6958657e-001
  1.7458150e-001
  1.6777221e-001
  1.7619615e-001
  1.6673099e-001
  1.7648279e-001
  1.6787460e-001
  1.7375659e-001
  1.7152784e-001
  1.6950931e-001
  1.7529158e-001
  1.6757232e-001
  1.7422921e-001
  1.7182542e-001
  1.6829061e-001
  1.7628892e-001
  1.6949188e-001
  1.6932614e-001
  1.7666873e-001
  1.6920853e-001
  1.6891834e-001
  1.7608557e-001
  1.7133893e-001
  1.6838828e-001
  1.7269855e-001
  1.7284809e-001
  1.7128018e-001
  1.7242617e-001
  1.6993750e-001
  1.6889437e-001
  1.7400146e-001
  1.7635456e-001
  1.7121610e-001
  1.6728071e-001
  1.6994941e-001
  1.7241266e-001
  1.7158027e-001
  1.7074992e-001
  1.7326832e-001
  1.7604881e-001
  1.7516345e-001
  1.7201442e-001
  1.6983923e-001
  1.7053787e-001
  1.7253331e-001
  1.7319728e-001
  1.7220071e-001
  1.7015094e-001
  1.6861969e-001
  1.6874129e-001
  1.7030623e-001
  1.7254894e-001
  1.7453742e-001
  1.7589763e-001
  1.7642753e-001
  1.7592695e-001
  1.7453658e-001
  1.7253485e-001
  1.7021731e-001
  1.6882698e-001
  1.6863698e-001
  1.7018293e-001
  1.7203420e-001
  1.7331319e-001
  1.7249620e-001
  1.7050729e-001
  1.6975886e-001
  1.7191908e-001
  1.7519792e-001
  1.7618679e-001
  1.7323339e-001
  1.7066768e-001
  1.7143156e-001
  1.7251194e-001
  1.6979621e-001
  1.6730071e-001
  1.7116434e-001
  1.7627719e-001
  1.7386962e-001
  1.6886873e-001
  1.7001319e-001
  1.7219443e-001
  1.7131313e-001
  1.7267874e-001
  1.7273553e-001
  1.6824253e-001
  1.7132818e-001
  1.7615106e-001
  1.6877060e-001
  1.6930381e-001
  1.7636308e-001
  1.6930816e-001
  1.6958470e-001
  1.7600077e-001
  1.6820770e-001
  1.7192531e-001
  1.7404279e-001
  1.6740163e-001
  1.7528393e-001
  1.6937722e-001
  1.7165297e-001
  1.7369778e-001
  1.6784061e-001
  1.7618849e-001
  1.6656177e-001
  1.7612972e-001
  1.6763040e-001
  1.7456249e-001
  1.6941015e-001
  1.7271787e-001
  1.7131860e-001
  1.7046490e-001
  1.7400811e-001
  1.6784684e-001
  1.7654440e-001
  1.6699707e-001
  1.7468435e-001
  1.7076136e-001
  1.7054322e-001
  1.7193157e-001
  1.7344859e-001
  1.6828693e-001
  1.7273619e-001
  1.7330673e-001
  1.7069523e-001
  1.6913243e-001
  1.7324235e-001
  1.7352725e-001
  1.7135628e-001
  1.6859016e-001
  1.7094913e-001
  1.7280324e-001
  1.7481921e-001
  1.7163686e-001
  1.7149790e-001
  1.6809706e-001
  1.7058315e-001
  1.6872690e-001
  1.7307947e-001
  1.7086393e-001
  1.7533282e-001
  1.7173986e-001
  1.7611915e-001
