  1.6818795e-001
  1.6600742e-001
  1.6424258e-001
  1.6444998e-001
  1.6866877e-001
  1.6413961e-001
  1.6462629e-001
  1.6771746e-001
  1.6414362e-001
  1.6549685e-001
  1.6726996e-001
  1.6449963e-001
  1.6555626e-001
  1.6721649e-001
  1.6264072e-001
  1.6943989e-001
  1.6118851e-001
  1.7000178e-001
  1.6162224e-001
  1.6899650e-001
  1.6316551e-001
  1.6678050e-001
  1.6535236e-001
  1.6512119e-001
  1.6657348e-001
  1.6436185e-001
  1.6679552e-001
  1.6471106e-001
  1.6578396e-001
  1.6599419e-001
  1.6440673e-001
  1.6705808e-001
  1.6500638e-001
  1.6421189e-001
  1.6842130e-001
  1.6383718e-001
  1.6356724e-001
  1.6997703e-001
  1.6412007e-001
  1.6175434e-001
  1.6905981e-001
  1.6731362e-001
  1.6196311e-001
  1.6508071e-001
  1.6726048e-001
  1.6544222e-001
  1.6695640e-001
  1.6676133e-001
  1.6243593e-001
  1.6204695e-001
  1.6743808e-001
  1.7004932e-001
  1.6676417e-001
  1.6462806e-001
  1.6612644e-001
  1.6639615e-001
  1.6375609e-001
  1.6111122e-001
  1.6156218e-001
  1.6465508e-001
  1.6631246e-001
  1.6554302e-001
  1.6339071e-001
  1.6225475e-001
  1.6279615e-001
  1.6436182e-001
  1.6564211e-001
  1.6613181e-001
  1.6517688e-001
  1.6373694e-001
  1.6247710e-001
  1.6199857e-001
  1.6252818e-001
  1.6381136e-001
  1.6511763e-001
  1.6601254e-001
  1.6571508e-001
  1.6441987e-001
  1.6277273e-001
  1.6224021e-001
  1.6339683e-001
  1.6553259e-001
  1.6638332e-001
  1.6452210e-001
  1.6155845e-001
  1.6108944e-001
  1.6378187e-001
  1.6646522e-001
  1.6592768e-001
  1.6459068e-001
  1.6683300e-001
  1.6980132e-001
  1.6747812e-001
  1.6202653e-001
  1.6231092e-001
  1.6671036e-001
  1.6688549e-001
  1.6555759e-001
  1.6708374e-001
  1.6493957e-001
  1.6193409e-001
  1.6731123e-001
  1.6901232e-001
  1.6180126e-001
  1.6412368e-001
  1.6976653e-001
  1.6361241e-001
  1.6360810e-001
  1.6848774e-001
  1.6416961e-001
  1.6487826e-001
  1.6700908e-001
  1.6435248e-001
  1.6585966e-001
  1.6573482e-001
  1.6478790e-001
  1.6671363e-001
  1.6445980e-001
  1.6645697e-001
  1.6494259e-001
  1.6512498e-001
  1.6662610e-001
  1.6321987e-001
  1.6878220e-001
  1.6155770e-001
  1.6985243e-001
  1.6121490e-001
  1.6924264e-001
  1.6262448e-001
  1.6700257e-001
  1.6560271e-001
  1.6441599e-001
  1.6679735e-001
  1.6534658e-001
  1.6422586e-001
  1.6766037e-001
  1.6449180e-001
  1.6385367e-001
  1.6861002e-001
  1.6426432e-001
  1.6417244e-001
  1.6582396e-001
  1.6830480e-001
  1.6355379e-001
  1.6405726e-001
  1.6545169e-001
  1.6818711e-001
  1.6588061e-001
  1.6432962e-001
  1.6314532e-001
  1.6426296e-001
  1.6697687e-001
  1.6733267e-001
  1.6858669e-001
  1.6571220e-001
  1.6685183e-001
  1.6309691e-001
  1.6545451e-001
  1.6160644e-001
  1.6510049e-001
