  1.4601279e-001
  1.4263964e-001
  1.4253821e-001
  1.4258248e-001
  1.4620001e-001
  1.4113223e-001
  1.4322324e-001
  1.4440590e-001
  1.4227758e-001
  1.4284503e-001
  1.4538640e-001
  1.4037472e-001
  1.4629383e-001
  1.4086859e-001
  1.4526503e-001
  1.4198972e-001
  1.4401439e-001
  1.4250274e-001
  1.4400005e-001
  1.4285125e-001
  1.4348328e-001
  1.4302743e-001
  1.4338566e-001
  1.4336829e-001
  1.4313302e-001
  1.4347006e-001
  1.4319038e-001
  1.4308372e-001
  1.4287170e-001
  1.4382087e-001
  1.4230229e-001
  1.4334783e-001
  1.4496488e-001
  1.4021616e-001
  1.4516136e-001
  1.4473379e-001
  1.3908329e-001
  1.4552150e-001
  1.4553228e-001
  1.4003405e-001
  1.4356496e-001
  1.4435700e-001
  1.4337791e-001
  1.4438342e-001
  1.4168412e-001
  1.4015981e-001
  1.4546843e-001
  1.4681100e-001
  1.4260474e-001
  1.4149305e-001
  1.4330458e-001
  1.4159120e-001
  1.4022927e-001
  1.4338125e-001
  1.4662721e-001
  1.4557317e-001
  1.4324760e-001
  1.4391306e-001
  1.4618623e-001
  1.4634648e-001
  1.4384123e-001
  1.4199394e-001
  1.4243163e-001
  1.4442039e-001
  1.4604392e-001
  1.4599271e-001
  1.4478812e-001
  1.4374245e-001
  1.4320566e-001
  1.4348648e-001
  1.4407751e-001
  1.4442277e-001
  1.4391150e-001
  1.4340903e-001
  1.4329839e-001
  1.4363010e-001
  1.4480588e-001
  1.4612685e-001
  1.4595963e-001
  1.4452470e-001
  1.4242781e-001
  1.4190207e-001
  1.4394934e-001
  1.4634460e-001
  1.4600805e-001
  1.4396801e-001
  1.4326076e-001
  1.4555341e-001
  1.4646295e-001
  1.4326592e-001
  1.4020062e-001
  1.4161266e-001
  1.4322907e-001
  1.4155980e-001
  1.4247001e-001
  1.4681442e-001
  1.4532785e-001
  1.4009301e-001
  1.4161658e-001
  1.4443858e-001
  1.4333539e-001
  1.4433050e-001
  1.4335031e-001
  1.4006524e-001
  1.4550293e-001
  1.4536039e-001
  1.3909825e-001
  1.4448222e-001
  1.4525409e-001
  1.4032359e-001
  1.4467931e-001
  1.4333234e-001
  1.4218586e-001
  1.4380583e-001
  1.4287268e-001
  1.4313366e-001
  1.4312944e-001
  1.4330269e-001
  1.4308099e-001
  1.4335061e-001
  1.4327099e-001
  1.4298641e-001
  1.4350974e-001
  1.4267846e-001
  1.4399822e-001
  1.4233316e-001
  1.4413891e-001
  1.4183289e-001
  1.4499731e-001
  1.4073854e-001
  1.4624234e-001
  1.4038929e-001
  1.4511574e-001
  1.4269489e-001
  1.4211257e-001
  1.4458182e-001
  1.4300080e-001
  1.4104072e-001
  1.4593286e-001
  1.4255539e-001
  1.4223246e-001
  1.4271195e-001
  1.4634737e-001
  1.4090445e-001
  1.4284641e-001
  1.4139232e-001
  1.4720069e-001
  1.4223517e-001
  1.4414016e-001
  1.3911645e-001
  1.4414920e-001
  1.4211145e-001
  1.4639741e-001
  1.4409267e-001
  1.4509066e-001
  1.4310849e-001
  1.4213342e-001
  1.4226355e-001
  1.4035344e-001
  1.4230657e-001
