  1.3641322e-001
  1.3725555e-001
  1.4043440e-001
  1.3820201e-001
  1.3581417e-001
  1.4007324e-001
  1.3793939e-001
  1.3682893e-001
  1.3901980e-001
  1.3870911e-001
  1.3615544e-001
  1.4068360e-001
  1.3553189e-001
  1.3995508e-001
  1.3716972e-001
  1.3822394e-001
  1.3875195e-001
  1.3656806e-001
  1.4021514e-001
  1.3580704e-001
  1.4068040e-001
  1.3549076e-001
  1.4031746e-001
  1.3656459e-001
  1.3849887e-001
  1.3903165e-001
  1.3611591e-001
  1.4073348e-001
  1.3570557e-001
  1.3929201e-001
  1.3840414e-001
  1.3702514e-001
  1.3889122e-001
  1.3801507e-001
  1.3853987e-001
  1.3627825e-001
  1.3962860e-001
  1.3958528e-001
  1.3426880e-001
  1.3945160e-001
  1.4144474e-001
  1.3577327e-001
  1.3695162e-001
  1.3858345e-001
  1.3776941e-001
  1.4027502e-001
  1.3966956e-001
  1.3462352e-001
  1.3571762e-001
  1.3947245e-001
  1.3935333e-001
  1.3805755e-001
  1.3987560e-001
  1.4095862e-001
  1.3748230e-001
  1.3486805e-001
  1.3621881e-001
  1.3805086e-001
  1.3700119e-001
  1.3468119e-001
  1.3441495e-001
  1.3661388e-001
  1.3828941e-001
  1.3770625e-001
  1.3587333e-001
  1.3433901e-001
  1.3432749e-001
  1.3574009e-001
  1.3758907e-001
  1.3922548e-001
  1.4020950e-001
  1.4050531e-001
  1.4003387e-001
  1.3919471e-001
  1.3763069e-001
  1.3568578e-001
  1.3434639e-001
  1.3437582e-001
  1.3582718e-001
  1.3778646e-001
  1.3821334e-001
  1.3646663e-001
  1.3447716e-001
  1.3471793e-001
  1.3696374e-001
  1.3803121e-001
  1.3617046e-001
  1.3486874e-001
  1.3739457e-001
  1.4076751e-001
  1.3999912e-001
  1.3801518e-001
  1.3920866e-001
  1.3963490e-001
  1.3558730e-001
  1.3467952e-001
  1.3948014e-001
  1.4020460e-001
  1.3774306e-001
  1.3851578e-001
  1.3700268e-001
  1.3571525e-001
  1.4129603e-001
  1.3932682e-001
  1.3427985e-001
  1.3936648e-001
  1.3955053e-001
  1.3615536e-001
  1.3855823e-001
  1.3806223e-001
  1.3866931e-001
  1.3693385e-001
  1.3828012e-001
  1.3917648e-001
  1.3567034e-001
  1.4080337e-001
  1.3591722e-001
  1.3897429e-001
  1.3834715e-001
  1.3650234e-001
  1.4023935e-001
  1.3539833e-001
  1.4070142e-001
  1.3563061e-001
  1.4013083e-001
  1.3645600e-001
  1.3881579e-001
  1.3799843e-001
  1.3699776e-001
  1.3986353e-001
  1.3545745e-001
  1.4061211e-001
  1.3601009e-001
  1.3863686e-001
  1.3887802e-001
  1.3695210e-001
  1.3764402e-001
  1.4004596e-001
  1.3573571e-001
  1.3806675e-001
  1.4006879e-001
  1.3737866e-001
  1.3644824e-001
  1.3816326e-001
  1.4096511e-001
  1.3658307e-001
  1.3760168e-001
  1.3526729e-001
  1.4128035e-001
  1.3793876e-001
  1.4109106e-001
  1.3536153e-001
  1.3779429e-001
  1.3475542e-001
  1.3789047e-001
  1.3733750e-001
  1.3892930e-001
  1.3965813e-001
  1.3899729e-001
  1.4087115e-001
