  1.3437437e-001
  1.3447896e-001
  1.3018742e-001
  1.3473197e-001
  1.3311965e-001
  1.3309206e-001
  1.3131258e-001
  1.3653399e-001
  1.2971519e-001
  1.3536859e-001
  1.3230048e-001
  1.3295946e-001
  1.3308544e-001
  1.3326671e-001
  1.3223137e-001
  1.3448495e-001
  1.3151310e-001
  1.3469483e-001
  1.3152073e-001
  1.3448902e-001
  1.3241905e-001
  1.3287555e-001
  1.3411502e-001
  1.3096091e-001
  1.3618017e-001
  1.2935782e-001
  1.3696052e-001
  1.3047816e-001
  1.3363189e-001
  1.3511795e-001
  1.2959343e-001
  1.3637852e-001
  1.3220842e-001
  1.3175277e-001
  1.3477265e-001
  1.3265062e-001
  1.3313072e-001
  1.3177456e-001
  1.3427419e-001
  1.3528963e-001
  1.2973261e-001
  1.3249173e-001
  1.3631832e-001
  1.3272958e-001
  1.3194481e-001
  1.3290591e-001
  1.3118920e-001
  1.3313879e-001
  1.3715343e-001
  1.3416287e-001
  1.3096937e-001
  1.3229259e-001
  1.3275352e-001
  1.3077916e-001
  1.3056362e-001
  1.3365851e-001
  1.3552838e-001
  1.3401533e-001
  1.3277229e-001
  1.3427075e-001
  1.3637923e-001
  1.3674137e-001
  1.3464296e-001
  1.3293830e-001
  1.3316081e-001
  1.3481605e-001
  1.3592896e-001
  1.3565462e-001
  1.3390161e-001
  1.3175726e-001
  1.2996184e-001
  1.2925223e-001
  1.2987104e-001
  1.3177904e-001
  1.3385497e-001
  1.3566472e-001
  1.3592815e-001
  1.3472011e-001
  1.3315706e-001
  1.3294890e-001
  1.3462491e-001
  1.3660562e-001
  1.3650543e-001
  1.3429497e-001
  1.3275312e-001
  1.3391433e-001
  1.3543812e-001
  1.3375790e-001
  1.3048291e-001
  1.3059029e-001
  1.3278532e-001
  1.3232166e-001
  1.3091444e-001
  1.3431035e-001
  1.3703905e-001
  1.3325402e-001
  1.3098804e-001
  1.3300310e-001
  1.3192788e-001
  1.3262984e-001
  1.3645628e-001
  1.3249006e-001
  1.2962937e-001
  1.3517708e-001
  1.3421964e-001
  1.3156284e-001
  1.3314423e-001
  1.3258324e-001
  1.3468095e-001
  1.3176142e-001
  1.3207363e-001
  1.3613448e-001
  1.2963674e-001
  1.3498530e-001
  1.3357070e-001
  1.3049203e-001
  1.3675648e-001
  1.2941562e-001
  1.3602457e-001
  1.3093509e-001
  1.3406062e-001
  1.3270897e-001
  1.3242760e-001
  1.3425884e-001
  1.3148897e-001
  1.3456671e-001
  1.3142869e-001
  1.3427085e-001
  1.3214803e-001
  1.3332922e-001
  1.3299820e-001
  1.3297941e-001
  1.3229558e-001
  1.3529572e-001
  1.2965918e-001
  1.3652980e-001
  1.3101568e-001
  1.3313103e-001
  1.3319270e-001
  1.3460220e-001
  1.3007739e-001
  1.3441622e-001
  1.3419253e-001
  1.3285519e-001
  1.3127373e-001
  1.3282607e-001
  1.3585816e-001
  1.3276261e-001
  1.3357019e-001
  1.2944093e-001
  1.3389308e-001
  1.3195724e-001
  1.3667294e-001
  1.3317605e-001
  1.3537002e-001
  1.3229523e-001
  1.3267737e-001
  1.3176002e-001
  1.3079076e-001
  1.3194910e-001
