  1.1583473e-001
  1.2027952e-001
  1.1963534e-001
  1.1922826e-001
  1.1735171e-001
  1.2086553e-001
  1.1872973e-001
  1.1768125e-001
  1.2098220e-001
  1.1791262e-001
  1.1942825e-001
  1.1943593e-001
  1.1837545e-001
  1.1962352e-001
  1.1889034e-001
  1.1917658e-001
  1.1938140e-001
  1.1900754e-001
  1.1935327e-001
  1.1919674e-001
  1.1873733e-001
  1.2033838e-001
  1.1733354e-001
  1.2152543e-001
  1.1599556e-001
  1.2213180e-001
  1.1624652e-001
  1.2096057e-001
  1.1881315e-001
  1.1796657e-001
  1.2042125e-001
  1.1852906e-001
  1.1917373e-001
  1.1840596e-001
  1.2113413e-001
  1.1732449e-001
  1.1822965e-001
  1.2238189e-001
  1.1723810e-001
  1.1773221e-001
  1.2039156e-001
  1.1913225e-001
  1.2021390e-001
  1.1814117e-001
  1.1607425e-001
  1.2033363e-001
  1.2143061e-001
  1.1863642e-001
  1.1926167e-001
  1.1931925e-001
  1.1604179e-001
  1.1680923e-001
  1.2014700e-001
  1.2032737e-001
  1.1862347e-001
  1.2022470e-001
  1.2250756e-001
  1.2147126e-001
  1.1900043e-001
  1.1935833e-001
  1.2136803e-001
  1.2185591e-001
  1.2056204e-001
  1.1917274e-001
  1.1927495e-001
  1.2079375e-001
  1.2209594e-001
  1.2189134e-001
  1.2052463e-001
  1.1820507e-001
  1.1662194e-001
  1.1590707e-001
  1.1654569e-001
  1.1831965e-001
  1.2030427e-001
  1.2186555e-001
  1.2201723e-001
  1.2093107e-001
  1.1927337e-001
  1.1907020e-001
  1.2040677e-001
  1.2190011e-001
  1.2133384e-001
  1.1936627e-001
  1.1903632e-001
  1.2150001e-001
  1.2222722e-001
  1.2030727e-001
  1.1863067e-001
  1.2008600e-001
  1.2006741e-001
  1.1698544e-001
  1.1603872e-001
  1.1908347e-001
  1.1936069e-001
  1.1854968e-001
  1.2147932e-001
  1.2035609e-001
  1.1603680e-001
  1.1815029e-001
  1.2037057e-001
  1.1904771e-001
  1.2045539e-001
  1.1767624e-001
  1.1708227e-001
  1.2250669e-001
  1.1807780e-001
  1.1732893e-001
  1.2083565e-001
  1.1856330e-001
  1.1907536e-001
  1.1833994e-001
  1.2040090e-001
  1.1790181e-001
  1.1876277e-001
  1.2072434e-001
  1.1622840e-001
  1.2220831e-001
  1.1597990e-001
  1.2133564e-001
  1.1732787e-001
  1.2022284e-001
  1.1852440e-001
  1.1910799e-001
  1.1921886e-001
  1.1870369e-001
  1.1930177e-001
  1.1930491e-001
  1.1870779e-001
  1.1963822e-001
  1.1831426e-001
  1.1954729e-001
  1.1935385e-001
  1.1767723e-001
  1.2119740e-001
  1.1738975e-001
  1.1895743e-001
  1.2084873e-001
  1.1714899e-001
  1.1946815e-001
  1.1944176e-001
  1.2022937e-001
  1.1571741e-001
  1.2113639e-001
  1.1906752e-001
  1.2050384e-001
  1.1630338e-001
  1.1875244e-001
  1.1984133e-001
  1.2041818e-001
  1.2086499e-001
  1.1715845e-001
  1.1913052e-001
  1.1572358e-001
  1.1968192e-001
  1.1747164e-001
  1.2064465e-001
  1.1982931e-001
  1.2042515e-001
  1.2122349e-001
