  3.8979467e+003
  3.8349636e+003
  3.7633355e+003
  3.7300863e+003
  3.7466116e+003
  3.7804036e+003
  3.7838344e+003
  3.7345284e+003
  3.6531688e+003
  3.5849030e+003
  3.5614494e+003
  3.5761606e+003
  3.5919557e+003
  3.5739899e+003
  3.5191414e+003
  3.4583771e+003
  3.4310705e+003
  3.4528893e+003
  3.5031777e+003
  3.5413747e+003
  3.5386438e+003
  3.4991431e+003
  3.4542808e+003
  3.4354223e+003
  3.4477623e+003
  3.4664336e+003
  3.4571406e+003
  3.4037653e+003
  3.3208714e+003
  3.2424519e+003
  3.1972087e+003
  3.1896708e+003
  3.2001053e+003
  3.2014111e+003
  3.1795383e+003
  3.1426593e+003
  3.1130218e+003
  3.1079928e+003
  3.1247842e+003
  3.1407134e+003
  3.1289551e+003
  3.0777735e+003
  2.9990060e+003
  2.9204880e+003
  2.8689079e+003
  2.8548733e+003
  2.8686192e+003
  2.8874072e+003
  2.8893370e+003
  2.8652827e+003
  2.8219295e+003
  2.7745848e+003
  2.7355810e+003
  2.7069623e+003
  2.6819111e+003
  2.6520889e+003
  2.6144948e+003
  2.5735487e+003
  2.5381346e+003
  2.5157519e+003
  2.5069118e+003
  2.5033282e+003
  2.4919774e+003
  2.4630228e+003
  2.4161153e+003
  2.3606405e+003
  2.3102857e+003
  2.2759155e+003
  2.2604817e+003
  2.2576775e+003
  2.2547954e+003
  2.2390820e+003
  2.2046409e+003
  2.1555520e+003
  2.1030454e+003
  2.0589235e+003
  2.0296698e+003
  2.0140998e+003
  2.0047088e+003
  1.9916404e+003
  1.9677747e+003
  1.9325084e+003
  1.8916430e+003
  1.8531503e+003
  1.8219325e+003
  1.7974182e+003
  1.7751463e+003
  1.7504131e+003
  1.7213656e+003
  1.6900378e+003
  1.6609302e+003
  1.6376780e+003
  1.6197466e+003
  1.6018865e+003
  1.5774809e+003
  1.5435843e+003
  1.5036347e+003
  1.4655767e+003
  1.4367764e+003
  1.4193200e+003
  1.4086798e+003
  1.3964541e+003
  1.3755588e+003
  1.3447485e+003
  1.3093982e+003
  1.2776622e+003
  1.2545358e+003
  1.2382953e+003
  1.2221787e+003
  1.1999803e+003
  1.1710503e+003
  1.1407567e+003
  1.1161731e+003
  1.1004459e+003
  1.0901771e+003
  1.0778028e+003
  1.0572169e+003
  1.0284349e+003
  9.9769044e+002
  9.7273063e+002
  9.5685600e+002
  9.4642987e+002
  9.3396632e+002
  9.1438218e+002
  8.8928875e+002
  8.6570858e+002
  8.5021087e+002
  8.4332507e+002
  8.3891945e+002
  8.2911459e+002
  8.1067852e+002
  7.8759598e+002
  7.6767424e+002
  7.5600308e+002
  7.5070256e+002
  7.4449317e+002
  7.3078645e+002
  7.0924030e+002
  6.8616681e+002
  6.6944929e+002
  6.6217200e+002
  6.6022117e+002
  6.5581499e+002
  6.4400889e+002
  6.2676509e+002
  6.1118894e+002
  6.0335068e+002
  6.0278601e+002
  6.0231030e+002
  5.9355951e+002
  5.7406848e+002
  5.5035719e+002
  5.3442815e+002
  5.3597063e+002
  5.5570944e+002
  5.8447507e+002
  6.0849828e+002
  6.1724555e+002
  6.0880717e+002
  5.9002723e+002
