  1.0863876e-001
  1.1059862e-001
  1.1295621e-001
  1.0884885e-001
  1.1057558e-001
  1.1095551e-001
  1.1115777e-001
  1.0818167e-001
  1.1341252e-001
  1.0800291e-001
  1.1209048e-001
  1.1008624e-001
  1.1021115e-001
  1.1097818e-001
  1.1022174e-001
  1.1032644e-001
  1.1106616e-001
  1.1004697e-001
  1.1134155e-001
  1.0970455e-001
  1.1114573e-001
  1.1004720e-001
  1.1076964e-001
  1.1060259e-001
  1.1049958e-001
  1.1023829e-001
  1.1139364e-001
  1.0926279e-001
  1.1253969e-001
  1.0951183e-001
  1.0980218e-001
  1.1339025e-001
  1.0742122e-001
  1.1191739e-001
  1.1158575e-001
  1.0915006e-001
  1.1070373e-001
  1.1028295e-001
  1.1259819e-001
  1.0903936e-001
  1.0856092e-001
  1.1314479e-001
  1.1081259e-001
  1.0979132e-001
  1.1037737e-001
  1.0837882e-001
  1.1042396e-001
  1.1373717e-001
  1.1088220e-001
  1.1010718e-001
  1.1133137e-001
  1.0908978e-001
  1.0738012e-001
  1.0974414e-001
  1.1127389e-001
  1.0985875e-001
  1.0951435e-001
  1.1166365e-001
  1.1306018e-001
  1.1156346e-001
  1.1007784e-001
  1.1125308e-001
  1.1293244e-001
  1.1276622e-001
  1.1087946e-001
  1.0911368e-001
  1.0863203e-001
  1.0942496e-001
  1.1017668e-001
  1.1066414e-001
  1.1040198e-001
  1.1002586e-001
  1.1035114e-001
  1.1054817e-001
  1.1017729e-001
  1.0943090e-001
  1.0860716e-001
  1.0921058e-001
  1.1086725e-001
  1.1272676e-001
  1.1285143e-001
  1.1116928e-001
  1.1004304e-001
  1.1140614e-001
  1.1307803e-001
  1.1166955e-001
  1.0947915e-001
  1.0975037e-001
  1.1143970e-001
  1.0958502e-001
  1.0733569e-001
  1.0920418e-001
  1.1132736e-001
  1.0987886e-001
  1.1104695e-001
  1.1348318e-001
  1.1040566e-001
  1.0823989e-001
  1.1048124e-001
  1.0975838e-001
  1.1075023e-001
  1.1328615e-001
  1.0839223e-001
  1.0904950e-001
  1.1257604e-001
  1.1016568e-001
  1.1072044e-001
  1.0915212e-001
  1.1151561e-001
  1.1190900e-001
  1.0735119e-001
  1.1317741e-001
  1.0975631e-001
  1.0959267e-001
  1.1232043e-001
  1.0914278e-001
  1.1128275e-001
  1.1014926e-001
  1.1058029e-001
  1.1057523e-001
  1.1068946e-001
  1.0992738e-001
  1.1100064e-001
  1.0997101e-001
  1.1104592e-001
  1.1008365e-001
  1.1068443e-001
  1.1042459e-001
  1.1019338e-001
  1.1092440e-001
  1.1030592e-001
  1.0993521e-001
  1.1183146e-001
  1.0790543e-001
  1.1359228e-001
  1.0782045e-001
  1.1162534e-001
  1.1056979e-001
  1.1072455e-001
  1.0876982e-001
  1.1269964e-001
  1.1043250e-001
  1.0858968e-001
  1.1150592e-001
  1.1082049e-001
  1.1226957e-001
  1.0752516e-001
  1.1111666e-001
  1.0991773e-001
  1.1277910e-001
  1.1127020e-001
  1.0946165e-001
  1.1018533e-001
  1.0759938e-001
  1.1112653e-001
  1.0904081e-001
  1.1219140e-001
  1.1079047e-001
  1.1218877e-001
  1.1226328e-001
