  1.0863154e-001
  1.0546271e-001
  1.0641074e-001
  1.0575912e-001
  1.0870835e-001
  1.0374963e-001
  1.0781144e-001
  1.0636506e-001
  1.0566143e-001
  1.0665111e-001
  1.0700555e-001
  1.0541709e-001
  1.0787584e-001
  1.0491916e-001
  1.0768251e-001
  1.0532448e-001
  1.0756801e-001
  1.0570913e-001
  1.0739598e-001
  1.0536805e-001
  1.0762441e-001
  1.0527102e-001
  1.0842539e-001
  1.0443084e-001
  1.0867888e-001
  1.0432006e-001
  1.0804909e-001
  1.0606557e-001
  1.0651336e-001
  1.0609970e-001
  1.0758097e-001
  1.0489192e-001
  1.0728235e-001
  1.0786019e-001
  1.0340732e-001
  1.0843678e-001
  1.0679863e-001
  1.0548988e-001
  1.0635286e-001
  1.0579023e-001
  1.0887897e-001
  1.0586100e-001
  1.0366259e-001
  1.0736891e-001
  1.0700806e-001
  1.0684854e-001
  1.0803609e-001
  1.0497565e-001
  1.0375772e-001
  1.0685987e-001
  1.0643210e-001
  1.0565690e-001
  1.0817849e-001
  1.0940592e-001
  1.0677483e-001
  1.0645388e-001
  1.0808637e-001
  1.0771509e-001
  1.0561796e-001
  1.0492333e-001
  1.0686127e-001
  1.0805192e-001
  1.0687166e-001
  1.0539002e-001
  1.0583668e-001
  1.0768340e-001
  1.0898966e-001
  1.0933464e-001
  1.0796125e-001
  1.0620887e-001
  1.0469857e-001
  1.0421528e-001
  1.0474678e-001
  1.0616451e-001
  1.0796207e-001
  1.0923561e-001
  1.0904329e-001
  1.0776271e-001
  1.0571223e-001
  1.0538506e-001
  1.0682261e-001
  1.0799445e-001
  1.0672052e-001
  1.0492065e-001
  1.0562556e-001
  1.0771257e-001
  1.0813273e-001
  1.0625423e-001
  1.0697157e-001
  1.0912272e-001
  1.0821121e-001
  1.0557956e-001
  1.0653801e-001
  1.0670267e-001
  1.0381176e-001
  1.0483411e-001
  1.0803739e-001
  1.0679931e-001
  1.0705971e-001
  1.0731544e-001
  1.0366155e-001
  1.0600315e-001
  1.0864922e-001
  1.0588255e-001
  1.0625247e-001
  1.0534926e-001
  1.0687563e-001
  1.0835723e-001
  1.0339280e-001
  1.0773671e-001
  1.0726714e-001
  1.0484716e-001
  1.0753115e-001
  1.0615899e-001
  1.0636492e-001
  1.0595340e-001
  1.0778723e-001
  1.0437015e-001
  1.0871214e-001
  1.0427666e-001
  1.0832015e-001
  1.0508566e-001
  1.0756700e-001
  1.0559175e-001
  1.0713180e-001
  1.0570046e-001
  1.0720413e-001
  1.0544224e-001
  1.0778495e-001
  1.0486761e-001
  1.0776679e-001
  1.0528782e-001
  1.0688748e-001
  1.0666890e-001
  1.0582643e-001
  1.0606145e-001
  1.0813630e-001
  1.0353222e-001
  1.0894200e-001
  1.0559155e-001
  1.0614607e-001
  1.0544544e-001
  1.0852437e-001
  1.0641304e-001
  1.0424314e-001
  1.0743997e-001
  1.0647575e-001
  1.0913675e-001
  1.0419388e-001
  1.0599707e-001
  1.0509526e-001
  1.0682554e-001
  1.0839015e-001
  1.0677453e-001
  1.0885268e-001
  1.0519973e-001
  1.0714222e-001
  1.0446695e-001
  1.0546347e-001
  1.0504269e-001
