  1.0201776e-001
  1.0129184e-001
  1.0550897e-001
  1.0034903e-001
  1.0272541e-001
  1.0307599e-001
  1.0246575e-001
  1.0152873e-001
  1.0380894e-001
  1.0177985e-001
  1.0236645e-001
  1.0404628e-001
  1.0031325e-001
  1.0509958e-001
  9.9816174e-002
  1.0519634e-001
  1.0022875e-001
  1.0491054e-001
  1.0025912e-001
  1.0453367e-001
  1.0022201e-001
  1.0548091e-001
  9.9872837e-002
  1.0501785e-001
  1.0052437e-001
  1.0343401e-001
  1.0308119e-001
  1.0099221e-001
  1.0462761e-001
  1.0062895e-001
  1.0337566e-001
  1.0260921e-001
  1.0293193e-001
  1.0097836e-001
  1.0370177e-001
  1.0315643e-001
  9.9720844e-002
  1.0451773e-001
  1.0291050e-001
  1.0198771e-001
  1.0211770e-001
  1.0088938e-001
  1.0472063e-001
  1.0373851e-001
  1.0058050e-001
  1.0214314e-001
  1.0160659e-001
  1.0153230e-001
  1.0497954e-001
  1.0440567e-001
  1.0166462e-001
  1.0293854e-001
  1.0264754e-001
  1.0024548e-001
  1.0016164e-001
  1.0256139e-001
  1.0182978e-001
  1.0010057e-001
  1.0098347e-001
  1.0278472e-001
  1.0294176e-001
  1.0084982e-001
  9.9944150e-002
  1.0103727e-001
  1.0242121e-001
  1.0216094e-001
  1.0081116e-001
  1.0032974e-001
  1.0090090e-001
  1.0276104e-001
  1.0471476e-001
  1.0564610e-001
  1.0470481e-001
  1.0275527e-001
  1.0094898e-001
  1.0023303e-001
  1.0091186e-001
  1.0211530e-001
  1.0231482e-001
  1.0104717e-001
  9.9923854e-002
  1.0097418e-001
  1.0281122e-001
  1.0277017e-001
  1.0099950e-001
  1.0011525e-001
  1.0181102e-001
  1.0241682e-001
  1.0029591e-001
  1.0003394e-001
  1.0272196e-001
  1.0284708e-001
  1.0183994e-001
  1.0427974e-001
  1.0503559e-001
  1.0154172e-001
  1.0159136e-001
  1.0216912e-001
  1.0057577e-001
  1.0367598e-001
  1.0488201e-001
  1.0090484e-001
  1.0191716e-001
  1.0213164e-001
  1.0274008e-001
  1.0455104e-001
  9.9738515e-002
  1.0305394e-001
  1.0372873e-001
  1.0080528e-001
  1.0301108e-001
  1.0255946e-001
  1.0335050e-001
  1.0057689e-001
  1.0457846e-001
  1.0108790e-001
  1.0282531e-001
  1.0355528e-001
  1.0054311e-001
  1.0479975e-001
  9.9925822e-002
  1.0519595e-001
  1.0005055e-001
  1.0469984e-001
  1.0013195e-001
  1.0481709e-001
  1.0010400e-001
  1.0527198e-001
  9.9816150e-002
  1.0499886e-001
  1.0023664e-001
  1.0402822e-001
  1.0231600e-001
  1.0172808e-001
  1.0394524e-001
  1.0128815e-001
  1.0249912e-001
  1.0303759e-001
  1.0281655e-001
  1.0026899e-001
  1.0526227e-001
  1.0127146e-001
  1.0205203e-001
  1.0192454e-001
  1.0403227e-001
  1.0335346e-001
  1.0015771e-001
  1.0285443e-001
  1.0157504e-001
  1.0538573e-001
  1.0254305e-001
  1.0248489e-001
  1.0134531e-001
  1.0023639e-001
  1.0293924e-001
  1.0075323e-001
  1.0463249e-001
  1.0254573e-001
  1.0422674e-001
  1.0386030e-001
