  1.0114226e-001
  9.7083959e-002
  9.8782982e-002
  9.8751310e-002
  1.0000886e-001
  9.7059610e-002
  9.8972682e-002
  1.0036727e-001
  9.6388808e-002
  1.0134167e-001
  9.7068103e-002
  9.9752887e-002
  9.8367662e-002
  9.8761722e-002
  9.8739730e-002
  9.8772464e-002
  9.8776341e-002
  9.8908167e-002
  9.8477135e-002
  9.8534525e-002
  9.8813316e-002
  9.8758233e-002
  9.8722200e-002
  9.8796157e-002
  9.8099372e-002
  9.9984174e-002
  9.6850694e-002
  1.0120517e-001
  9.6518482e-002
  9.9708848e-002
  9.9464281e-002
  9.7115229e-002
  1.0002117e-001
  9.8332531e-002
  9.8693856e-002
  9.7264635e-002
  1.0055777e-001
  9.9268226e-002
  9.6266514e-002
  9.9709872e-002
  9.9156808e-002
  9.9460204e-002
  9.8708374e-002
  9.6029546e-002
  9.9225860e-002
  1.0049431e-001
  9.8781112e-002
  9.9900647e-002
  9.8661825e-002
  9.5955193e-002
  9.7535016e-002
  9.9217589e-002
  9.7540362e-002
  9.8844304e-002
  1.0107365e-001
  1.0042208e-001
  9.8674154e-002
  9.9894896e-002
  1.0169334e-001
  1.0042259e-001
  9.8877761e-002
  9.9382973e-002
  1.0113774e-001
  1.0147714e-001
  9.9978041e-002
  9.8278627e-002
  9.8061694e-002
  9.8826109e-002
  9.8873382e-002
  9.8524365e-002
  9.7780610e-002
  9.7447305e-002
  9.7718278e-002
  9.8544048e-002
  9.8959654e-002
  9.8830657e-002
  9.8156465e-002
  9.8084567e-002
  9.9963877e-002
  1.0148208e-001
  1.0110438e-001
  9.9442915e-002
  9.8777587e-002
  1.0038283e-001
  1.0168015e-001
  9.9930270e-002
  9.8506772e-002
  1.0038845e-001
  1.0118726e-001
  9.8639853e-002
  9.7622529e-002
  9.9050599e-002
  9.7613975e-002
  9.5860023e-002
  9.8694077e-002
  9.9956793e-002
  9.8639541e-002
  1.0049386e-001
  9.9130547e-002
  9.6025635e-002
  9.8793583e-002
  9.9384816e-002
  9.9005785e-002
  9.9878365e-002
  9.6084472e-002
  9.9350044e-002
  1.0052951e-001
  9.7168022e-002
  9.8735538e-002
  9.8267816e-002
  1.0022115e-001
  9.6930621e-002
  9.9479308e-002
  9.9444845e-002
  9.6452890e-002
  1.0144961e-001
  9.6655001e-002
  1.0005548e-001
  9.8042697e-002
  9.8693656e-002
  9.8804493e-002
  9.8505947e-002
  9.8585023e-002
  9.8539550e-002
  9.8472823e-002
  9.8742846e-002
  9.8736121e-002
  9.8705302e-002
  9.8661721e-002
  9.8707114e-002
  9.8367127e-002
  9.9754397e-002
  9.7036193e-002
  1.0120004e-001
  9.6289783e-002
  1.0010423e-001
  9.8907542e-002
  9.7158403e-002
  9.9866757e-002
  9.8679149e-002
  9.8540590e-002
  9.7032738e-002
  1.0134232e-001
  9.7651414e-002
  9.7975318e-002
  9.8234436e-002
  9.9438359e-002
  1.0060344e-001
  9.6820355e-002
  9.8737340e-002
  9.6588999e-002
  9.9803427e-002
  9.9770606e-002
  9.9513015e-002
  1.0077494e-001
  9.7280434e-002
  9.9757165e-002
  9.6642795e-002
  9.7978610e-002
  9.7167532e-002
