  9.4670085e-002
  9.4268044e-002
  9.7265314e-002
  9.4051962e-002
  9.4054889e-002
  9.6893490e-002
  9.3343785e-002
  9.6059546e-002
  9.5089450e-002
  9.5242865e-002
  9.4352549e-002
  9.6396813e-002
  9.3287828e-002
  9.7029395e-002
  9.3225443e-002
  9.6736951e-002
  9.3712803e-002
  9.6453224e-002
  9.3656559e-002
  9.6234792e-002
  9.3791746e-002
  9.6461421e-002
  9.3615403e-002
  9.6325719e-002
  9.4047509e-002
  9.5379261e-002
  9.5255162e-002
  9.4621750e-002
  9.4763137e-002
  9.6511572e-002
  9.2459409e-002
  9.7714579e-002
  9.4060533e-002
  9.4007494e-002
  9.6441142e-002
  9.4975186e-002
  9.5159963e-002
  9.3149864e-002
  9.7211152e-002
  9.5706726e-002
  9.2980100e-002
  9.5350514e-002
  9.4464327e-002
  9.6174569e-002
  9.6824746e-002
  9.3076245e-002
  9.4099025e-002
  9.4874573e-002
  9.3788798e-002
  9.6008291e-002
  9.7308511e-002
  9.5434604e-002
  9.5198953e-002
  9.6712657e-002
  9.4597565e-002
  9.2946237e-002
  9.4464295e-002
  9.5030606e-002
  9.3539429e-002
  9.2405494e-002
  9.3860486e-002
  9.5325525e-002
  9.4585883e-002
  9.3242576e-002
  9.3492193e-002
  9.5246023e-002
  9.6925238e-002
  9.7272189e-002
  9.6064722e-002
  9.5033757e-002
  9.4011114e-002
  9.3783119e-002
  9.4108975e-002
  9.5047809e-002
  9.6115546e-002
  9.7322059e-002
  9.6969303e-002
  9.5031551e-002
  9.3509422e-002
  9.3249973e-002
  9.4588201e-002
  9.5332596e-002
  9.3826665e-002
  9.2390212e-002
  9.3480730e-002
  9.5115989e-002
  9.4251702e-002
  9.2969682e-002
  9.4646314e-002
  9.6533357e-002
  9.5300456e-002
  9.5198819e-002
  9.7308651e-002
  9.6081804e-002
  9.3782503e-002
  9.4937154e-002
  9.4000637e-002
  9.3062892e-002
  9.6708814e-002
  9.6256402e-002
  9.4405387e-002
  9.5335585e-002
  9.2927168e-002
  9.5827096e-002
  9.6998017e-002
  9.3225616e-002
  9.5101222e-002
  9.4900663e-002
  9.6458651e-002
  9.3936523e-002
  9.4209075e-002
  9.7437587e-002
  9.2538173e-002
  9.6194428e-002
  9.4841913e-002
  9.4738078e-002
  9.5082044e-002
  9.5380690e-002
  9.3960945e-002
  9.6323210e-002
  9.3658465e-002
  9.6283267e-002
  9.3651733e-002
  9.6166966e-002
  9.3766656e-002
  9.6313690e-002
  9.3573794e-002
  9.6647150e-002
  9.3175030e-002
  9.7039008e-002
  9.3264508e-002
  9.6348810e-002
  9.4318418e-002
  9.5208448e-002
  9.4773413e-002
  9.5790119e-002
  9.3313685e-002
  9.7074504e-002
  9.3991578e-002
  9.3969725e-002
  9.7001625e-002
  9.4236554e-002
  9.4892952e-002
  9.3749636e-002
  9.7530748e-002
  9.4613954e-002
  9.3904584e-002
  9.4606014e-002
  9.4639680e-002
  9.7790951e-002
  9.4390203e-002
  9.5739609e-002
  9.3421118e-002
  9.3449302e-002
  9.5163651e-002
  9.3633436e-002
  9.6928773e-002
  9.4775517e-002
  9.6878786e-002
  9.6086146e-002
