  9.3595720e-002
  9.0897397e-002
  9.0378492e-002
  9.3007261e-002
  9.1001931e-002
  9.1339570e-002
  9.0844241e-002
  9.3422967e-002
  8.9466922e-002
  9.3418150e-002
  9.0326567e-002
  9.1443240e-002
  9.2383565e-002
  8.9929404e-002
  9.3552086e-002
  8.9214373e-002
  9.3986857e-002
  8.9239744e-002
  9.3770780e-002
  8.9172421e-002
  9.4132243e-002
  8.9123347e-002
  9.3725130e-002
  8.9588256e-002
  9.2646317e-002
  9.0976650e-002
  9.1012239e-002
  9.2223953e-002
  9.0682702e-002
  9.1654956e-002
  9.1925552e-002
  9.1622873e-002
  8.9828556e-002
  9.4243279e-002
  8.9955763e-002
  9.1233817e-002
  9.2285239e-002
  9.1553521e-002
  9.1947237e-002
  8.9156017e-002
  9.2855960e-002
  9.2833481e-002
  9.0503065e-002
  9.1525518e-002
  8.9679028e-002
  9.1138143e-002
  9.3893557e-002
  9.1555978e-002
  9.1944391e-002
  9.2379526e-002
  8.9511729e-002
  8.9778222e-002
  9.1391154e-002
  9.0538462e-002
  8.9724037e-002
  9.1910315e-002
  9.3026912e-002
  9.0999918e-002
  9.0811145e-002
  9.2746962e-002
  9.3172222e-002
  9.1459865e-002
  9.0322489e-002
  9.1070463e-002
  9.2102570e-002
  9.1595019e-002
  8.9804741e-002
  8.8946657e-002
  8.9622094e-002
  9.1583664e-002
  9.3059970e-002
  9.3961995e-002
  9.3298844e-002
  9.1615821e-002
  8.9586752e-002
  8.8915181e-002
  8.9842498e-002
  9.1494711e-002
  9.2129824e-002
  9.1076402e-002
  9.0332518e-002
  9.1471116e-002
  9.3227709e-002
  9.2609324e-002
  9.0791895e-002
  9.1111247e-002
  9.2900188e-002
  9.1940646e-002
  8.9717196e-002
  9.0497293e-002
  9.1572652e-002
  8.9505290e-002
  8.9532267e-002
  9.2462786e-002
  9.1934809e-002
  9.1603430e-002
  9.3951108e-002
  9.1104589e-002
  8.9615246e-002
  9.1583864e-002
  9.0474189e-002
  9.2870362e-002
  9.2885836e-002
  8.9111876e-002
  9.1711109e-002
  9.1734400e-002
  9.2198221e-002
  9.1230718e-002
  8.9934750e-002
  9.4083232e-002
  8.9791230e-002
  9.1425094e-002
  9.2028648e-002
  9.1410122e-002
  9.0828130e-002
  9.2224856e-002
  9.0939775e-002
  9.0938325e-002
  9.2636824e-002
  8.9540050e-002
  9.3831774e-002
  8.9004657e-002
  9.4021416e-002
  8.9200840e-002
  9.3924152e-002
  8.9208492e-002
  9.3733241e-002
  8.9277180e-002
  9.3494108e-002
  8.9878362e-002
  9.2301817e-002
  9.1411102e-002
  9.0256424e-002
  9.3452943e-002
  8.9170140e-002
  9.3245735e-002
  9.0878070e-002
  9.1360837e-002
  9.1140713e-002
  9.2941248e-002
  9.0219044e-002
  9.0832991e-002
  9.3774136e-002
  9.0443657e-002
  9.1477023e-002
  8.9992987e-002
  9.3357390e-002
  9.2516880e-002
  9.0451567e-002
  9.1271480e-002
  8.9331177e-002
  9.3137434e-002
  9.2054062e-002
  9.2794970e-002
  9.3034819e-002
  9.0573230e-002
  9.2257331e-002
  8.9340810e-002
  9.0997478e-002
  8.9990254e-002
