  7.8686663e-002
  7.8630887e-002
  7.7072191e-002
  7.9430482e-002
  7.8950178e-002
  7.6522310e-002
  8.0517857e-002
  7.7118559e-002
  7.8579924e-002
  7.8975358e-002
  7.8049961e-002
  7.8557126e-002
  7.8415772e-002
  7.8634794e-002
  7.8682737e-002
  7.8319265e-002
  7.8362585e-002
  7.8323641e-002
  7.8468434e-002
  7.8354691e-002
  7.8635031e-002
  7.8513616e-002
  7.7770427e-002
  7.9421139e-002
  7.6776368e-002
  8.0459756e-002
  7.6506835e-002
  7.9987586e-002
  7.7793189e-002
  7.8614762e-002
  7.7942000e-002
  7.9847944e-002
  7.6365316e-002
  7.9424947e-002
  7.8775822e-002
  7.7661358e-002
  7.8046130e-002
  7.8394205e-002
  8.0465171e-002
  7.6743837e-002
  7.7965150e-002
  7.8334384e-002
  7.8780522e-002
  8.0374565e-002
  7.7129825e-002
  7.7360521e-002
  7.8577009e-002
  7.7035472e-002
  7.9671890e-002
  8.0033273e-002
  7.8294652e-002
  7.9992562e-002
  7.9411136e-002
  7.7372637e-002
  7.7823801e-002
  7.9099620e-002
  7.7180496e-002
  7.6682921e-002
  7.8130628e-002
  7.8745219e-002
  7.7057671e-002
  7.6907592e-002
  7.8669545e-002
  7.9687578e-002
  7.8878030e-002
  7.8199393e-002
  7.8584388e-002
  7.9803574e-002
  8.0047658e-002
  7.8621989e-002
  7.6962242e-002
  7.6289243e-002
  7.6934059e-002
  7.8628051e-002
  7.9998247e-002
  7.9830825e-002
  7.8596240e-002
  7.8199126e-002
  7.9076705e-002
  7.9676303e-002
  7.8490391e-002
  7.6885583e-002
  7.7173838e-002
  7.8661306e-002
  7.8142723e-002
  7.6536234e-002
  7.7297686e-002
  7.9027329e-002
  7.7881128e-002
  7.7229780e-002
  7.9629744e-002
  7.9771932e-002
  7.8296052e-002
  8.0015385e-002
  7.9754269e-002
  7.7117479e-002
  7.8333025e-002
  7.7349851e-002
  7.7206584e-002
  8.0372071e-002
  7.8656818e-002
  7.8469301e-002
  7.7924650e-002
  7.6706497e-002
  8.0415613e-002
  7.8276473e-002
  7.8016514e-002
  7.7499991e-002
  7.8754557e-002
  7.9522311e-002
  7.6303619e-002
  7.9639806e-002
  7.8029623e-002
  7.8400352e-002
  7.7870954e-002
  7.9950059e-002
  7.6466981e-002
  8.0330441e-002
  7.6874599e-002
  7.9240825e-002
  7.7841348e-002
  7.8588321e-002
  7.8489858e-002
  7.8282966e-002
  7.8391873e-002
  7.8444854e-002
  7.8195602e-002
  7.8535232e-002
  7.8402696e-002
  7.8577502e-002
  7.8216303e-002
  7.8713512e-002
  7.7892200e-002
  7.8965050e-002
  7.8517008e-002
  7.7284755e-002
  8.0309293e-002
  7.6618572e-002
  7.8819072e-002
  7.9468842e-002
  7.6827302e-002
  7.8935057e-002
  7.8553292e-002
  7.9332102e-002
  7.7145457e-002
  7.7527079e-002
  8.0222241e-002
  7.8012567e-002
  7.9109275e-002
  7.7006025e-002
  7.7331968e-002
  7.9487043e-002
  7.8191473e-002
  8.0309614e-002
  7.9080578e-002
  7.7983065e-002
  7.9020968e-002
  7.6585659e-002
  7.8276054e-002
  7.6781064e-002
