  5.0728912e+003
  4.9826506e+003
  4.9265433e+003
  4.9491896e+003
  5.0276163e+003
  5.0929833e+003
  5.0919610e+003
  5.0329054e+003
  4.9763846e+003
  4.9793552e+003
  5.0431086e+003
  5.1110708e+003
  5.1177638e+003
  5.0449811e+003
  4.9357895e+003
  4.8553810e+003
  4.8347480e+003
  4.8466938e+003
  4.8332868e+003
  4.7585476e+003
  4.6402301e+003
  4.5351613e+003
  4.4928566e+003
  4.5169443e+003
  4.5648781e+003
  4.5839960e+003
  4.5533956e+003
  4.4978716e+003
  4.4635166e+003
  4.4758186e+003
  4.5153538e+003
  4.5314726e+003
  4.4825140e+003
  4.3691962e+003
  4.2346455e+003
  4.1329112e+003
  4.0921481e+003
  4.0996419e+003
  4.1164892e+003
  4.1080941e+003
  4.0677625e+003
  4.0175495e+003
  3.9870195e+003
  3.9865182e+003
  3.9960579e+003
  3.9791044e+003
  3.9105648e+003
  3.7970367e+003
  3.6745128e+003
  3.5865492e+003
  3.5585208e+003
  3.5834472e+003
  3.6263421e+003
  3.6439988e+003
  3.6089867e+003
  3.5236284e+003
  3.4156494e+003
  3.3197762e+003
  3.2586340e+003
  3.2341156e+003
  3.2309034e+003
  3.2269246e+003
  3.2046872e+003
  3.1588236e+003
  3.0965417e+003
  3.0311020e+003
  2.9733164e+003
  2.9271289e+003
  2.8906306e+003
  2.8590462e+003
  2.8267600e+003
  2.7888053e+003
  2.7427694e+003
  2.6899886e+003
  2.6347377e+003
  2.5822972e+003
  2.5373654e+003
  2.5024668e+003
  2.4756857e+003
  2.4495333e+003
  2.4137763e+003
  2.3616881e+003
  2.2952255e+003
  2.2251051e+003
  2.1657354e+003
  2.1278627e+003
  2.1122200e+003
  2.1073720e+003
  2.0942644e+003
  2.0565510e+003
  1.9907772e+003
  1.9091688e+003
  1.8326986e+003
  1.7790593e+003
  1.7531145e+003
  1.7450263e+003
  1.7366037e+003
  1.7121701e+003
  1.6675729e+003
  1.6114668e+003
  1.5578636e+003
  1.5155243e+003
  1.4823699e+003
  1.4488574e+003
  1.4069066e+003
  1.3569650e+003
  1.3079501e+003
  1.2704953e+003
  1.2486613e+003
  1.2362379e+003
  1.2205826e+003
  1.1914729e+003
  1.1483674e+003
  1.1003118e+003
  1.0584880e+003
  1.0275168e+003
  1.0026238e+003
  9.7467818e+002
  9.3845848e+002
  8.9710391e+002
  8.5930037e+002
  8.3191570e+002
  8.1434421e+002
  7.9911991e+002
  7.7808082e+002
  7.4886307e+002
  7.1636814e+002
  6.8814368e+002
  6.6776311e+002
  6.5191349e+002
  6.3358460e+002
  6.0839221e+002
  5.7840234e+002
  5.5018113e+002
  5.2898148e+002
  5.1431161e+002
  5.0071264e+002
  4.8283491e+002
  4.6016876e+002
  4.3730018e+002
  4.1967426e+002
  4.0878308e+002
  4.0101703e+002
  3.9102032e+002
  3.7641318e+002
  3.5967840e+002
  3.4565224e+002
  3.3695878e+002
  3.3146792e+002
  3.2402943e+002
  3.1102879e+002
  2.9392394e+002
  2.7878406e+002
  2.7210702e+002
  2.7610694e+002
  2.8697606e+002
  2.9727164e+002
  3.0055036e+002
  2.9500949e+002
  2.8400721e+002
