  7.3586999e-002
  7.6427808e-002
  7.6098246e-002
  7.4284531e-002
  7.6202569e-002
  7.5267096e-002
  7.5515021e-002
  7.4564209e-002
  7.7037620e-002
  7.4411118e-002
  7.5842379e-002
  7.5753125e-002
  7.4560581e-002
  7.7290578e-002
  7.3871962e-002
  7.6827736e-002
  7.3780893e-002
  7.6885160e-002
  7.4235702e-002
  7.6616814e-002
  7.4985434e-002
  7.5513899e-002
  7.5487449e-002
  7.4863538e-002
  7.6527033e-002
  7.4215698e-002
  7.6649089e-002
  7.5105573e-002
  7.4882850e-002
  7.6811517e-002
  7.4539001e-002
  7.5380922e-002
  7.5789853e-002
  7.6113020e-002
  7.3359700e-002
  7.7174569e-002
  7.5340842e-002
  7.5514240e-002
  7.4225757e-002
  7.5257596e-002
  7.7383979e-002
  7.4613403e-002
  7.5409531e-002
  7.4305505e-002
  7.4558215e-002
  7.7381736e-002
  7.5790079e-002
  7.6299499e-002
  7.6353895e-002
  7.3786595e-002
  7.4367623e-002
  7.5453575e-002
  7.3480750e-002
  7.4765397e-002
  7.6065360e-002
  7.4925618e-002
  7.4569454e-002
  7.6506012e-002
  7.6036555e-002
  7.4540449e-002
  7.4651540e-002
  7.6009460e-002
  7.5708569e-002
  7.3826581e-002
  7.3439503e-002
  7.4518225e-002
  7.5517749e-002
  7.5741608e-002
  7.5432486e-002
  7.5262907e-002
  7.5776494e-002
  7.6260268e-002
  7.5743939e-002
  7.5264361e-002
  7.5410311e-002
  7.5744357e-002
  7.5569085e-002
  7.4564603e-002
  7.3459465e-002
  7.3836559e-002
  7.5618096e-002
  7.6009713e-002
  7.4691214e-002
  7.4473002e-002
  7.6054319e-002
  7.6425634e-002
  7.4613709e-002
  7.4818004e-002
  7.6080761e-002
  7.4688218e-002
  7.3577986e-002
  7.5286321e-002
  7.4452217e-002
  7.3733770e-002
  7.6462295e-002
  7.6197144e-002
  7.5643499e-002
  7.7328490e-002
  7.4572654e-002
  7.4270102e-002
  7.5354615e-002
  7.4660364e-002
  7.7402747e-002
  7.5244947e-002
  7.4243426e-002
  7.5376762e-002
  7.5329863e-002
  7.7074645e-002
  7.3353195e-002
  7.6187175e-002
  7.5792288e-002
  7.5235723e-002
  7.4642950e-002
  7.6619111e-002
  7.4889430e-002
  7.5105422e-002
  7.6520542e-002
  7.4086212e-002
  7.6651469e-002
  7.4786819e-002
  7.5544757e-002
  7.5678055e-002
  7.4813563e-002
  7.6434939e-002
  7.4193192e-002
  7.7007767e-002
  7.3675450e-002
  7.7126993e-002
  7.3678640e-002
  7.7069543e-002
  7.4429262e-002
  7.5833203e-002
  7.5790000e-002
  7.4431926e-002
  7.6671616e-002
  7.4695946e-002
  7.5545834e-002
  7.5269667e-002
  7.6071422e-002
  7.4109075e-002
  7.6134317e-002
  7.6647679e-002
  7.3487848e-002
  7.6170565e-002
  7.5685788e-002
  7.5859786e-002
  7.5133697e-002
  7.3567888e-002
  7.6809682e-002
  7.5925384e-002
  7.6160767e-002
  7.5871187e-002
  7.3407424e-002
  7.5288802e-002
  7.4283743e-002
  7.5013572e-002
  7.6786890e-002
  7.5058168e-002
  7.7209608e-002
  7.5897951e-002
