  6.8583029e-002
  7.0065126e-002
  7.1306493e-002
  6.7948707e-002
  7.0683835e-002
  7.0206075e-002
  6.8774814e-002
  7.0665424e-002
  6.9477663e-002
  6.9696493e-002
  6.9832514e-002
  6.9840589e-002
  6.9769989e-002
  6.9888130e-002
  6.9786600e-002
  6.9647099e-002
  7.0015687e-002
  6.9500836e-002
  7.0082551e-002
  6.9440910e-002
  7.0188894e-002
  6.9091899e-002
  7.0753934e-002
  6.8574907e-002
  7.1266711e-002
  6.8426706e-002
  7.0705480e-002
  6.9582339e-002
  6.9383553e-002
  6.9994116e-002
  7.0564246e-002
  6.8099030e-002
  7.1394591e-002
  6.9328109e-002
  6.9827471e-002
  6.8645385e-002
  7.1484292e-002
  6.9616688e-002
  6.8782801e-002
  6.9771057e-002
  6.9590522e-002
  7.1708811e-002
  6.8999034e-002
  6.9126161e-002
  6.9229772e-002
  6.8678821e-002
  7.1288856e-002
  7.0495832e-002
  6.9950878e-002
  7.1148445e-002
  6.8974960e-002
  6.8783740e-002
  6.9884579e-002
  6.8430837e-002
  6.8051020e-002
  6.9585097e-002
  6.8925173e-002
  6.7864373e-002
  6.8976907e-002
  6.9680470e-002
  6.8373950e-002
  6.7835245e-002
  6.9147449e-002
  7.0100085e-002
  6.9572615e-002
  6.8943127e-002
  6.9895432e-002
  7.1332648e-002
  7.1638689e-002
  7.0315563e-002
  6.8553857e-002
  6.7818012e-002
  6.8546463e-002
  7.0330800e-002
  7.1634865e-002
  7.1334494e-002
  6.9874222e-002
  6.8949999e-002
  6.9576491e-002
  7.0101026e-002
  6.9121690e-002
  6.7823537e-002
  6.8368918e-002
  6.9679484e-002
  6.8957485e-002
  6.7845094e-002
  6.8915672e-002
  6.9579783e-002
  6.8050986e-002
  6.8397106e-002
  6.9880181e-002
  6.8753467e-002
  6.8965791e-002
  7.1145320e-002
  6.9951134e-002
  7.0477798e-002
  7.1279166e-002
  6.8653158e-002
  6.9210023e-002
  6.9111116e-002
  6.8970242e-002
  7.1682009e-002
  6.9552137e-002
  6.9764234e-002
  6.8751917e-002
  6.9575452e-002
  7.1477225e-002
  6.8601798e-002
  6.9793742e-002
  6.9292270e-002
  7.1349419e-002
  6.8048864e-002
  7.0522782e-002
  6.9972209e-002
  6.9344622e-002
  6.9581751e-002
  7.0652528e-002
  6.8388593e-002
  7.1230376e-002
  6.8528429e-002
  7.0683637e-002
  6.9085473e-002
  7.0205374e-002
  6.9380331e-002
  7.0049689e-002
  6.9485088e-002
  6.9965851e-002
  6.9624140e-002
  6.9770357e-002
  6.9839212e-002
  6.9711105e-002
  6.9827951e-002
  6.9790812e-002
  6.9728263e-002
  6.9427399e-002
  7.0555977e-002
  6.8812128e-002
  7.0169297e-002
  7.0653970e-002
  6.7852729e-002
  7.1295853e-002
  6.9994780e-002
  6.8588969e-002
  7.0235138e-002
  6.9688246e-002
  7.1059407e-002
  6.8809219e-002
  6.8549759e-002
  7.0936252e-002
  6.9791964e-002
  7.1056711e-002
  6.9776570e-002
  6.8169461e-002
  6.9820800e-002
  6.8348384e-002
  6.9733613e-002
  7.0751266e-002
  6.9419815e-002
  7.1620324e-002
  7.0074264e-002
