  6.4356053e-002
  6.4187697e-002
  6.5871049e-002
  6.3276883e-002
  6.4448241e-002
  6.5963644e-002
  6.2732807e-002
  6.5745288e-002
  6.4369303e-002
  6.3724310e-002
  6.5831973e-002
  6.3063530e-002
  6.5806601e-002
  6.3542279e-002
  6.5057263e-002
  6.4439669e-002
  6.4165787e-002
  6.5142035e-002
  6.3661562e-002
  6.5464348e-002
  6.3640453e-002
  6.5147477e-002
  6.4166702e-002
  6.4585374e-002
  6.4480927e-002
  6.4777454e-002
  6.3639252e-002
  6.6048489e-002
  6.2740587e-002
  6.5759670e-002
  6.4164702e-002
  6.4519488e-002
  6.3664095e-002
  6.6311810e-002
  6.3161311e-002
  6.4475708e-002
  6.4554696e-002
  6.5467005e-002
  6.4248257e-002
  6.3067233e-002
  6.5282033e-002
  6.4411722e-002
  6.5993532e-002
  6.4026037e-002
  6.3381334e-002
  6.4443392e-002
  6.3296503e-002
  6.5380191e-002
  6.5577372e-002
  6.4535271e-002
  6.6024317e-002
  6.4950771e-002
  6.3817336e-002
  6.5111258e-002
  6.4313568e-002
  6.3140599e-002
  6.4398273e-002
  6.4641444e-002
  6.3267749e-002
  6.3710549e-002
  6.5146835e-002
  6.4885751e-002
  6.4005018e-002
  6.4722445e-002
  6.6112544e-002
  6.6093019e-002
  6.4658017e-002
  6.3560798e-002
  6.3632930e-002
  6.4244555e-002
  6.4744422e-002
  6.4853073e-002
  6.4730913e-002
  6.4258838e-002
  6.3621130e-002
  6.3572615e-002
  6.4659146e-002
  6.6063727e-002
  6.6112899e-002
  6.4721115e-002
  6.3991325e-002
  6.4875974e-002
  6.5154817e-002
  6.3684369e-002
  6.3248124e-002
  6.4634712e-002
  6.4395348e-002
  6.3128782e-002
  6.4294666e-002
  6.5103839e-002
  6.3796826e-002
  6.4932401e-002
  6.6009696e-002
  6.4527708e-002
  6.5573917e-002
  6.5349289e-002
  6.3292162e-002
  6.4422107e-002
  6.3347123e-002
  6.4011148e-002
  6.5978280e-002
  6.4395195e-002
  6.5254650e-002
  6.3061713e-002
  6.4208174e-002
  6.5457718e-002
  6.4529586e-002
  6.4445888e-002
  6.3154338e-002
  6.6264378e-002
  6.3645962e-002
  6.4488568e-002
  6.4129201e-002
  6.5742678e-002
  6.2714406e-002
  6.6027182e-002
  6.3606802e-002
  6.4745498e-002
  6.4460725e-002
  6.4531839e-002
  6.4150885e-002
  6.5117073e-002
  6.3629134e-002
  6.5439012e-002
  6.3620041e-002
  6.5138351e-002
  6.4152241e-002
  6.4402975e-002
  6.5023432e-002
  6.3523757e-002
  6.5787922e-002
  6.3044775e-002
  6.5815523e-002
  6.3707753e-002
  6.4335156e-002
  6.5709001e-002
  6.2712634e-002
  6.5946153e-002
  6.4423840e-002
  6.3255335e-002
  6.5872698e-002
  6.4174929e-002
  6.4326793e-002
  6.4051644e-002
  6.4776578e-002
  6.5906328e-002
  6.3034086e-002
  6.4006128e-002
  6.5079206e-002
  6.4530446e-002
  6.6060274e-002
  6.4037773e-002
  6.3399016e-002
  6.4442751e-002
  6.3027528e-002
  6.4736989e-002
  6.5187593e-002
  6.4241519e-002
  6.6282068e-002
  6.4698336e-002
