  6.3646261e-002
  6.0614820e-002
  6.1927399e-002
  6.3078286e-002
  6.1201303e-002
  6.2230110e-002
  6.2126810e-002
  6.1990572e-002
  6.1870359e-002
  6.2183969e-002
  6.1973228e-002
  6.1878942e-002
  6.2237183e-002
  6.1809666e-002
  6.2077854e-002
  6.2171773e-002
  6.1663288e-002
  6.2511060e-002
  6.1375343e-002
  6.2783079e-002
  6.1119077e-002
  6.3069526e-002
  6.0834582e-002
  6.3248736e-002
  6.0997179e-002
  6.2536923e-002
  6.2208365e-002
  6.1169457e-002
  6.2903880e-002
  6.1820116e-002
  6.1308305e-002
  6.2868318e-002
  6.1984495e-002
  6.1456339e-002
  6.1698647e-002
  6.3537407e-002
  6.0927942e-002
  6.1995325e-002
  6.1219363e-002
  6.3603124e-002
  6.2018363e-002
  6.1383826e-002
  6.1618838e-002
  6.0918799e-002
  6.3441664e-002
  6.2350061e-002
  6.2560696e-002
  6.2756848e-002
  6.0652277e-002
  6.1650638e-002
  6.1409228e-002
  6.0347961e-002
  6.2014046e-002
  6.1863061e-002
  6.0885580e-002
  6.2289335e-002
  6.2510296e-002
  6.1123605e-002
  6.1633970e-002
  6.2620719e-002
  6.1498387e-002
  6.0444420e-002
  6.1217161e-002
  6.1970181e-002
  6.1310432e-002
  6.0740137e-002
  6.1656402e-002
  6.3232415e-002
  6.3723029e-002
  6.2628853e-002
  6.1083294e-002
  6.0374064e-002
  6.1079339e-002
  6.2642630e-002
  6.3713524e-002
  6.3254903e-002
  6.1650019e-002
  6.0717997e-002
  6.1306215e-002
  6.1963927e-002
  6.1206221e-002
  6.0442294e-002
  6.1504125e-002
  6.2596372e-002
  6.1623825e-002
  6.1121422e-002
  6.2490510e-002
  6.2300299e-002
  6.0864084e-002
  6.1860933e-002
  6.1987684e-002
  6.0333327e-002
  6.1389200e-002
  6.1649793e-002
  6.0636110e-002
  6.2732712e-002
  6.2556577e-002
  6.2335935e-002
  6.3407015e-002
  6.0898884e-002
  6.1597411e-002
  6.1366354e-002
  6.1988313e-002
  6.3596879e-002
  6.1188748e-002
  6.1981638e-002
  6.0897743e-002
  6.3515443e-002
  6.1668232e-002
  6.1415060e-002
  6.1963466e-002
  6.2847999e-002
  6.1266363e-002
  6.1810058e-002
  6.2872359e-002
  6.1136996e-002
  6.2190778e-002
  6.2516759e-002
  6.0973004e-002
  6.3188155e-002
  6.0829233e-002
  6.3025154e-002
  6.1104876e-002
  6.2762024e-002
  6.1341213e-002
  6.2498615e-002
  6.1631682e-002
  6.2149634e-002
  6.2062569e-002
  6.1787123e-002
  6.2221451e-002
  6.1862142e-002
  6.1938533e-002
  6.2171987e-002
  6.1839602e-002
  6.1975596e-002
  6.2102950e-002
  6.2213145e-002
  6.1168028e-002
  6.3064586e-002
  6.1924330e-002
  6.0595265e-002
  6.3618917e-002
  6.1951337e-002
  6.1070763e-002
  6.2224039e-002
  6.1767674e-002
  6.3365100e-002
  6.1940675e-002
  6.0481607e-002
  6.2256242e-002
  6.1561407e-002
  6.2632697e-002
  6.3626824e-002
  6.1717243e-002
  6.2647210e-002
  6.1953139e-002
  6.0612911e-002
  6.2153316e-002
  6.0441460e-002
