  5.9726947e-002
  5.9705581e-002
  5.9962382e-002
  5.9367876e-002
  5.8999796e-002
  6.0932988e-002
  5.8474618e-002
  5.9807445e-002
  6.0491724e-002
  5.8071872e-002
  6.1289898e-002
  5.8373466e-002
  6.0179128e-002
  5.9721861e-002
  5.8987283e-002
  6.0532380e-002
  5.8607818e-002
  6.0470505e-002
  5.9035002e-002
  5.9773168e-002
  5.9883529e-002
  5.8846704e-002
  6.0774427e-002
  5.8180545e-002
  6.1019757e-002
  5.8619954e-002
  5.9958905e-002
  5.9593105e-002
  5.9774322e-002
  5.8654383e-002
  6.1270471e-002
  5.8200846e-002
  5.9961925e-002
  5.9688748e-002
  6.0330992e-002
  5.8259107e-002
  5.9833986e-002
  6.0405722e-002
  5.9599262e-002
  5.9394569e-002
  5.8166528e-002
  6.0683086e-002
  5.9678470e-002
  6.0544170e-002
  5.9580507e-002
  5.8216952e-002
  5.9598929e-002
  5.8463074e-002
  5.9664837e-002
  6.0673882e-002
  5.9476914e-002
  6.0822553e-002
  6.0876682e-002
  5.9473161e-002
  6.0579535e-002
  6.0722211e-002
  5.9335747e-002
  6.0057864e-002
  6.1075894e-002
  6.0040857e-002
  5.9612568e-002
  6.0844003e-002
  6.1130218e-002
  5.9773894e-002
  5.8986472e-002
  5.9503515e-002
  5.9714226e-002
  5.8956176e-002
  5.8356502e-002
  5.8979553e-002
  6.0375526e-002
  6.1119950e-002
  6.0384494e-002
  5.8984259e-002
  5.8348218e-002
  5.8969733e-002
  5.9706740e-002
  5.9490777e-002
  5.8985890e-002
  5.9760611e-002
  6.1115887e-002
  6.0858778e-002
  5.9612299e-002
  6.0019548e-002
  6.1062637e-002
  6.0066831e-002
  5.9312618e-002
  6.0734669e-002
  6.0567570e-002
  5.9461898e-002
  6.0845143e-002
  6.0802759e-002
  5.9455960e-002
  6.0672800e-002
  5.9634529e-002
  5.8448744e-002
  5.9588180e-002
  5.8195925e-002
  5.9555995e-002
  6.0510677e-002
  5.9654990e-002
  6.0680367e-002
  5.8136602e-002
  5.9386267e-002
  5.9562493e-002
  6.0383297e-002
  5.9803382e-002
  5.8247851e-002
  6.0288077e-002
  5.9663752e-002
  5.9944716e-002
  5.8184588e-002
  6.1222321e-002
  5.8647523e-002
  5.9738008e-002
  5.9555561e-002
  5.9959915e-002
  5.8596342e-002
  6.0992041e-002
  5.8145356e-002
  6.0771908e-002
  5.8804918e-002
  5.9868587e-002
  5.9749129e-002
  5.8997086e-002
  6.0436945e-002
  5.8579824e-002
  6.0528811e-002
  5.8971250e-002
  5.9686512e-002
  6.0164246e-002
  5.8358807e-002
  6.1231482e-002
  5.8062999e-002
  6.0474996e-002
  5.9795233e-002
  5.8457039e-002
  6.0906660e-002
  5.8969961e-002
  5.9361191e-002
  5.9937511e-002
  5.9688093e-002
  5.9718964e-002
  5.8439882e-002
  6.0602735e-002
  6.0502733e-002
  5.8194097e-002
  5.9596441e-002
  5.9503294e-002
  5.9969651e-002
  6.1116110e-002
  5.8826767e-002
  5.9014689e-002
  5.9330764e-002
  5.8162799e-002
  6.0064041e-002
  5.9976213e-002
  5.9447868e-002
  6.1257079e-002
  5.9654001e-002
