  5.8541139e-002
  5.6615825e-002
  5.6407236e-002
  5.8918672e-002
  5.6303236e-002
  5.7026590e-002
  5.8358722e-002
  5.6147464e-002
  5.7989351e-002
  5.7238488e-002
  5.6751789e-002
  5.8231064e-002
  5.6128696e-002
  5.8458375e-002
  5.6323943e-002
  5.7922098e-002
  5.6964563e-002
  5.7246913e-002
  5.7552817e-002
  5.6892489e-002
  5.7596790e-002
  5.7089636e-002
  5.7267776e-002
  5.7297292e-002
  5.7445250e-002
  5.6674585e-002
  5.8348525e-002
  5.5956933e-002
  5.8202979e-002
  5.7178877e-002
  5.6865937e-002
  5.7189506e-002
  5.8382391e-002
  5.5998423e-002
  5.7585256e-002
  5.7275960e-002
  5.8413031e-002
  5.5727867e-002
  5.7497253e-002
  5.7121012e-002
  5.8381225e-002
  5.7378134e-002
  5.6158321e-002
  5.7228929e-002
  5.6228591e-002
  5.8328413e-002
  5.7926069e-002
  5.7524109e-002
  5.8475249e-002
  5.6531192e-002
  5.6882445e-002
  5.7230978e-002
  5.5702180e-002
  5.6648939e-002
  5.7028444e-002
  5.5692283e-002
  5.6410797e-002
  5.7206768e-002
  5.6029521e-002
  5.5849678e-002
  5.7128947e-002
  5.7068333e-002
  5.6202790e-002
  5.6814949e-002
  5.8291549e-002
  5.8619723e-002
  5.7610663e-002
  5.6928136e-002
  5.7064194e-002
  5.7278513e-002
  5.7115285e-002
  5.6980493e-002
  5.7117374e-002
  5.7283705e-002
  5.7062016e-002
  5.6931599e-002
  5.7606909e-002
  5.8605067e-002
  5.8302841e-002
  5.6796420e-002
  5.6195605e-002
  5.7079994e-002
  5.7121448e-002
  5.5825132e-002
  5.6018243e-002
  5.7208107e-002
  5.6399089e-002
  5.5683537e-002
  5.7028809e-002
  5.6628779e-002
  5.5684079e-002
  5.7211160e-002
  5.6869236e-002
  5.6527089e-002
  5.8445806e-002
  5.7508894e-002
  5.7913208e-002
  5.8310377e-002
  5.6212758e-002
  5.7194446e-002
  5.6141884e-002
  5.7376311e-002
  5.8356377e-002
  5.7110039e-002
  5.7478753e-002
  5.5713052e-002
  5.8384861e-002
  5.7267625e-002
  5.7550262e-002
  5.5987196e-002
  5.8370856e-002
  5.7164175e-002
  5.6837968e-002
  5.7163127e-002
  5.8166275e-002
  5.5939141e-002
  5.8353441e-002
  5.6639884e-002
  5.7420862e-002
  5.7274190e-002
  5.7260043e-002
  5.7055842e-002
  5.7593112e-002
  5.6871699e-002
  5.7524697e-002
  5.7213040e-002
  5.6962192e-002
  5.7923816e-002
  5.6292914e-002
  5.8422748e-002
  5.6112253e-002
  5.8214983e-002
  5.6713433e-002
  5.7226030e-002
  5.7980251e-002
  5.6111314e-002
  5.8355775e-002
  5.7007769e-002
  5.6290128e-002
  5.8911642e-002
  5.6386231e-002
  5.6606658e-002
  5.8555719e-002
  5.6890999e-002
  5.7140457e-002
  5.6830870e-002
  5.7203305e-002
  5.8835709e-002
  5.6700216e-002
  5.6331563e-002
  5.7390778e-002
  5.6594643e-002
  5.8267206e-002
  5.8529703e-002
  5.7024897e-002
  5.8095183e-002
  5.6990550e-002
  5.6104447e-002
  5.7439948e-002
  5.5748232e-002
