  6.8530733e+003
  6.6990184e+003
  6.6262893e+003
  6.6509599e+003
  6.6958427e+003
  6.6661912e+003
  6.5389053e+003
  6.3827565e+003
  6.2938011e+003
  6.3082429e+003
  6.3727492e+003
  6.3967122e+003
  6.3361198e+003
  6.2324648e+003
  6.1731789e+003
  6.2110689e+003
  6.3156357e+003
  6.3991642e+003
  6.3931044e+003
  6.3057265e+003
  6.2098418e+003
  6.1732093e+003
  6.1958760e+003
  6.2109820e+003
  6.1465652e+003
  5.9912883e+003
  5.8063455e+003
  5.6760919e+003
  5.6423926e+003
  5.6771438e+003
  5.7115218e+003
  5.6940984e+003
  5.6298533e+003
  5.5700709e+003
  5.5630747e+003
  5.6073925e+003
  5.6473024e+003
  5.6154286e+003
  5.4869838e+003
  5.3008858e+003
  5.1322871e+003
  5.0408706e+003
  5.0346305e+003
  5.0718588e+003
  5.0946829e+003
  5.0683106e+003
  4.9995109e+003
  4.9232558e+003
  4.8694311e+003
  4.8370025e+003
  4.7967067e+003
  4.7185447e+003
  4.5997352e+003
  4.4708707e+003
  4.3772972e+003
  4.3497124e+003
  4.3823826e+003
  4.4322915e+003
  4.4417650e+003
  4.3725979e+003
  4.2298084e+003
  4.0588609e+003
  3.9191506e+003
  3.8517653e+003
  3.8594092e+003
  3.9064386e+003
  3.9376073e+003
  3.9069523e+003
  3.8021386e+003
  3.6499932e+003
  3.5002318e+003
  3.3984865e+003
  3.3641723e+003
  3.3825763e+003
  3.4128653e+003
  3.4086204e+003
  3.3420878e+003
  3.2189913e+003
  3.0745521e+003
  2.9534429e+003
  2.8862767e+003
  2.8750413e+003
  2.8932709e+003
  2.9002870e+003
  2.8631396e+003
  2.7745952e+003
  2.6557982e+003
  2.5418036e+003
  2.4602847e+003
  2.4173762e+003
  2.3978186e+003
  2.3770372e+003
  2.3370110e+003
  2.2764664e+003
  2.2089219e+003
  2.1499399e+003
  2.1036004e+003
  2.0594533e+003
  2.0023256e+003
  1.9263164e+003
  1.8413617e+003
  1.7674152e+003
  1.7206908e+003
  1.7017008e+003
  1.6936608e+003
  1.6731286e+003
  1.6258667e+003
  1.5561257e+003
  1.4819802e+003
  1.4206009e+003
  1.3756847e+003
  1.3369385e+003
  1.2908980e+003
  1.2332298e+003
  1.1724104e+003
  1.1224066e+003
  1.0908276e+003
  1.0723174e+003
  1.0525558e+003
  1.0195503e+003
  9.7279239e+002
  9.2260593e+002
  8.8050995e+002
  8.4926873e+002
  8.2131673e+002
  7.8643847e+002
  7.4130721e+002
  6.9230773e+002
  6.4962025e+002
  6.1839248e+002
  5.9491307e+002
  5.7069092e+002
  5.4023708e+002
  5.0548793e+002
  4.7331378e+002
  4.4887892e+002
  4.3104559e+002
  4.1374601e+002
  3.9166306e+002
  3.6483813e+002
  3.3817136e+002
  3.1665153e+002
  3.0091869e+002
  2.8709918e+002
  2.7069060e+002
  2.5065494e+002
  2.3002645e+002
  2.1279362e+002
  2.0017699e+002
  1.8970396e+002
  1.7771859e+002
  1.6288205e+002
  1.4753751e+002
  1.3587013e+002
  1.3055050e+002
  1.3064694e+002
  1.3233643e+002
  1.3163130e+002
  1.2693827e+002
  1.1974349e+002
