  4.5768039e-002
  4.7760800e-002
  4.7263873e-002
  4.5571903e-002
  4.7822050e-002
  4.6979315e-002
  4.5822449e-002
  4.8058815e-002
  4.6101313e-002
  4.6760844e-002
  4.7703989e-002
  4.5572239e-002
  4.8149653e-002
  4.5853033e-002
  4.7350223e-002
  4.6741023e-002
  4.6663715e-002
  4.7048335e-002
  4.6829390e-002
  4.6521152e-002
  4.7518476e-002
  4.5879078e-002
  4.7874162e-002
  4.6031134e-002
  4.7239505e-002
  4.6784509e-002
  4.6788003e-002
  4.6559054e-002
  4.7653633e-002
  4.5912138e-002
  4.7177273e-002
  4.7284194e-002
  4.6475874e-002
  4.6340714e-002
  4.7555270e-002
  4.7014542e-002
  4.6525594e-002
  4.6026872e-002
  4.7649408e-002
  4.6902845e-002
  4.7599932e-002
  4.5644979e-002
  4.6803184e-002
  4.6204431e-002
  4.7345687e-002
  4.7665578e-002
  4.6916695e-002
  4.7832351e-002
  4.6239690e-002
  4.6688454e-002
  4.6601931e-002
  4.5555819e-002
  4.6695212e-002
  4.6130804e-002
  4.5616266e-002
  4.6766906e-002
  4.6078720e-002
  4.5573291e-002
  4.6684908e-002
  4.6462222e-002
  4.5718424e-002
  4.6671477e-002
  4.7601144e-002
  4.7069528e-002
  4.6825369e-002
  4.7620216e-002
  4.7722234e-002
  4.6535485e-002
  4.5528036e-002
  4.5993761e-002
  4.7380409e-002
  4.8116500e-002
  4.7372979e-002
  4.5994361e-002
  4.5529524e-002
  4.6529507e-002
  4.7718683e-002
  4.7614426e-002
  4.6819055e-002
  4.7084379e-002
  4.7594165e-002
  4.6652291e-002
  4.5707204e-002
  4.6466297e-002
  4.6661942e-002
  4.5564119e-002
  4.6080748e-002
  4.6758929e-002
  4.5612385e-002
  4.6103434e-002
  4.6690568e-002
  4.5554969e-002
  4.6583010e-002
  4.6680963e-002
  4.6223963e-002
  4.7814685e-002
  4.6907308e-002
  4.7644244e-002
  4.7345973e-002
  4.6188157e-002
  4.6790824e-002
  4.5628352e-002
  4.7586706e-002
  4.6900414e-002
  4.7646198e-002
  4.6014697e-002
  4.6525972e-002
  4.6977429e-002
  4.7542432e-002
  4.6330036e-002
  4.6467221e-002
  4.7249630e-002
  4.7178080e-002
  4.5886021e-002
  4.7622764e-002
  4.6537776e-002
  4.6758138e-002
  4.6774115e-002
  4.7248951e-002
  4.6009343e-002
  4.7851585e-002
  4.5872026e-002
  4.7511472e-002
  4.6507376e-002
  4.6822716e-002
  4.7034050e-002
  4.6633894e-002
  4.6763809e-002
  4.7342345e-002
  4.5849796e-002
  4.8141243e-002
  4.5562372e-002
  4.7701033e-002
  4.6771614e-002
  4.6081899e-002
  4.8093637e-002
  4.5832774e-002
  4.6953637e-002
  4.7851166e-002
  4.5567646e-002
  4.7251414e-002
  4.7764851e-002
  4.5769303e-002
  4.6898263e-002
  4.7428211e-002
  4.6770875e-002
  4.7092839e-002
  4.6090128e-002
  4.6423342e-002
  4.8188544e-002
  4.7132972e-002
  4.6492879e-002
  4.7009797e-002
  4.5830436e-002
  4.6120025e-002
  4.7435627e-002
  4.6613223e-002
  4.7108007e-002
  4.8136094e-002
  4.6765740e-002
