  4.4876570e-002
  4.4399583e-002
  4.5431741e-002
  4.5009828e-002
  4.4810351e-002
  4.5091414e-002
  4.4954357e-002
  4.4939454e-002
  4.5042493e-002
  4.4855877e-002
  4.5116011e-002
  4.5012484e-002
  4.4627168e-002
  4.5701749e-002
  4.3959641e-002
  4.6096844e-002
  4.3955651e-002
  4.5778073e-002
  4.4476059e-002
  4.5229902e-002
  4.4877775e-002
  4.4914559e-002
  4.5180939e-002
  4.4570571e-002
  4.5573867e-002
  4.4285330e-002
  4.5401741e-002
  4.5209236e-002
  4.4051448e-002
  4.6066444e-002
  4.4455740e-002
  4.4949412e-002
  4.4665535e-002
  4.6098190e-002
  4.3950251e-002
  4.5081878e-002
  4.4758232e-002
  4.6100145e-002
  4.4425233e-002
  4.4629783e-002
  4.4457476e-002
  4.5246984e-002
  4.5871095e-002
  4.4951101e-002
  4.5508151e-002
  4.3849225e-002
  4.4788525e-002
  4.4265331e-002
  4.4414754e-002
  4.5514634e-002
  4.4558040e-002
  4.5660299e-002
  4.5665174e-002
  4.4893769e-002
  4.6070849e-002
  4.5584819e-002
  4.4907535e-002
  4.5963117e-002
  4.5566170e-002
  4.4541659e-002
  4.5169831e-002
  4.5272707e-002
  4.4039020e-002
  4.3858731e-002
  4.4882745e-002
  4.5226890e-002
  4.4817958e-002
  4.5042649e-002
  4.5694379e-002
  4.5565129e-002
  4.4532753e-002
  4.3921585e-002
  4.4531629e-002
  4.5552813e-002
  4.5711069e-002
  4.5033350e-002
  4.4812222e-002
  4.5219542e-002
  4.4875119e-002
  4.3867268e-002
  4.4032771e-002
  4.5262296e-002
  4.5163451e-002
  4.4536821e-002
  4.5546781e-002
  4.5951613e-002
  4.4903783e-002
  4.5585977e-002
  4.6060689e-002
  4.4869828e-002
  4.5658329e-002
  4.5664670e-002
  4.4542645e-002
  4.5491836e-002
  4.4408893e-002
  4.4251723e-002
  4.4775816e-002
  4.3833401e-002
  4.5511722e-002
  4.4931449e-002
  4.5856686e-002
  4.5234203e-002
  4.4436184e-002
  4.4626504e-002
  4.4417785e-002
  4.6086966e-002
  4.4744966e-002
  4.5053403e-002
  4.3937975e-002
  4.6089093e-002
  4.4660836e-002
  4.4918002e-002
  4.4458886e-002
  4.6035792e-002
  4.4037717e-002
  4.5183976e-002
  4.5384923e-002
  4.4268191e-002
  4.5581096e-002
  4.4565017e-002
  4.5155037e-002
  4.4902310e-002
  4.4872891e-002
  4.5216574e-002
  4.4457007e-002
  4.5756502e-002
  4.3938889e-002
  4.6117933e-002
  4.3952156e-002
  4.5704503e-002
  4.4613383e-002
  4.5004443e-002
  4.5118780e-002
  4.4857817e-002
  4.5029915e-002
  4.4959366e-002
  4.4961445e-002
  4.5076320e-002
  4.4835995e-002
  4.5004322e-002
  4.5423968e-002
  4.4376314e-002
  4.4890382e-002
  4.6091828e-002
  4.4295398e-002
  4.4171145e-002
  4.6014834e-002
  4.5244432e-002
  4.4748064e-002
  4.5052562e-002
  4.4045239e-002
  4.4843819e-002
  4.6142829e-002
  4.5167331e-002
  4.5325312e-002
  4.5784649e-002
  4.4313610e-002
  4.4459882e-002
  4.5067413e-002
  4.3661328e-002
