  4.1879684e-002
  4.0397254e-002
  4.1963072e-002
  4.1974527e-002
  4.0564405e-002
  4.1948668e-002
  4.1662182e-002
  4.0685381e-002
  4.2364951e-002
  4.0963242e-002
  4.1292477e-002
  4.2252470e-002
  4.0314426e-002
  4.2611550e-002
  4.0600193e-002
  4.1866320e-002
  4.1373440e-002
  4.1404136e-002
  4.1394045e-002
  4.1745219e-002
  4.0887446e-002
  4.2168201e-002
  4.0792282e-002
  4.1847235e-002
  4.1365668e-002
  4.1340702e-002
  4.1411580e-002
  4.1853154e-002
  4.0884758e-002
  4.1616331e-002
  4.2052781e-002
  4.0547272e-002
  4.1761798e-002
  4.1598892e-002
  4.1852057e-002
  4.0409108e-002
  4.1801004e-002
  4.1599643e-002
  4.2088781e-002
  4.0845576e-002
  4.0977133e-002
  4.1259995e-002
  4.1573136e-002
  4.2420955e-002
  4.1350015e-002
  4.2092171e-002
  4.0604831e-002
  4.1209200e-002
  4.0881279e-002
  4.0526467e-002
  4.1595891e-002
  4.0658701e-002
  4.1371850e-002
  4.1715171e-002
  4.0753884e-002
  4.1647663e-002
  4.1554026e-002
  4.0594111e-002
  4.1308402e-002
  4.1308614e-002
  4.0300152e-002
  4.0784171e-002
  4.1636206e-002
  4.1254600e-002
  4.1179812e-002
  4.2187374e-002
  4.2528239e-002
  4.1418647e-002
  4.0406611e-002
  4.0702125e-002
  4.1818449e-002
  4.2379085e-002
  4.1803118e-002
  4.0701607e-002
  4.0397281e-002
  4.1430204e-002
  4.2529052e-002
  4.2172241e-002
  4.1180262e-002
  4.1258063e-002
  4.1624175e-002
  4.0779098e-002
  4.0294656e-002
  4.1302070e-002
  4.1302453e-002
  4.0575535e-002
  4.1544031e-002
  4.1644550e-002
  4.0747167e-002
  4.1702301e-002
  4.1351126e-002
  4.0646748e-002
  4.1593715e-002
  4.0516716e-002
  4.0874484e-002
  4.1193531e-002
  4.0590810e-002
  4.2092919e-002
  4.1332346e-002
  4.2422136e-002
  4.1563902e-002
  4.1249421e-002
  4.0964923e-002
  4.0822607e-002
  4.2097061e-002
  4.1578157e-002
  4.1795605e-002
  4.0394131e-002
  4.1850651e-002
  4.1596742e-002
  4.1751946e-002
  4.0533044e-002
  4.2047325e-002
  4.1592226e-002
  4.0868659e-002
  4.1834365e-002
  4.1394154e-002
  4.1316325e-002
  4.1368323e-002
  4.1825975e-002
  4.0774848e-002
  4.2161633e-002
  4.0872113e-002
  4.1747963e-002
  4.1375289e-002
  4.1416329e-002
  4.1353457e-002
  4.1858184e-002
  4.0606450e-002
  4.2602199e-002
  4.0308236e-002
  4.2263535e-002
  4.1292740e-002
  4.0954544e-002
  4.2343345e-002
  4.0686154e-002
  4.1684822e-002
  4.1949189e-002
  4.0590551e-002
  4.1974095e-002
  4.1961354e-002
  4.0380709e-002
  4.1898178e-002
  4.2356843e-002
  4.0497718e-002
  4.1202235e-002
  4.2185124e-002
  4.1463298e-002
  4.1693152e-002
  4.1341991e-002
  4.0415079e-002
  4.1647376e-002
  4.2390477e-002
  4.1494036e-002
  4.2001682e-002
  4.2100701e-002
  4.0767831e-002
  4.1135402e-002
  4.1500697e-002
  4.0196349e-002
