  3.6911454e-002
  3.6951734e-002
  3.6270486e-002
  3.6725870e-002
  3.6876716e-002
  3.6334735e-002
  3.6742594e-002
  3.6852644e-002
  3.6118253e-002
  3.7265850e-002
  3.6322945e-002
  3.6381945e-002
  3.7399852e-002
  3.5605306e-002
  3.7609589e-002
  3.6005830e-002
  3.6890790e-002
  3.6595668e-002
  3.6632824e-002
  3.6477329e-002
  3.6953072e-002
  3.6228592e-002
  3.6956233e-002
  3.6532039e-002
  3.6536778e-002
  3.6681646e-002
  3.6811209e-002
  3.6325602e-002
  3.6702584e-002
  3.7205450e-002
  3.5610421e-002
  3.7328289e-002
  3.6548878e-002
  3.6828776e-002
  3.5710308e-002
  3.7368265e-002
  3.6631627e-002
  3.7013533e-002
  3.5621063e-002
  3.6859273e-002
  3.6366359e-002
  3.7683227e-002
  3.6443004e-002
  3.6989579e-002
  3.5872064e-002
  3.6243585e-002
  3.6274126e-002
  3.6112306e-002
  3.7132576e-002
  3.6312923e-002
  3.7350935e-002
  3.7011606e-002
  3.6761960e-002
  3.7638957e-002
  3.6711577e-002
  3.7046599e-002
  3.7476139e-002
  3.6484044e-002
  3.6848813e-002
  3.7083799e-002
  3.5990550e-002
  3.6003852e-002
  3.6592079e-002
  3.6163553e-002
  3.5992649e-002
  3.7068188e-002
  3.7648424e-002
  3.6823704e-002
  3.5975998e-002
  3.6117041e-002
  3.6804538e-002
  3.7151040e-002
  3.6802136e-002
  3.6113911e-002
  3.5957841e-002
  3.6834363e-002
  3.7650966e-002
  3.7060192e-002
  3.5987220e-002
  3.6149190e-002
  3.6599459e-002
  3.5993125e-002
  3.5993771e-002
  3.7086034e-002
  3.6841501e-002
  3.6454341e-002
  3.7477037e-002
  3.7045305e-002
  3.6694157e-002
  3.7625674e-002
  3.6758595e-002
  3.7014619e-002
  3.7335070e-002
  3.6304969e-002
  3.7129490e-002
  3.6108798e-002
  3.6258250e-002
  3.6228997e-002
  3.5870295e-002
  3.6973413e-002
  3.6428284e-002
  3.7700011e-002
  3.6343762e-002
  3.6839291e-002
  3.5613245e-002
  3.7008698e-002
  3.6610723e-002
  3.7368341e-002
  3.5696305e-002
  3.6801692e-002
  3.6547805e-002
  3.7321035e-002
  3.5603024e-002
  3.7193563e-002
  3.6710349e-002
  3.6295585e-002
  3.6790475e-002
  3.6691605e-002
  3.6520139e-002
  3.6530377e-002
  3.6929166e-002
  3.6211614e-002
  3.6965583e-002
  3.6462764e-002
  3.6635159e-002
  3.6592372e-002
  3.6885784e-002
  3.6017988e-002
  3.7607884e-002
  3.5612559e-002
  3.7397430e-002
  3.6399201e-002
  3.6329224e-002
  3.7249100e-002
  3.6131171e-002
  3.6850274e-002
  3.6778651e-002
  3.6347232e-002
  3.6884667e-002
  3.6706578e-002
  3.6271041e-002
  3.6978217e-002
  3.6958288e-002
  3.5913385e-002
  3.6760278e-002
  3.7636252e-002
  3.6187645e-002
  3.5852734e-002
  3.7142209e-002
  3.6990494e-002
  3.6704028e-002
  3.7172386e-002
  3.6328638e-002
  3.5657339e-002
  3.6647427e-002
  3.6787343e-002
  3.6287362e-002
  3.7224490e-002
  3.7511026e-002
  3.6507042e-002
