  3.3721627e-002
  3.4564888e-002
  3.3150448e-002
  3.3467968e-002
  3.4533418e-002
  3.3176507e-002
  3.3516933e-002
  3.4521937e-002
  3.2839490e-002
  3.4115923e-002
  3.4031136e-002
  3.2993501e-002
  3.4488912e-002
  3.3276500e-002
  3.3822235e-002
  3.3709089e-002
  3.3853341e-002
  3.3262873e-002
  3.4429030e-002
  3.2943890e-002
  3.4263907e-002
  3.3607490e-002
  3.3289996e-002
  3.4532729e-002
  3.2838237e-002
  3.4271374e-002
  3.3673331e-002
  3.3409052e-002
  3.3909109e-002
  3.3873742e-002
  3.3569867e-002
  3.3204769e-002
  3.4654046e-002
  3.3243059e-002
  3.3721607e-002
  3.3167077e-002
  3.4654084e-002
  3.3496616e-002
  3.3877518e-002
  3.2764439e-002
  3.4047445e-002
  3.3513403e-002
  3.4658171e-002
  3.3593526e-002
  3.4065910e-002
  3.3181840e-002
  3.3294493e-002
  3.3391012e-002
  3.2940325e-002
  3.3877382e-002
  3.3072186e-002
  3.3872505e-002
  3.3735732e-002
  3.3311138e-002
  3.4133258e-002
  3.3340336e-002
  3.3373024e-002
  3.3870651e-002
  3.2947219e-002
  3.3096159e-002
  3.3706370e-002
  3.3150235e-002
  3.3331737e-002
  3.4392522e-002
  3.4348907e-002
  3.3607919e-002
  3.3671483e-002
  3.3784564e-002
  3.3358496e-002
  3.3224677e-002
  3.3881817e-002
  3.4368462e-002
  3.3887751e-002
  3.3221856e-002
  3.3342559e-002
  3.3796682e-002
  3.3675153e-002
  3.3604974e-002
  3.4326808e-002
  3.4406224e-002
  3.3323620e-002
  3.3142312e-002
  3.3713302e-002
  3.3079499e-002
  3.2940070e-002
  3.3878738e-002
  3.3358395e-002
  3.3337834e-002
  3.4122796e-002
  3.3289277e-002
  3.3734870e-002
  3.3854448e-002
  3.3062291e-002
  3.3867161e-002
  3.2941713e-002
  3.3390920e-002
  3.3277170e-002
  3.3171790e-002
  3.4060763e-002
  3.3579545e-002
  3.4660170e-002
  3.3513917e-002
  3.4046436e-002
  3.2757205e-002
  3.3866108e-002
  3.3493122e-002
  3.4635826e-002
  3.3172476e-002
  3.3702694e-002
  3.3226973e-002
  3.4660329e-002
  3.3187905e-002
  3.3576760e-002
  3.3865538e-002
  3.3896550e-002
  3.3395502e-002
  3.3658089e-002
  3.4261215e-002
  3.2828007e-002
  3.4535668e-002
  3.3281093e-002
  3.3612140e-002
  3.4249846e-002
  3.2941790e-002
  3.4443558e-002
  3.3252046e-002
  3.3855291e-002
  3.3734327e-002
  3.3823825e-002
  3.3271830e-002
  3.4483219e-002
  3.3006962e-002
  3.4013048e-002
  3.4119574e-002
  3.2844629e-002
  3.4549312e-002
  3.3559719e-002
  3.3185362e-002
  3.4550004e-002
  3.3474436e-002
  3.3174496e-002
  3.4559081e-002
  3.3749882e-002
  3.2847842e-002
  3.4238509e-002
  3.4467047e-002
  3.3098140e-002
  3.3359545e-002
  3.4112234e-002
  3.3792547e-002
  3.4030951e-002
  3.4277353e-002
  3.3206841e-002
  3.2921236e-002
  3.3838540e-002
  3.3725915e-002
  3.3399789e-002
  3.4355075e-002
  3.4464720e-002
  3.3601054e-002
