  3.2450226e-002
  3.2325946e-002
  3.2168923e-002
  3.2534881e-002
  3.2338995e-002
  3.2213738e-002
  3.2389107e-002
  3.2324961e-002
  3.2437919e-002
  3.2004869e-002
  3.2812943e-002
  3.2151980e-002
  3.2033521e-002
  3.3097789e-002
  3.1465383e-002
  3.3013422e-002
  3.2015300e-002
  3.2350329e-002
  3.2448616e-002
  3.2271401e-002
  3.2268712e-002
  3.2472610e-002
  3.2262266e-002
  3.2299694e-002
  3.2396435e-002
  3.2396255e-002
  3.2131637e-002
  3.2419086e-002
  3.2737496e-002
  3.1472415e-002
  3.3083080e-002
  3.2222537e-002
  3.2141435e-002
  3.2044027e-002
  3.2868040e-002
  3.2543892e-002
  3.1922453e-002
  3.2015431e-002
  3.2371624e-002
  3.2846539e-002
  3.2603941e-002
  3.2179788e-002
  3.1997418e-002
  3.1708133e-002
  3.2417024e-002
  3.2025256e-002
  3.3121562e-002
  3.2304616e-002
  3.3143478e-002
  3.2583908e-002
  3.2607165e-002
  3.2985819e-002
  3.2135399e-002
  3.2981693e-002
  3.2536984e-002
  3.2365583e-002
  3.3199725e-002
  3.2501562e-002
  3.2613514e-002
  3.3199736e-002
  3.2312270e-002
  3.2049466e-002
  3.2478428e-002
  3.1861942e-002
  3.1490081e-002
  3.2411452e-002
  3.3108046e-002
  3.2579884e-002
  3.2039122e-002
  3.2106237e-002
  3.2357989e-002
  3.2452924e-002
  3.2357833e-002
  3.2107462e-002
  3.2027632e-002
  3.2594118e-002
  3.3108085e-002
  3.2402931e-002
  3.1482679e-002
  3.1861120e-002
  3.2469452e-002
  3.2054672e-002
  3.2316047e-002
  3.3176005e-002
  3.2617916e-002
  3.2512029e-002
  3.3173692e-002
  3.2376370e-002
  3.2522605e-002
  3.2957953e-002
  3.2140770e-002
  3.2962924e-002
  3.2613542e-002
  3.2569632e-002
  3.3154734e-002
  3.2311715e-002
  3.3104901e-002
  3.2019268e-002
  3.2422976e-002
  3.1692091e-002
  3.1991964e-002
  3.2187956e-002
  3.2603702e-002
  3.2844882e-002
  3.2362877e-002
  3.2010210e-002
  3.1910699e-002
  3.2549145e-002
  3.2851493e-002
  3.2022176e-002
  3.2140830e-002
  3.2208436e-002
  3.3094012e-002
  3.1451281e-002
  3.2732101e-002
  3.2405678e-002
  3.2131792e-002
  3.2383639e-002
  3.2395786e-002
  3.2299310e-002
  3.2264834e-002
  3.2474284e-002
  3.2250988e-002
  3.2287871e-002
  3.2454049e-002
  3.2344198e-002
  3.2019416e-002
  3.3035439e-002
  3.1462731e-002
  3.3074967e-002
  3.2043425e-002
  3.2153670e-002
  3.2791644e-002
  3.2014120e-002
  3.2452164e-002
  3.2349849e-002
  3.2437337e-002
  3.2214853e-002
  3.2378071e-002
  3.2563898e-002
  3.2181540e-002
  3.2349421e-002
  3.2454947e-002
  3.2385460e-002
  3.2515572e-002
  3.2057725e-002
  3.2081532e-002
  3.3090621e-002
  3.2762640e-002
  3.1555319e-002
  3.1986956e-002
  3.2791107e-002
  3.2433221e-002
  3.2574573e-002
  3.3200249e-002
  3.2485685e-002
  3.1802175e-002
  3.2402725e-002
  3.2224054e-002
  3.1351069e-002
