  2.4285156e-002
  2.4055885e-002
  2.3827405e-002
  2.4204915e-002
  2.4236995e-002
  2.3589323e-002
  2.4305836e-002
  2.4305447e-002
  2.3390701e-002
  2.4611564e-002
  2.4019822e-002
  2.3801590e-002
  2.4194559e-002
  2.4198852e-002
  2.3784338e-002
  2.4121077e-002
  2.4288491e-002
  2.3715424e-002
  2.4141942e-002
  2.4346236e-002
  2.3432640e-002
  2.4720615e-002
  2.3673339e-002
  2.3932028e-002
  2.4602070e-002
  2.3371887e-002
  2.4420158e-002
  2.4221331e-002
  2.3518426e-002
  2.4388122e-002
  2.4000898e-002
  2.4159170e-002
  2.3587489e-002
  2.4285277e-002
  2.4445176e-002
  2.3772448e-002
  2.3961388e-002
  2.3620265e-002
  2.4613295e-002
  2.4033120e-002
  2.4516599e-002
  2.3554180e-002
  2.4047068e-002
  2.3378489e-002
  2.4200724e-002
  2.3707771e-002
  2.4467402e-002
  2.4057687e-002
  2.4518755e-002
  2.4336434e-002
  2.4294780e-002
  2.4606711e-002
  2.4058118e-002
  2.4719123e-002
  2.4155893e-002
  2.4323242e-002
  2.4479030e-002
  2.3800415e-002
  2.4230448e-002
  2.3860045e-002
  2.3404650e-002
  2.4014937e-002
  2.3961394e-002
  2.3858067e-002
  2.4586037e-002
  2.4510024e-002
  2.3637206e-002
  2.3604411e-002
  2.4216989e-002
  2.4339447e-002
  2.3999905e-002
  2.3840997e-002
  2.3990485e-002
  2.4338588e-002
  2.4203165e-002
  2.3608933e-002
  2.3632168e-002
  2.4502157e-002
  2.4592158e-002
  2.3850402e-002
  2.3964273e-002
  2.4000983e-002
  2.3399272e-002
  2.3868499e-002
  2.4241289e-002
  2.3794279e-002
  2.4478093e-002
  2.4326353e-002
  2.4136753e-002
  2.4738177e-002
  2.4056041e-002
  2.4616411e-002
  2.4291591e-002
  2.4333516e-002
  2.4515802e-002
  2.4042421e-002
  2.4486384e-002
  2.3695700e-002
  2.4185198e-002
  2.3376726e-002
  2.4052325e-002
  2.3539979e-002
  2.4513076e-002
  2.4021763e-002
  2.4596851e-002
  2.3616494e-002
  2.3950967e-002
  2.3778649e-002
  2.4425413e-002
  2.4291890e-002
  2.3587078e-002
  2.4146959e-002
  2.4005232e-002
  2.4413260e-002
  2.3512292e-002
  2.4215040e-002
  2.4433451e-002
  2.3368147e-002
  2.4588191e-002
  2.3942092e-002
  2.3672056e-002
  2.4729640e-002
  2.3428485e-002
  2.4346284e-002
  2.4160413e-002
  2.3729719e-002
  2.4292270e-002
  2.4135329e-002
  2.3804775e-002
  2.4223696e-002
  2.4202508e-002
  2.3832084e-002
  2.4018068e-002
  2.4609144e-002
  2.3408361e-002
  2.4362151e-002
  2.4353504e-002
  2.3596529e-002
  2.4283496e-002
  2.4274510e-002
  2.3862226e-002
  2.4102575e-002
  2.4303938e-002
  2.3990091e-002
  2.3900060e-002
  2.4340413e-002
  2.4381026e-002
  2.3747277e-002
  2.3672510e-002
  2.4536290e-002
  2.4735119e-002
  2.3967115e-002
  2.3649964e-002
  2.4052694e-002
  2.4025450e-002
  2.3703020e-002
  2.4136394e-002
  2.4692370e-002
  2.4391852e-002
  2.4025318e-002
