  2.3368005e-002
  2.2548755e-002
  2.3068467e-002
  2.3423907e-002
  2.2755636e-002
  2.2968640e-002
  2.3175013e-002
  2.3040254e-002
  2.3076185e-002
  2.2715402e-002
  2.3621760e-002
  2.2674148e-002
  2.2973579e-002
  2.3374908e-002
  2.2832969e-002
  2.2932492e-002
  2.3381617e-002
  2.2762420e-002
  2.3094139e-002
  2.3099900e-002
  2.3085598e-002
  2.2775369e-002
  2.3446693e-002
  2.2727705e-002
  2.3029942e-002
  2.3309050e-002
  2.2759196e-002
  2.3110890e-002
  2.3027066e-002
  2.3250397e-002
  2.2636120e-002
  2.3015550e-002
  2.3599978e-002
  2.2640392e-002
  2.3043115e-002
  2.2699817e-002
  2.3605330e-002
  2.3074431e-002
  2.3046940e-002
  2.2625520e-002
  2.2824381e-002
  2.3039262e-002
  2.3288339e-002
  2.3334891e-002
  2.3367152e-002
  2.3135969e-002
  2.3182012e-002
  2.2740792e-002
  2.3107382e-002
  2.2490214e-002
  2.3099888e-002
  2.2474022e-002
  2.2937495e-002
  2.2778581e-002
  2.2638914e-002
  2.3203744e-002
  2.2707548e-002
  2.3300833e-002
  2.3429321e-002
  2.3031841e-002
  2.3585831e-002
  2.3204977e-002
  2.2585213e-002
  2.2939463e-002
  2.2892541e-002
  2.2714449e-002
  2.3378315e-002
  2.3612926e-002
  2.2810570e-002
  2.2411506e-002
  2.3109098e-002
  2.3680321e-002
  2.3093738e-002
  2.2412023e-002
  2.2811300e-002
  2.3614128e-002
  2.3361545e-002
  2.2711102e-002
  2.2900121e-002
  2.2936106e-002
  2.2582437e-002
  2.3189793e-002
  2.3588490e-002
  2.3037166e-002
  2.3445985e-002
  2.3290788e-002
  2.2700604e-002
  2.3203011e-002
  2.2642333e-002
  2.2781617e-002
  2.2935478e-002
  2.2473202e-002
  2.3099877e-002
  2.2484039e-002
  2.3107164e-002
  2.2732652e-002
  2.3197404e-002
  2.3111318e-002
  2.3354591e-002
  2.3341281e-002
  2.3295275e-002
  2.3030187e-002
  2.2820161e-002
  2.2624447e-002
  2.3041435e-002
  2.3064637e-002
  2.3590852e-002
  2.2703976e-002
  2.3019374e-002
  2.2646317e-002
  2.3595738e-002
  2.3002582e-002
  2.2646640e-002
  2.3273599e-002
  2.3020654e-002
  2.3109105e-002
  2.2772938e-002
  2.3299545e-002
  2.3022381e-002
  2.2741759e-002
  2.3451522e-002
  2.2771887e-002
  2.3081998e-002
  2.3110220e-002
  2.3106730e-002
  2.2781792e-002
  2.3391278e-002
  2.2940782e-002
  2.2854789e-002
  2.3393513e-002
  2.2983745e-002
  2.2702264e-002
  2.3620814e-002
  2.2724930e-002
  2.3107599e-002
  2.3077879e-002
  2.3221678e-002
  2.2980684e-002
  2.2808053e-002
  2.3498493e-002
  2.3105886e-002
  2.2579726e-002
  2.3384366e-002
  2.3495889e-002
  2.2690003e-002
  2.2833112e-002
  2.3461490e-002
  2.3292664e-002
  2.2941582e-002
  2.3078202e-002
  2.3022092e-002
  2.2782433e-002
  2.3178573e-002
  2.3783412e-002
  2.3469855e-002
  2.2874124e-002
  2.3010816e-002
  2.3246456e-002
  2.2769973e-002
  2.2408388e-002
