  8.3156027e+003
  8.2094446e+003
  8.2433882e+003
  8.3122179e+003
  8.2823517e+003
  8.1283696e+003
  7.9568154e+003
  7.8975833e+003
  7.9751506e+003
  8.0876698e+003
  8.1111505e+003
  8.0223403e+003
  7.9185362e+003
  7.9167448e+003
  8.0336649e+003
  8.1654692e+003
  8.1865647e+003
  8.0687356e+003
  7.9032076e+003
  7.8063329e+003
  7.8051639e+003
  7.8159371e+003
  7.7326579e+003
  7.5349247e+003
  7.3109315e+003
  7.1785606e+003
  7.1827267e+003
  7.2621876e+003
  7.3101459e+003
  7.2695216e+003
  7.1773017e+003
  7.1205282e+003
  7.1461763e+003
  7.2092556e+003
  7.2084911e+003
  7.0768973e+003
  6.8435869e+003
  6.6124859e+003
  6.4810600e+003
  6.4707992e+003
  6.5222562e+003
  6.5499500e+003
  6.5087925e+003
  6.4207508e+003
  6.3438441e+003
  6.3121770e+003
  6.3008207e+003
  6.2476227e+003
  6.1114715e+003
  5.9140092e+003
  5.7298861e+003
  5.6358057e+003
  5.6571006e+003
  5.7474016e+003
  5.8147228e+003
  5.7789123e+003
  5.6226965e+003
  5.4002767e+003
  5.1991898e+003
  5.0860080e+003
  5.0721431e+003
  5.1146104e+003
  5.1446751e+003
  5.1072386e+003
  4.9901115e+003
  4.8262151e+003
  4.6690463e+003
  4.5607472e+003
  4.5130010e+003
  4.5061006e+003
  4.5011106e+003
  4.4596914e+003
  4.3644079e+003
  4.2280588e+003
  4.0853755e+003
  3.9734280e+003
  3.9129935e+003
  3.8982039e+003
  3.8975105e+003
  3.8683563e+003
  3.7815879e+003
  3.6408827e+003
  3.4824001e+003
  3.3542401e+003
  3.2889856e+003
  3.2845598e+003
  3.3034535e+003
  3.2929324e+003
  3.2169949e+003
  3.0795049e+003
  2.9210429e+003
  2.7916009e+003
  2.7193460e+003
  2.6961561e+003
  2.6869693e+003
  2.6550438e+003
  2.5861457e+003
  2.4948223e+003
  2.4082114e+003
  2.3412903e+003
  2.2852869e+003
  2.2186367e+003
  2.1291341e+003
  2.0270931e+003
  1.9386692e+003
  1.8852336e+003
  1.8653377e+003
  1.8539905e+003
  1.8208934e+003
  1.7534372e+003
  1.6650372e+003
  1.5816179e+003
  1.5188025e+003
  1.4704596e+003
  1.4177614e+003
  1.3487501e+003
  1.2699802e+003
  1.2004631e+003
  1.1543748e+003
  1.1283563e+003
  1.1045348e+003
  1.0662094e+003
  1.0118112e+003
  9.5451484e+002
  9.0845320e+002
  8.7511691e+002
  8.4283345e+002
  7.9900504e+002
  7.4248833e+002
  6.8422595e+002
  6.3643862e+002
  6.0157395e+002
  5.7139947e+002
  5.3604804e+002
  4.9351668e+002
  4.5070256e+002
  4.1592016e+002
  3.9082746e+002
  3.6942426e+002
  3.4434989e+002
  3.1380230e+002
  2.8249771e+002
  2.5641297e+002
  2.3696593e+002
  2.2019345e+002
  2.0110862e+002
  1.7849216e+002
  1.5555149e+002
  1.3636231e+002
  1.2197844e+002
  1.0987888e+002
  9.6808947e+001
  8.1936010e+001
  6.7406168e+001
  5.6162289e+001
  4.9322764e+001
  4.5433500e+001
  4.1926661e+001
  3.7223277e+001
  3.1718475e+001
