  2.0410186e-002
  2.0753708e-002
  1.9857478e-002
  2.0012529e-002
  2.0813306e-002
  2.0079418e-002
  2.0006962e-002
  2.0455973e-002
  2.0269540e-002
  2.0344821e-002
  1.9871305e-002
  2.0753466e-002
  2.0027635e-002
  2.0123076e-002
  2.0437718e-002
  2.0368558e-002
  1.9850694e-002
  2.0660863e-002
  2.0043912e-002
  2.0260986e-002
  2.0206142e-002
  2.0407541e-002
  2.0014409e-002
  2.0334332e-002
  2.0389736e-002
  2.0014185e-002
  2.0374757e-002
  2.0237083e-002
  2.0336067e-002
  2.0021825e-002
  2.0298004e-002
  2.0667190e-002
  1.9716638e-002
  2.0282211e-002
  2.0335722e-002
  2.0504380e-002
  2.0290244e-002
  1.9785646e-002
  2.0279971e-002
  2.0018881e-002
  2.0784492e-002
  2.0213263e-002
  2.0662103e-002
  1.9894093e-002
  2.0348495e-002
  1.9679135e-002
  2.0235092e-002
  1.9682917e-002
  2.0282097e-002
  1.9796437e-002
  2.0205174e-002
  1.9983770e-002
  1.9961283e-002
  2.0190788e-002
  1.9690704e-002
  2.0211200e-002
  1.9791911e-002
  2.0016593e-002
  2.0391711e-002
  2.0046848e-002
  2.0649084e-002
  2.0640067e-002
  2.0086229e-002
  2.0307035e-002
  2.0063620e-002
  1.9770808e-002
  2.0412536e-002
  2.0816276e-002
  2.0144205e-002
  1.9767677e-002
  2.0269586e-002
  2.0678132e-002
  2.0266441e-002
  1.9754479e-002
  2.0161067e-002
  2.0801688e-002
  2.0412536e-002
  1.9763157e-002
  2.0084777e-002
  2.0302172e-002
  2.0075202e-002
  2.0646168e-002
  2.0654073e-002
  2.0032162e-002
  2.0401851e-002
  2.0007024e-002
  1.9785446e-002
  2.0212910e-002
  1.9694720e-002
  2.0178251e-002
  1.9965607e-002
  1.9982697e-002
  2.0191457e-002
  1.9805048e-002
  2.0268819e-002
  1.9679309e-002
  2.0223643e-002
  1.9676654e-002
  2.0336796e-002
  1.9894941e-002
  2.0663242e-002
  2.0203222e-002
  2.0805726e-002
  2.0022665e-002
  2.0258799e-002
  1.9778182e-002
  2.0296547e-002
  2.0524360e-002
  2.0316719e-002
  2.0281306e-002
  1.9715396e-002
  2.0668832e-002
  2.0301805e-002
  2.0017250e-002
  2.0315544e-002
  2.0255318e-002
  2.0371894e-002
  2.0017807e-002
  2.0369159e-002
  2.0338056e-002
  2.0012962e-002
  2.0418936e-002
  2.0221940e-002
  2.0281134e-002
  2.0058109e-002
  2.0668192e-002
  1.9864378e-002
  2.0386154e-002
  2.0427490e-002
  2.0130632e-002
  2.0072916e-002
  2.0769060e-002
  1.9891297e-002
  2.0380222e-002
  2.0284746e-002
  2.0483558e-002
  2.0056862e-002
  2.0123259e-002
  2.0835280e-002
  2.0052618e-002
  1.9883889e-002
  2.0817625e-002
  2.0485063e-002
  1.9734371e-002
  2.0280885e-002
  2.0890731e-002
  2.0316556e-002
  1.9736626e-002
  2.0226421e-002
  2.0843043e-002
  2.0536938e-002
  2.0096596e-002
  2.0210292e-002
  2.0307714e-002
  2.0011705e-002
  1.9977724e-002
  2.0477327e-002
  2.0803122e-002
  2.0457369e-002
  2.0260205e-002
