  1.6851839e-002
  1.7204637e-002
  1.7012085e-002
  1.6998116e-002
  1.6956087e-002
  1.6821243e-002
  1.7382018e-002
  1.6906094e-002
  1.6636194e-002
  1.7438652e-002
  1.6853189e-002
  1.6979977e-002
  1.6826607e-002
  1.7451042e-002
  1.6685413e-002
  1.7023036e-002
  1.7032636e-002
  1.7218884e-002
  1.6547678e-002
  1.7454526e-002
  1.6886962e-002
  1.6787860e-002
  1.7396507e-002
  1.6748426e-002
  1.6948248e-002
  1.7312940e-002
  1.6639465e-002
  1.7052593e-002
  1.7408609e-002
  1.6550017e-002
  1.7039226e-002
  1.7280498e-002
  1.6873162e-002
  1.6996491e-002
  1.6655503e-002
  1.7294753e-002
  1.7210925e-002
  1.6972876e-002
  1.6977088e-002
  1.6548783e-002
  1.7090651e-002
  1.6811143e-002
  1.7460122e-002
  1.6998800e-002
  1.7457447e-002
  1.6908537e-002
  1.7319271e-002
  1.6790445e-002
  1.7217247e-002
  1.6726552e-002
  1.7196893e-002
  1.6764639e-002
  1.7160310e-002
  1.6971553e-002
  1.7111788e-002
  1.7339499e-002
  1.7000066e-002
  1.7480293e-002
  1.6998913e-002
  1.6996616e-002
  1.6984635e-002
  1.6520465e-002
  1.6964092e-002
  1.7202862e-002
  1.6979887e-002
  1.7229453e-002
  1.7020480e-002
  1.6546466e-002
  1.6952462e-002
  1.7488977e-002
  1.6999239e-002
  1.6510423e-002
  1.7002013e-002
  1.7462307e-002
  1.6962552e-002
  1.6543426e-002
  1.7018619e-002
  1.7232962e-002
  1.6984015e-002
  1.7187110e-002
  1.6978769e-002
  1.6504978e-002
  1.7001614e-002
  1.6985641e-002
  1.6989992e-002
  1.7462170e-002
  1.7008282e-002
  1.7337131e-002
  1.7108513e-002
  1.6957669e-002
  1.7174715e-002
  1.6754556e-002
  1.7192655e-002
  1.6715347e-002
  1.7220984e-002
  1.6792260e-002
  1.7305534e-002
  1.6908549e-002
  1.7463505e-002
  1.7005513e-002
  1.7432772e-002
  1.6810729e-002
  1.7100881e-002
  1.6556964e-002
  1.6969635e-002
  1.6974027e-002
  1.7211214e-002
  1.7292457e-002
  1.6640325e-002
  1.7019176e-002
  1.6869316e-002
  1.7275714e-002
  1.7050401e-002
  1.6557419e-002
  1.7383000e-002
  1.7044131e-002
  1.6664812e-002
  1.7331230e-002
  1.6960192e-002
  1.6747874e-002
  1.7400024e-002
  1.6783441e-002
  1.6903936e-002
  1.7462822e-002
  1.6565203e-002
  1.7238479e-002
  1.7049580e-002
  1.7062030e-002
  1.6714312e-002
  1.7459378e-002
  1.6832589e-002
  1.7017375e-002
  1.6907028e-002
  1.7480016e-002
  1.6681860e-002
  1.6952801e-002
  1.7416801e-002
  1.6883631e-002
  1.6999994e-002
  1.7039124e-002
  1.7084132e-002
  1.7256011e-002
  1.6891693e-002
  1.6838852e-002
  1.7336001e-002
  1.7299828e-002
  1.6850541e-002
  1.6837304e-002
  1.7216561e-002
  1.7286907e-002
  1.7089907e-002
  1.7098904e-002
  1.7170203e-002
  1.6958639e-002
  1.6689892e-002
  1.6892277e-002
  1.7335106e-002
  1.7436219e-002
  1.7155404e-002
  1.7084679e-002
