  1.5604576e-002
  1.5500979e-002
  1.5467659e-002
  1.5792235e-002
  1.5655016e-002
  1.5151087e-002
  1.5837160e-002
  1.5743620e-002
  1.5300996e-002
  1.5628262e-002
  1.5537840e-002
  1.5857680e-002
  1.5156329e-002
  1.5803854e-002
  1.5572382e-002
  1.5648410e-002
  1.5228752e-002
  1.5990678e-002
  1.5329039e-002
  1.5515608e-002
  1.5733028e-002
  1.5483273e-002
  1.5554272e-002
  1.5550399e-002
  1.5655425e-002
  1.5522032e-002
  1.5534203e-002
  1.5506461e-002
  1.5669040e-002
  1.5664413e-002
  1.5205612e-002
  1.5777905e-002
  1.5865520e-002
  1.5245851e-002
  1.5587780e-002
  1.5370436e-002
  1.5865125e-002
  1.5765765e-002
  1.5441865e-002
  1.5537182e-002
  1.5147895e-002
  1.5655298e-002
  1.5365153e-002
  1.5889490e-002
  1.5572643e-002
  1.5971964e-002
  1.5599944e-002
  1.5934351e-002
  1.5577467e-002
  1.5964961e-002
  1.5511773e-002
  1.5992509e-002
  1.5550612e-002
  1.5962629e-002
  1.5664129e-002
  1.5759547e-002
  1.5772143e-002
  1.5355091e-002
  1.5647483e-002
  1.5192914e-002
  1.5387725e-002
  1.5719091e-002
  1.5501116e-002
  1.5864632e-002
  1.5710370e-002
  1.5158292e-002
  1.5466531e-002
  1.5808251e-002
  1.5594718e-002
  1.5457641e-002
  1.5552458e-002
  1.5594067e-002
  1.5549489e-002
  1.5469774e-002
  1.5580145e-002
  1.5808712e-002
  1.5468546e-002
  1.5160580e-002
  1.5718029e-002
  1.5857517e-002
  1.5503406e-002
  1.5704749e-002
  1.5388954e-002
  1.5193230e-002
  1.5636461e-002
  1.5341901e-002
  1.5762828e-002
  1.5744576e-002
  1.5659502e-002
  1.5975303e-002
  1.5556097e-002
  1.5983862e-002
  1.5508504e-002
  1.5966233e-002
  1.5569031e-002
  1.5928868e-002
  1.5605500e-002
  1.5985386e-002
  1.5559955e-002
  1.5892460e-002
  1.5364821e-002
  1.5650336e-002
  1.5142136e-002
  1.5552574e-002
  1.5445881e-002
  1.5770071e-002
  1.5848964e-002
  1.5379196e-002
  1.5589637e-002
  1.5259978e-002
  1.5845577e-002
  1.5781960e-002
  1.5217510e-002
  1.5666644e-002
  1.5671839e-002
  1.5527460e-002
  1.5555367e-002
  1.5531984e-002
  1.5658134e-002
  1.5554773e-002
  1.5559323e-002
  1.5512901e-002
  1.5735524e-002
  1.5541658e-002
  1.5344565e-002
  1.6031364e-002
  1.5253003e-002
  1.5652171e-002
  1.5589061e-002
  1.5826367e-002
  1.5169697e-002
  1.5890554e-002
  1.5573257e-002
  1.5655148e-002
  1.5330247e-002
  1.5803617e-002
  1.5877980e-002
  1.5205481e-002
  1.5683277e-002
  1.5865634e-002
  1.5513875e-002
  1.5594842e-002
  1.5635069e-002
  1.5617993e-002
  1.5747173e-002
  1.5700859e-002
  1.5523882e-002
  1.5587160e-002
  1.5728421e-002
  1.5691218e-002
  1.5667706e-002
  1.5793575e-002
  1.5772258e-002
  1.5454592e-002
  1.5268219e-002
  1.5531481e-002
  1.5943735e-002
  1.5930300e-002
  1.5665963e-002
  1.5692007e-002
