  7.8963215e+003
  7.9276766e+003
  8.0612381e+003
  8.1522080e+003
  8.0975796e+003
  7.9417206e+003
  7.8247664e+003
  7.8317886e+003
  7.9040489e+003
  7.9040851e+003
  7.7619721e+003
  7.5475712e+003
  7.3967310e+003
  7.3736346e+003
  7.4128516e+003
  7.3956328e+003
  7.2762950e+003
  7.1291361e+003
  7.0722092e+003
  7.1478316e+003
  7.2789609e+003
  7.3426524e+003
  7.2862626e+003
  7.1713302e+003
  7.1033106e+003
  7.1200137e+003
  7.1521541e+003
  7.0943430e+003
  6.9126343e+003
  6.6815624e+003
  6.5185312e+003
  6.4829246e+003
  6.5331086e+003
  6.5732998e+003
  6.5413421e+003
  6.4580789e+003
  6.3971316e+003
  6.4053798e+003
  6.4495556e+003
  6.4410064e+003
  6.3164213e+003
  6.0987030e+003
  5.8831716e+003
  5.7648995e+003
  5.7705450e+003
  5.8454213e+003
  5.8987743e+003
  5.8695431e+003
  5.7635469e+003
  5.6359500e+003
  5.5376898e+003
  5.4750334e+003
  5.4156170e+003
  5.3279817e+003
  5.2144382e+003
  5.1109201e+003
  5.0577331e+003
  5.0640323e+003
  5.0924725e+003
  5.0796011e+003
  4.9811483e+003
  4.8072290e+003
  4.6184339e+003
  4.4867804e+003
  4.4507825e+003
  4.4920690e+003
  4.5452072e+003
  4.5362509e+003
  4.4287604e+003
  4.2467612e+003
  4.0581187e+003
  3.9315630e+003
  3.8969673e+003
  3.9304057e+003
  3.9691425e+003
  3.9486854e+003
  3.8418897e+003
  3.6746877e+003
  3.5072169e+003
  3.3950107e+003
  3.3571403e+003
  3.3686051e+003
  3.3780857e+003
  3.3402821e+003
  3.2436400e+003
  3.1143699e+003
  2.9940215e+003
  2.9094637e+003
  2.8584697e+003
  2.8181329e+003
  2.7657714e+003
  2.6962574e+003
  2.6238109e+003
  2.5666496e+003
  2.5269457e+003
  2.4851556e+003
  2.4159931e+003
  2.3121600e+003
  2.1939915e+003
  2.0962874e+003
  2.0430002e+003
  2.0292083e+003
  2.0240783e+003
  1.9934233e+003
  1.9248764e+003
  1.8349404e+003
  1.7519287e+003
  1.6907033e+003
  1.6422979e+003
  1.5863584e+003
  1.5128330e+003
  1.4323829e+003
  1.3668671e+003
  1.3292756e+003
  1.3113152e+003
  1.2899326e+003
  1.2470889e+003
  1.1846467e+003
  1.1205364e+003
  1.0704146e+003
  1.0331028e+003
  9.9364322e+002
  9.3969070e+002
  8.7419144e+002
  8.1227744e+002
  7.6658489e+002
  7.3592551e+002
  7.0777099e+002
  6.7106822e+002
  6.2640287e+002
  5.8403459e+002
  5.5265964e+002
  5.3058650e+002
  5.0788344e+002
  4.7661029e+002
  4.3835373e+002
  4.0175184e+002
  3.7331740e+002
  3.5132073e+002
  3.2851215e+002
  3.0002301e+002
  2.6800849e+002
  2.3881408e+002
  2.1637530e+002
  1.9880821e+002
  1.8108802e+002
  1.6036032e+002
  1.3836760e+002
  1.1908536e+002
  1.0456572e+002
  9.3241429e+001
  8.1931085e+001
  6.9083910e+001
  5.6038360e+001
  4.5438237e+001
  3.8683486e+001
  3.4834923e+001
  3.1682246e+001
  2.7681664e+001
  2.3011375e+001
