  1.4480354e-002
  1.4204117e-002
  1.3953111e-002
  1.4452710e-002
  1.4554878e-002
  1.3905960e-002
  1.4257679e-002
  1.4350668e-002
  1.4291496e-002
  1.4247871e-002
  1.3977259e-002
  1.4643686e-002
  1.4104759e-002
  1.4232828e-002
  1.4100445e-002
  1.4686508e-002
  1.3897385e-002
  1.4330185e-002
  1.4292766e-002
  1.4297341e-002
  1.4121798e-002
  1.4223753e-002
  1.4529320e-002
  1.3930644e-002
  1.4339802e-002
  1.4490982e-002
  1.3922077e-002
  1.4323687e-002
  1.4425371e-002
  1.4082754e-002
  1.4246306e-002
  1.4137796e-002
  1.4457167e-002
  1.4405007e-002
  1.3861379e-002
  1.4289407e-002
  1.4204919e-002
  1.4457315e-002
  1.4463410e-002
  1.4054164e-002
  1.4258489e-002
  1.3841798e-002
  1.4295539e-002
  1.3998672e-002
  1.4455627e-002
  1.4205643e-002
  1.4530433e-002
  1.4277350e-002
  1.4569479e-002
  1.4282280e-002
  1.4589836e-002
  1.4230808e-002
  1.4603192e-002
  1.4138480e-002
  1.4463982e-002
  1.4063325e-002
  1.4140651e-002
  1.4106344e-002
  1.3905131e-002
  1.4395224e-002
  1.4202278e-002
  1.4440634e-002
  1.4538247e-002
  1.3987735e-002
  1.4133156e-002
  1.4260441e-002
  1.4174625e-002
  1.4496569e-002
  1.4347732e-002
  1.3877964e-002
  1.4215649e-002
  1.4640603e-002
  1.4200493e-002
  1.3890213e-002
  1.4349043e-002
  1.4471427e-002
  1.4183472e-002
  1.4267840e-002
  1.4138407e-002
  1.3983591e-002
  1.4523617e-002
  1.4448490e-002
  1.4192249e-002
  1.4378328e-002
  1.3898918e-002
  1.4105503e-002
  1.4134481e-002
  1.4055493e-002
  1.4460989e-002
  1.4137497e-002
  1.4589726e-002
  1.4228316e-002
  1.4599871e-002
  1.4273660e-002
  1.4548907e-002
  1.4293706e-002
  1.4538932e-002
  1.4196314e-002
  1.4445207e-002
  1.3998019e-002
  1.4298011e-002
  1.3840641e-002
  1.4252678e-002
  1.4057362e-002
  1.4456400e-002
  1.4461140e-002
  1.4198290e-002
  1.4305642e-002
  1.3865946e-002
  1.4386277e-002
  1.4464889e-002
  1.4154960e-002
  1.4251731e-002
  1.4094810e-002
  1.4441422e-002
  1.4335553e-002
  1.3925927e-002
  1.4504054e-002
  1.4357748e-002
  1.3938758e-002
  1.4522560e-002
  1.4266119e-002
  1.4123266e-002
  1.4318041e-002
  1.4308713e-002
  1.4350485e-002
  1.3933906e-002
  1.4700146e-002
  1.4122210e-002
  1.4275740e-002
  1.4132083e-002
  1.4699918e-002
  1.4000935e-002
  1.4286448e-002
  1.4353265e-002
  1.4432179e-002
  1.4310894e-002
  1.3956546e-002
  1.4601819e-002
  1.4506184e-002
  1.4002034e-002
  1.4289046e-002
  1.4544492e-002
  1.4321080e-002
  1.4225481e-002
  1.4327781e-002
  1.4383912e-002
  1.4353988e-002
  1.4285641e-002
  1.4281469e-002
  1.4453675e-002
  1.4567317e-002
  1.4405292e-002
  1.4073347e-002
  1.3995143e-002
  1.4304197e-002
  1.4620987e-002
  1.4564314e-002
  1.4339065e-002
  1.4393897e-002
