  1.2508447e-002
  1.2480138e-002
  1.2499468e-002
  1.2264601e-002
  1.2466887e-002
  1.2808149e-002
  1.2278186e-002
  1.2334648e-002
  1.2557991e-002
  1.2512237e-002
  1.2559086e-002
  1.2134427e-002
  1.2706056e-002
  1.2416591e-002
  1.2521174e-002
  1.2157542e-002
  1.2774801e-002
  1.2376660e-002
  1.2356662e-002
  1.2518782e-002
  1.2490885e-002
  1.2505257e-002
  1.2247643e-002
  1.2632037e-002
  1.2509971e-002
  1.2188414e-002
  1.2677317e-002
  1.2563867e-002
  1.2255007e-002
  1.2507657e-002
  1.2478572e-002
  1.2545812e-002
  1.2470816e-002
  1.2129720e-002
  1.2628690e-002
  1.2648050e-002
  1.2477279e-002
  1.2556210e-002
  1.2118302e-002
  1.2427841e-002
  1.2355861e-002
  1.2534328e-002
  1.2661980e-002
  1.2531269e-002
  1.2756680e-002
  1.2457398e-002
  1.2735150e-002
  1.2357645e-002
  1.2696493e-002
  1.2356320e-002
  1.2740435e-002
  1.2411331e-002
  1.2758244e-002
  1.2525964e-002
  1.2709472e-002
  1.2608055e-002
  1.2465108e-002
  1.2533231e-002
  1.2134997e-002
  1.2468495e-002
  1.2291566e-002
  1.2520017e-002
  1.2775219e-002
  1.2371786e-002
  1.2406414e-002
  1.2373502e-002
  1.2290620e-002
  1.2697364e-002
  1.2614660e-002
  1.2124204e-002
  1.2396254e-002
  1.2811542e-002
  1.2403392e-002
  1.2125595e-002
  1.2597526e-002
  1.2693416e-002
  1.2289949e-002
  1.2375216e-002
  1.2406408e-002
  1.2373985e-002
  1.2797209e-002
  1.2509354e-002
  1.2299613e-002
  1.2451383e-002
  1.2138020e-002
  1.2533625e-002
  1.2459725e-002
  1.2599624e-002
  1.2711129e-002
  1.2513744e-002
  1.2757871e-002
  1.2419289e-002
  1.2717357e-002
  1.2356456e-002
  1.2686605e-002
  1.2355688e-002
  1.2741058e-002
  1.2440065e-002
  1.2768120e-002
  1.2535785e-002
  1.2645391e-002
  1.2556897e-002
  1.2346354e-002
  1.2451804e-002
  1.2112298e-002
  1.2554293e-002
  1.2476433e-002
  1.2629091e-002
  1.2632255e-002
  1.2140803e-002
  1.2477223e-002
  1.2556231e-002
  1.2477305e-002
  1.2521363e-002
  1.2264477e-002
  1.2557833e-002
  1.2663835e-002
  1.2200416e-002
  1.2526006e-002
  1.2669128e-002
  1.2257214e-002
  1.2515002e-002
  1.2529065e-002
  1.2538538e-002
  1.2375681e-002
  1.2417378e-002
  1.2798531e-002
  1.2197856e-002
  1.2560468e-002
  1.2466169e-002
  1.2749183e-002
  1.2166494e-002
  1.2590723e-002
  1.2579672e-002
  1.2587051e-002
  1.2408775e-002
  1.2308747e-002
  1.2856454e-002
  1.2528292e-002
  1.2318386e-002
  1.2587531e-002
  1.2562136e-002
  1.2590907e-002
  1.2644487e-002
  1.2425662e-002
  1.2386078e-002
  1.2713983e-002
  1.2801029e-002
  1.2530055e-002
  1.2328594e-002
  1.2450446e-002
  1.2699848e-002
  1.2715060e-002
  1.2599706e-002
  1.2604516e-002
  1.2732067e-002
  1.2716257e-002
  1.2489486e-002
  1.2249476e-002
  1.2305765e-002
