  1.2112168e-002
  1.2139892e-002
  1.1709092e-002
  1.1837048e-002
  1.1967333e-002
  1.1939130e-002
  1.2158624e-002
  1.1653529e-002
  1.1853517e-002
  1.2140723e-002
  1.1883463e-002
  1.1916658e-002
  1.1684335e-002
  1.2219416e-002
  1.1787879e-002
  1.1915150e-002
  1.1780068e-002
  1.2181828e-002
  1.1801292e-002
  1.1750660e-002
  1.2168478e-002
  1.1794554e-002
  1.1869565e-002
  1.1977528e-002
  1.1874513e-002
  1.1894974e-002
  1.2010632e-002
  1.1880363e-002
  1.1805167e-002
  1.2116139e-002
  1.1912678e-002
  1.1604844e-002
  1.2108048e-002
  1.2072287e-002
  1.1827322e-002
  1.1961246e-002
  1.1631673e-002
  1.1981540e-002
  1.2079808e-002
  1.1971985e-002
  1.2188855e-002
  1.1731767e-002
  1.1990187e-002
  1.1617821e-002
  1.1850448e-002
  1.1671342e-002
  1.1788510e-002
  1.1738122e-002
  1.1785327e-002
  1.1761905e-002
  1.1788523e-002
  1.1726099e-002
  1.1799436e-002
  1.1673408e-002
  1.1909709e-002
  1.1705250e-002
  1.2116699e-002
  1.1887230e-002
  1.2201824e-002
  1.2027481e-002
  1.1761144e-002
  1.1910314e-002
  1.1625106e-002
  1.1996327e-002
  1.2169232e-002
  1.1814031e-002
  1.1849144e-002
  1.1876738e-002
  1.1850934e-002
  1.2064943e-002
  1.1938189e-002
  1.1701097e-002
  1.1943281e-002
  1.2060334e-002
  1.1844964e-002
  1.1873778e-002
  1.1847565e-002
  1.1815240e-002
  1.2164481e-002
  1.2009886e-002
  1.1631176e-002
  1.1905624e-002
  1.1764868e-002
  1.2022416e-002
  1.2201071e-002
  1.1880410e-002
  1.2115816e-002
  1.1704398e-002
  1.1907497e-002
  1.1660610e-002
  1.1798099e-002
  1.1730313e-002
  1.1768751e-002
  1.1762114e-002
  1.1783274e-002
  1.1739117e-002
  1.1793162e-002
  1.1668931e-002
  1.1837497e-002
  1.1627683e-002
  1.1971927e-002
  1.1751507e-002
  1.2188132e-002
  1.1984621e-002
  1.2080983e-002
  1.2002979e-002
  1.1630747e-002
  1.1937901e-002
  1.1835732e-002
  1.2086635e-002
  1.2126214e-002
  1.1608600e-002
  1.1909245e-002
  1.2126740e-002
  1.1802178e-002
  1.1874926e-002
  1.1999703e-002
  1.1923437e-002
  1.1889505e-002
  1.2017667e-002
  1.1878008e-002
  1.1805610e-002
  1.2217463e-002
  1.1757415e-002
  1.1831824e-002
  1.2219402e-002
  1.1808293e-002
  1.1949450e-002
  1.1828000e-002
  1.2269898e-002
  1.1718646e-002
  1.1963405e-002
  1.1910762e-002
  1.2192373e-002
  1.1878234e-002
  1.1733871e-002
  1.2189686e-002
  1.1983377e-002
  1.2043080e-002
  1.1902203e-002
  1.1796840e-002
  1.2248249e-002
  1.2189645e-002
  1.1719995e-002
  1.1828933e-002
  1.2251392e-002
  1.2246450e-002
  1.1868949e-002
  1.1761338e-002
  1.2030620e-002
  1.2296512e-002
  1.2268368e-002
  1.1943829e-002
  1.1702893e-002
  1.1796066e-002
  1.2094230e-002
  1.2238354e-002
  1.2131085e-002
  1.2012742e-002
  1.2102333e-002
