  1.1287738e-002
  1.1446468e-002
  1.1624399e-002
  1.1182568e-002
  1.1215441e-002
  1.1686457e-002
  1.1401734e-002
  1.1379555e-002
  1.1249334e-002
  1.1382944e-002
  1.1712246e-002
  1.1206101e-002
  1.1383487e-002
  1.1299159e-002
  1.1695875e-002
  1.1172745e-002
  1.1377072e-002
  1.1441201e-002
  1.1460876e-002
  1.1331607e-002
  1.1209609e-002
  1.1722632e-002
  1.1241266e-002
  1.1221375e-002
  1.1713460e-002
  1.1247642e-002
  1.1208623e-002
  1.1711059e-002
  1.1356212e-002
  1.1086524e-002
  1.1622759e-002
  1.1492825e-002
  1.1297144e-002
  1.1370902e-002
  1.1176754e-002
  1.1581396e-002
  1.1621330e-002
  1.1302825e-002
  1.1477658e-002
  1.1097453e-002
  1.1310734e-002
  1.1298036e-002
  1.1364263e-002
  1.1566171e-002
  1.1389363e-002
  1.1681104e-002
  1.1379276e-002
  1.1723220e-002
  1.1389027e-002
  1.1718402e-002
  1.1390173e-002
  1.1729858e-002
  1.1357762e-002
  1.1663204e-002
  1.1278890e-002
  1.1438281e-002
  1.1194804e-002
  1.1228048e-002
  1.1371535e-002
  1.1242751e-002
  1.1664909e-002
  1.1424488e-002
  1.1393224e-002
  1.1366151e-002
  1.1095979e-002
  1.1536176e-002
  1.1617259e-002
  1.1222275e-002
  1.1287492e-002
  1.1491524e-002
  1.1390575e-002
  1.1308316e-002
  1.1401782e-002
  1.1485903e-002
  1.1292605e-002
  1.1216713e-002
  1.1607747e-002
  1.1540256e-002
  1.1094829e-002
  1.1368215e-002
  1.1386546e-002
  1.1428622e-002
  1.1665501e-002
  1.1249896e-002
  1.1365965e-002
  1.1212591e-002
  1.1197720e-002
  1.1443323e-002
  1.1268345e-002
  1.1651058e-002
  1.1357256e-002
  1.1735691e-002
  1.1376883e-002
  1.1716808e-002
  1.1394558e-002
  1.1716051e-002
  1.1383551e-002
  1.1681329e-002
  1.1362137e-002
  1.1572844e-002
  1.1349250e-002
  1.1300892e-002
  1.1323779e-002
  1.1094625e-002
  1.1477396e-002
  1.1317858e-002
  1.1616636e-002
  1.1561494e-002
  1.1184393e-002
  1.1395044e-002
  1.1309307e-002
  1.1495604e-002
  1.1609611e-002
  1.1106330e-002
  1.1346541e-002
  1.1713893e-002
  1.1207494e-002
  1.1274223e-002
  1.1728788e-002
  1.1249300e-002
  1.1238419e-002
  1.1737562e-002
  1.1249466e-002
  1.1333575e-002
  1.1503527e-002
  1.1472393e-002
  1.1407644e-002
  1.1206080e-002
  1.1730422e-002
  1.1327989e-002
  1.1421036e-002
  1.1254077e-002
  1.1727932e-002
  1.1426281e-002
  1.1285572e-002
  1.1465564e-002
  1.1457293e-002
  1.1735791e-002
  1.1286132e-002
  1.1259158e-002
  1.1713943e-002
  1.1557683e-002
  1.1366473e-002
  1.1477632e-002
  1.1461217e-002
  1.1443310e-002
  1.1571980e-002
  1.1606074e-002
  1.1438528e-002
  1.1362814e-002
  1.1471145e-002
  1.1584603e-002
  1.1573948e-002
  1.1512931e-002
  1.1586844e-002
  1.1706507e-002
  1.1637967e-002
  1.1391869e-002
  1.1219752e-002
  1.1284330e-002
