  1.0926469e-002
  1.1049226e-002
  1.0869511e-002
  1.0907493e-002
  1.0801953e-002
  1.0747441e-002
  1.1212975e-002
  1.0806984e-002
  1.0768013e-002
  1.0893148e-002
  1.0960886e-002
  1.1091926e-002
  1.0615137e-002
  1.0977310e-002
  1.0877268e-002
  1.1055818e-002
  1.0648694e-002
  1.0910086e-002
  1.1036402e-002
  1.0782266e-002
  1.0876168e-002
  1.0846432e-002
  1.1058970e-002
  1.0813827e-002
  1.0744594e-002
  1.1069025e-002
  1.0864871e-002
  1.0716373e-002
  1.1034727e-002
  1.0897119e-002
  1.0909911e-002
  1.0846659e-002
  1.0706296e-002
  1.1074430e-002
  1.1044923e-002
  1.0702090e-002
  1.0883768e-002
  1.0673657e-002
  1.0910680e-002
  1.1093283e-002
  1.0887995e-002
  1.1141629e-002
  1.0779688e-002
  1.0969384e-002
  1.0730346e-002
  1.0798855e-002
  1.0735886e-002
  1.0722097e-002
  1.0777163e-002
  1.0707038e-002
  1.0799473e-002
  1.0746682e-002
  1.0836892e-002
  1.0888837e-002
  1.0909190e-002
  1.1082223e-002
  1.0927207e-002
  1.1179868e-002
  1.0735157e-002
  1.0881262e-002
  1.0690736e-002
  1.0756260e-002
  1.1106051e-002
  1.0881742e-002
  1.0947600e-002
  1.0815342e-002
  1.0641142e-002
  1.1087164e-002
  1.1060181e-002
  1.0604425e-002
  1.0798462e-002
  1.1170431e-002
  1.0815987e-002
  1.0604778e-002
  1.1063377e-002
  1.1081638e-002
  1.0633454e-002
  1.0809468e-002
  1.0950872e-002
  1.0878684e-002
  1.1099382e-002
  1.0766384e-002
  1.0692258e-002
  1.0884277e-002
  1.0728733e-002
  1.1169837e-002
  1.0927955e-002
  1.1088374e-002
  1.0892111e-002
  1.0882533e-002
  1.0836381e-002
  1.0746237e-002
  1.0799856e-002
  1.0703558e-002
  1.0780477e-002
  1.0715037e-002
  1.0752664e-002
  1.0796684e-002
  1.0720180e-002
  1.0971644e-002
  1.0776306e-002
  1.1142401e-002
  1.0901254e-002
  1.1092236e-002
  1.0907230e-002
  1.0685001e-002
  1.0884866e-002
  1.0692143e-002
  1.1057207e-002
  1.1104451e-002
  1.0714449e-002
  1.0846769e-002
  1.0898426e-002
  1.0917694e-002
  1.1031773e-002
  1.0727619e-002
  1.0868880e-002
  1.1097626e-002
  1.0769898e-002
  1.0829568e-002
  1.1047342e-002
  1.0865661e-002
  1.0909592e-002
  1.0796978e-002
  1.1077811e-002
  1.0938888e-002
  1.0677283e-002
  1.1096325e-002
  1.0919797e-002
  1.0988357e-002
  1.0662615e-002
  1.1141768e-002
  1.0988365e-002
  1.0929405e-002
  1.0812530e-002
  1.0893720e-002
  1.1288661e-002
  1.0825769e-002
  1.0850277e-002
  1.0992793e-002
  1.0948172e-002
  1.1156727e-002
  1.1010274e-002
  1.0706897e-002
  1.0922678e-002
  1.1280183e-002
  1.1116407e-002
  1.0765282e-002
  1.0760385e-002
  1.1076561e-002
  1.1319225e-002
  1.1174147e-002
  1.0862862e-002
  1.0708570e-002
  1.0860982e-002
  1.1106300e-002
  1.1191171e-002
  1.1079638e-002
  1.0994448e-002
  1.1113582e-002
