  9.2662209e-003
  9.3571804e-003
  9.6514180e-003
  9.5747608e-003
  9.4998121e-003
  9.4641723e-003
  9.2903550e-003
  9.6913504e-003
  9.5622133e-003
  9.4459457e-003
  9.4213019e-003
  9.4480659e-003
  9.6989395e-003
  9.4125337e-003
  9.4478607e-003
  9.4492376e-003
  9.6554237e-003
  9.5026021e-003
  9.3085314e-003
  9.6558464e-003
  9.4860600e-003
  9.4760668e-003
  9.4572480e-003
  9.4962017e-003
  9.6447724e-003
  9.3767002e-003
  9.4322539e-003
  9.6321803e-003
  9.4668424e-003
  9.4486873e-003
  9.5060234e-003
  9.4530553e-003
  9.6605302e-003
  9.5449112e-003
  9.2189126e-003
  9.5236423e-003
  9.5295547e-003
  9.5543731e-003
  9.7267613e-003
  9.4165925e-003
  9.5139370e-003
  9.3905149e-003
  9.3003728e-003
  9.4709818e-003
  9.2532299e-003
  9.5381792e-003
  9.2969429e-003
  9.5435667e-003
  9.3355393e-003
  9.5000528e-003
  9.3321021e-003
  9.4566282e-003
  9.2961194e-003
  9.4505639e-003
  9.2853162e-003
  9.6001466e-003
  9.3954773e-003
  9.7425265e-003
  9.5209853e-003
  9.5767554e-003
  9.4053101e-003
  9.2779550e-003
  9.5789473e-003
  9.4781944e-003
  9.6514278e-003
  9.4913779e-003
  9.2393708e-003
  9.6203206e-003
  9.6750250e-003
  9.3132050e-003
  9.4300950e-003
  9.6792321e-003
  9.4542325e-003
  9.3051384e-003
  9.6718753e-003
  9.6426774e-003
  9.2295850e-003
  9.4857039e-003
  9.6397194e-003
  9.4696451e-003
  9.5887263e-003
  9.2769687e-003
  9.3973377e-003
  9.5914797e-003
  9.5266802e-003
  9.7342642e-003
  9.3965448e-003
  9.5864251e-003
  9.2789577e-003
  9.4607835e-003
  9.2769711e-003
  9.4506025e-003
  9.3379877e-003
  9.5023714e-003
  9.3228128e-003
  9.5524420e-003
  9.2960952e-003
  9.5425686e-003
  9.2551013e-003
  9.4771996e-003
  9.3030794e-003
  9.3825061e-003
  9.5183395e-003
  9.4078416e-003
  9.7462086e-003
  9.5420078e-003
  9.5400169e-003
  9.5240461e-003
  9.2345168e-003
  9.5382620e-003
  9.6692924e-003
  9.4647176e-003
  9.5089721e-003
  9.4481354e-003
  9.4761644e-003
  9.6569658e-003
  9.4516336e-003
  9.3936886e-003
  9.6421351e-003
  9.5146822e-003
  9.4606371e-003
  9.5025107e-003
  9.5102098e-003
  9.6834471e-003
  9.3243960e-003
  9.5457213e-003
  9.7039086e-003
  9.4833068e-003
  9.4723856e-003
  9.4554786e-003
  9.7587581e-003
  9.4986427e-003
  9.4743342e-003
  9.5079698e-003
  9.6331378e-003
  9.7641844e-003
  9.3513673e-003
  9.5402927e-003
  9.5851798e-003
  9.6352171e-003
  9.7865772e-003
  9.4451883e-003
  9.3653483e-003
  9.7378037e-003
  9.8250947e-003
  9.5595648e-003
  9.4842502e-003
  9.6068577e-003
  9.6983364e-003
  9.6915481e-003
  9.6138583e-003
  9.5604569e-003
  9.5729984e-003
  9.6872544e-003
  9.8178348e-003
  9.8541891e-003
  9.7111395e-003
  9.4925413e-003
  9.4008495e-003
  9.4986261e-003
