  9.1005683e-003
  8.9989871e-003
  8.9025050e-003
  9.3330743e-003
  9.1553237e-003
  8.9021822e-003
  9.0954112e-003
  8.9769424e-003
  9.2548284e-003
  9.1124586e-003
  8.9175593e-003
  9.0480928e-003
  9.0837426e-003
  9.2534957e-003
  8.9398671e-003
  9.0254367e-003
  9.1366673e-003
  9.1224815e-003
  9.1054880e-003
  8.8453576e-003
  9.3141735e-003
  9.0623701e-003
  8.9090323e-003
  9.1944596e-003
  9.1090233e-003
  8.9617462e-003
  9.1355229e-003
  9.1550825e-003
  8.9352398e-003
  9.0298607e-003
  9.3323944e-003
  9.0329463e-003
  8.8304214e-003
  9.1879765e-003
  9.1212844e-003
  9.1138037e-003
  9.1917808e-003
  8.8553561e-003
  8.9747802e-003
  9.0515772e-003
  8.9591767e-003
  9.2913098e-003
  9.0679457e-003
  9.2754716e-003
  9.1503844e-003
  9.1597389e-003
  9.2241911e-003
  9.0713074e-003
  9.2772700e-003
  9.0666449e-003
  9.3275470e-003
  9.0742304e-003
  9.3267676e-003
  9.0386324e-003
  9.2288050e-003
  8.9422429e-003
  9.0202669e-003
  8.9163498e-003
  8.9875939e-003
  9.1802023e-003
  9.0785413e-003
  9.2748390e-003
  8.9148144e-003
  8.9447580e-003
  9.1453686e-003
  9.0429518e-003
  9.2056758e-003
  8.9755326e-003
  8.8914590e-003
  9.2734185e-003
  9.1241192e-003
  8.8154746e-003
  9.1456939e-003
  9.2655614e-003
  8.8919238e-003
  8.9895187e-003
  9.1924691e-003
  9.0442798e-003
  9.1373710e-003
  8.9425751e-003
  8.9230604e-003
  9.2689157e-003
  9.0714630e-003
  9.1976194e-003
  8.9881760e-003
  8.9132879e-003
  9.0150101e-003
  8.9503420e-003
  9.2263059e-003
  9.0458012e-003
  9.2994768e-003
  9.0719224e-003
  9.3337857e-003
  9.0663026e-003
  9.2669933e-003
  9.0821197e-003
  9.2272893e-003
  9.1653918e-003
  9.1598629e-003
  9.2964492e-003
  9.0677114e-003
  9.2895155e-003
  8.9668819e-003
  9.0378543e-003
  8.9800804e-003
  8.8508980e-003
  9.2006398e-003
  9.1093153e-003
  9.1455945e-003
  9.1753033e-003
  8.8451153e-003
  9.0430204e-003
  9.3327788e-003
  9.0290149e-003
  8.9396439e-003
  9.1774694e-003
  9.1554848e-003
  8.9680718e-003
  9.1132724e-003
  9.2184459e-003
  8.9312429e-003
  9.0876589e-003
  9.3378709e-003
  8.8812928e-003
  9.1204119e-003
  9.1737400e-003
  9.1820103e-003
  9.0590008e-003
  8.9620931e-003
  9.3148318e-003
  9.1396601e-003
  9.0925931e-003
  8.9783291e-003
  9.1793400e-003
  9.3371172e-003
  9.0394729e-003
  9.1610934e-003
  8.9774214e-003
  9.2536730e-003
  9.3976574e-003
  9.0154466e-003
  9.0666823e-003
  9.2157129e-003
  9.1614378e-003
  9.2462063e-003
  9.3431657e-003
  9.1312629e-003
  8.9774365e-003
  9.1503260e-003
  9.3935929e-003
  9.4222358e-003
  9.2192968e-003
  9.0255102e-003
  9.0271538e-003
  9.1930120e-003
  9.3081497e-003
  9.3201164e-003
  9.2404433e-003
  9.2112623e-003
  9.3496382e-003
