  8.4076182e-003
  8.2281983e-003
  8.0580390e-003
  8.3427774e-003
  8.3970671e-003
  8.2876748e-003
  8.3385142e-003
  8.0682248e-003
  8.3402212e-003
  8.3261517e-003
  8.3019887e-003
  8.2359641e-003
  8.1514135e-003
  8.3622071e-003
  8.3773785e-003
  8.2427338e-003
  8.1806739e-003
  8.2214933e-003
  8.4756238e-003
  8.1238910e-003
  8.2474939e-003
  8.3460406e-003
  8.2792445e-003
  8.2733205e-003
  8.1908123e-003
  8.3227566e-003
  8.3629693e-003
  8.1909391e-003
  8.2382644e-003
  8.3167393e-003
  8.2710210e-003
  8.3603254e-003
  8.2171338e-003
  8.0772361e-003
  8.3676513e-003
  8.4359362e-003
  8.2352719e-003
  8.3759762e-003
  8.1141432e-003
  8.1376176e-003
  8.2742269e-003
  8.1347892e-003
  8.3831873e-003
  8.2747403e-003
  8.3825889e-003
  8.3965559e-003
  8.2974252e-003
  8.4969523e-003
  8.2746108e-003
  8.4913789e-003
  8.2263564e-003
  8.4335427e-003
  8.1755049e-003
  8.3491200e-003
  8.0529675e-003
  8.2628768e-003
  8.0817650e-003
  8.3705204e-003
  8.2853900e-003
  8.3864702e-003
  8.3424923e-003
  8.0927264e-003
  8.2888136e-003
  8.1870791e-003
  8.4550048e-003
  8.3503615e-003
  8.0528151e-003
  8.3291373e-003
  8.3935345e-003
  8.1878926e-003
  8.2337352e-003
  8.3636051e-003
  8.2457849e-003
  8.1805643e-003
  8.3991087e-003
  8.3385956e-003
  8.0446790e-003
  8.3647848e-003
  8.4471008e-003
  8.1804121e-003
  8.2893959e-003
  8.0857024e-003
  8.3294326e-003
  8.3796899e-003
  8.2807891e-003
  8.3678815e-003
  8.0781752e-003
  8.2672420e-003
  8.0541742e-003
  8.3547462e-003
  8.1738700e-003
  8.4364018e-003
  8.2207759e-003
  8.4766545e-003
  8.2807569e-003
  8.4774499e-003
  8.2826457e-003
  8.4006639e-003
  8.3844041e-003
  8.2838454e-003
  8.3969694e-003
  8.1367626e-003
  8.2755137e-003
  8.1320267e-003
  8.1142721e-003
  8.3778987e-003
  8.2333106e-003
  8.4415076e-003
  8.3823292e-003
  8.0739290e-003
  8.2388856e-003
  8.3706053e-003
  8.2711114e-003
  8.3246465e-003
  8.2448681e-003
  8.1987778e-003
  8.3859948e-003
  8.3230148e-003
  8.2053417e-003
  8.2998601e-003
  8.3009423e-003
  8.3674775e-003
  8.2746664e-003
  8.1474580e-003
  8.5220885e-003
  8.2624684e-003
  8.2174613e-003
  8.2806223e-003
  8.4018256e-003
  8.4158047e-003
  8.1995608e-003
  8.2802528e-003
  8.3752267e-003
  8.4112939e-003
  8.4090307e-003
  8.1287240e-003
  8.4195520e-003
  8.3677191e-003
  8.4748669e-003
  8.4476417e-003
  8.1404894e-003
  8.3335424e-003
  8.5523233e-003
  8.4279102e-003
  8.3708673e-003
  8.4324902e-003
  8.3476827e-003
  8.2968292e-003
  8.4266657e-003
  8.5977014e-003
  8.5731029e-003
  8.3963109e-003
  8.2764309e-003
  8.3157123e-003
  8.4451935e-003
  8.5133903e-003
  8.4735716e-003
  8.4177253e-003
  8.4272416e-003
  8.5563782e-003
