  7.8788377e-003
  7.8776951e-003
  7.9090158e-003
  7.7214266e-003
  7.9984857e-003
  8.0537983e-003
  7.8244182e-003
  7.9226661e-003
  7.7332572e-003
  7.9700552e-003
  8.0195807e-003
  7.8977083e-003
  7.8038310e-003
  7.8341114e-003
  8.0299214e-003
  7.9683163e-003
  7.7569609e-003
  7.8974431e-003
  7.8592613e-003
  8.0702652e-003
  7.7556715e-003
  7.8139937e-003
  8.0942433e-003
  7.8101762e-003
  7.8099891e-003
  8.0267573e-003
  7.9094739e-003
  7.7751776e-003
  7.9665159e-003
  8.0521829e-003
  7.7756395e-003
  7.7502785e-003
  8.0820300e-003
  7.9662893e-003
  7.8151855e-003
  7.9147332e-003
  7.7349515e-003
  7.8634181e-003
  8.0823816e-003
  7.9045868e-003
  8.0713371e-003
  7.9749050e-003
  7.8513354e-003
  7.9893582e-003
  7.7489202e-003
  7.9200437e-003
  7.7412042e-003
  7.8842029e-003
  7.8116671e-003
  7.8379737e-003
  7.8887430e-003
  7.8741910e-003
  8.0176170e-003
  7.9625298e-003
  8.0441072e-003
  7.9660454e-003
  7.9166267e-003
  7.8804752e-003
  7.7207967e-003
  7.9169806e-003
  7.8206333e-003
  8.1224467e-003
  7.8785912e-003
  7.8040556e-003
  7.9035186e-003
  7.8439561e-003
  8.0709006e-003
  7.8570998e-003
  7.7092034e-003
  8.0999768e-003
  7.9584044e-003
  7.6674978e-003
  7.9763323e-003
  8.0937433e-003
  7.7098349e-003
  7.8616213e-003
  8.0659013e-003
  7.8525658e-003
  7.8964082e-003
  7.7994200e-003
  7.8825369e-003
  8.1064369e-003
  7.8169673e-003
  7.9126511e-003
  7.7202678e-003
  7.8786731e-003
  7.9146578e-003
  7.9703474e-003
  8.0526690e-003
  7.9730498e-003
  8.0161694e-003
  7.8716037e-003
  7.8823463e-003
  7.8313704e-003
  7.8182328e-003
  7.8678747e-003
  7.7376090e-003
  7.9253311e-003
  7.7526105e-003
  7.9952093e-003
  7.8626290e-003
  7.9750402e-003
  8.0709177e-003
  7.9051990e-003
  8.0771092e-003
  7.8659621e-003
  7.7354397e-003
  7.9229872e-003
  7.8181943e-003
  7.9781072e-003
  8.1057578e-003
  7.7596982e-003
  7.7720571e-003
  8.0674310e-003
  7.9783541e-003
  7.7839479e-003
  7.9312906e-003
  8.0347286e-003
  7.8202997e-003
  7.8352757e-003
  8.1163019e-003
  7.8451253e-003
  7.7730606e-003
  8.1093432e-003
  7.9093444e-003
  7.9313518e-003
  7.8022633e-003
  8.0114046e-003
  8.0720657e-003
  7.8808795e-003
  7.8669939e-003
  7.9446629e-003
  8.0672948e-003
  8.0527322e-003
  7.8147245e-003
  7.9858689e-003
  7.8974125e-003
  8.1662147e-003
  8.0719575e-003
  7.8317381e-003
  7.9964932e-003
  7.9946988e-003
  8.0068612e-003
  8.2062375e-003
  8.0830571e-003
  7.8236135e-003
  7.8900363e-003
  8.1801004e-003
  8.2398025e-003
  8.1024812e-003
  7.9308461e-003
  7.9008555e-003
  8.0412258e-003
  8.2181236e-003
  8.2888546e-003
  8.2315525e-003
  8.0534012e-003
  7.9090037e-003
  7.8813486e-003
  7.9755154e-003
