  7.1966153e-003
  7.2899937e-003
  7.2825808e-003
  7.0169131e-003
  7.1618094e-003
  7.2942366e-003
  7.2157023e-003
  7.3367472e-003
  7.0427990e-003
  7.1747792e-003
  7.2079851e-003
  7.3118722e-003
  7.2260040e-003
  7.1229435e-003
  7.1283806e-003
  7.2967876e-003
  7.2195439e-003
  7.2476457e-003
  7.0072716e-003
  7.3296366e-003
  7.2684204e-003
  7.0982303e-003
  7.2145127e-003
  7.2118695e-003
  7.2351105e-003
  7.2222910e-003
  7.1186706e-003
  7.2262584e-003
  7.2526610e-003
  7.1886657e-003
  7.2288605e-003
  7.1365216e-003
  7.1188869e-003
  7.3667697e-003
  7.3006406e-003
  7.0491244e-003
  7.1824364e-003
  7.1223446e-003
  7.1118708e-003
  7.3597182e-003
  7.2249736e-003
  7.3093718e-003
  7.3504266e-003
  7.1750747e-003
  7.3544840e-003
  7.1561517e-003
  7.2896115e-003
  7.2214947e-003
  7.2245009e-003
  7.3069398e-003
  7.2335242e-003
  7.3744820e-003
  7.2171473e-003
  7.3651899e-003
  7.1552776e-003
  7.2429825e-003
  7.0484155e-003
  7.1483419e-003
  7.1718141e-003
  7.2557379e-003
  7.3597320e-003
  7.1261665e-003
  7.2080120e-003
  7.0529196e-003
  7.2948529e-003
  7.3302319e-003
  7.0407486e-003
  7.2033384e-003
  7.2638115e-003
  7.1710768e-003
  7.1982504e-003
  7.2039207e-003
  7.1986892e-003
  7.1718820e-003
  7.2657482e-003
  7.2032425e-003
  7.0388634e-003
  7.3322316e-003
  7.2941080e-003
  7.0508870e-003
  7.2069748e-003
  7.1233902e-003
  7.3587911e-003
  7.2533990e-003
  7.1680917e-003
  7.1469280e-003
  7.0473345e-003
  7.2419614e-003
  7.1552640e-003
  7.3661690e-003
  7.2186814e-003
  7.3733952e-003
  7.2291952e-003
  7.3054214e-003
  7.2236434e-003
  7.2194096e-003
  7.2859465e-003
  7.1545236e-003
  7.3560829e-003
  7.1756657e-003
  7.3510758e-003
  7.3121255e-003
  7.2259892e-003
  7.3612213e-003
  7.1131344e-003
  7.1254532e-003
  7.1838613e-003
  7.0555117e-003
  7.3058522e-003
  7.3739395e-003
  7.1275385e-003
  7.1432765e-003
  7.2345288e-003
  7.2003261e-003
  7.2644199e-003
  7.2352512e-003
  7.1360524e-003
  7.2380832e-003
  7.2531685e-003
  7.2235442e-003
  7.2358793e-003
  7.1258750e-003
  7.2974627e-003
  7.3616986e-003
  7.0441573e-003
  7.2803574e-003
  7.2630064e-003
  7.3471844e-003
  7.1757871e-003
  7.1666285e-003
  7.2832589e-003
  7.3761318e-003
  7.2701760e-003
  7.2393625e-003
  7.1194658e-003
  7.4217566e-003
  7.2949721e-003
  7.3895569e-003
  7.2568936e-003
  7.1194301e-003
  7.3912705e-003
  7.4066553e-003
  7.3163810e-003
  7.4029105e-003
  7.3224641e-003
  7.1602530e-003
  7.2893941e-003
  7.5339392e-003
  7.5444160e-003
  7.3464930e-003
  7.1965827e-003
  7.2263820e-003
  7.3949067e-003
  7.5545006e-003
  7.5974102e-003
  7.5165744e-003
  7.3612691e-003
  7.2378359e-003
  7.2352592e-003
  7.3192196e-003
