  7.0246215e-003
  6.9736500e-003
  6.8341733e-003
  6.9072980e-003
  6.7496587e-003
  6.8110590e-003
  7.0465840e-003
  6.8596469e-003
  6.9437809e-003
  6.7230056e-003
  6.8587470e-003
  6.9252973e-003
  6.9766699e-003
  6.8397285e-003
  6.8008928e-003
  6.8104566e-003
  7.0443337e-003
  6.8245847e-003
  6.8868567e-003
  6.7496637e-003
  6.9643599e-003
  6.9937945e-003
  6.6947345e-003
  6.8793607e-003
  7.0224290e-003
  6.7993634e-003
  6.7847643e-003
  6.9869534e-003
  6.9239356e-003
  6.7150645e-003
  6.8644363e-003
  7.0729625e-003
  6.8505985e-003
  6.7206169e-003
  6.8898120e-003
  6.8476065e-003
  6.9037054e-003
  7.0675426e-003
  6.8511778e-003
  6.8550670e-003
  6.8787713e-003
  6.6829107e-003
  6.8539121e-003
  6.7471611e-003
  6.7701099e-003
  6.8620190e-003
  6.7155947e-003
  6.8992530e-003
  6.7000059e-003
  6.8635700e-003
  6.7136326e-003
  6.8289245e-003
  6.7530225e-003
  6.8756235e-003
  6.8596010e-003
  7.0004499e-003
  6.9129606e-003
  6.9906644e-003
  6.7461311e-003
  6.8689121e-003
  6.7244717e-003
  7.0123514e-003
  6.9231975e-003
  6.8513605e-003
  6.8429982e-003
  6.7577671e-003
  7.0444368e-003
  6.8786443e-003
  6.6960791e-003
  6.9924438e-003
  6.9383563e-003
  6.7110106e-003
  6.9383431e-003
  6.9938870e-003
  6.6966366e-003
  6.8784905e-003
  7.0431662e-003
  6.7591806e-003
  6.8421408e-003
  6.8489231e-003
  6.9218805e-003
  7.0121336e-003
  6.7230346e-003
  6.8672599e-003
  6.7455392e-003
  6.9894991e-003
  6.9116683e-003
  7.0004798e-003
  6.8586297e-003
  6.8770997e-003
  6.7526313e-003
  6.8282449e-003
  6.7123262e-003
  6.8619690e-003
  6.6997443e-003
  6.8986954e-003
  6.7134101e-003
  6.8625924e-003
  6.7713249e-003
  6.7476232e-003
  6.8557190e-003
  6.6845137e-003
  6.8802134e-003
  6.8566554e-003
  6.8539833e-003
  7.0711947e-003
  6.9069698e-003
  6.8531839e-003
  6.8954251e-003
  6.7263164e-003
  6.8576612e-003
  7.0792698e-003
  6.8721456e-003
  6.7255194e-003
  6.9357234e-003
  7.0033652e-003
  6.8002429e-003
  6.8156443e-003
  7.0381912e-003
  6.8989021e-003
  6.7165459e-003
  7.0221384e-003
  6.9930574e-003
  6.7804792e-003
  6.9208436e-003
  6.8606176e-003
  7.0842363e-003
  6.8572219e-003
  6.8499131e-003
  6.8897061e-003
  7.0307456e-003
  6.9895405e-003
  6.9276696e-003
  6.7917266e-003
  7.0213352e-003
  6.9443381e-003
  7.1375116e-003
  6.9020775e-003
  6.8494531e-003
  7.0137524e-003
  6.9470437e-003
  7.0946198e-003
  7.1524587e-003
  6.9023230e-003
  6.8551922e-003
  7.0467794e-003
  7.1251899e-003
  7.0571035e-003
  7.0395832e-003
  7.0730674e-003
  7.0648221e-003
  7.0221281e-003
  7.0076180e-003
  7.0447735e-003
  7.0891993e-003
  7.0924694e-003
  7.0592854e-003
  7.0422785e-003
  7.0943490e-003
  7.2027926e-003
