  6.3124012e-003
  6.2946572e-003
  6.2789513e-003
  6.3930323e-003
  6.1802754e-003
  6.1437418e-003
  6.2997575e-003
  6.2291765e-003
  6.4295523e-003
  6.2091600e-003
  6.2287932e-003
  6.1582238e-003
  6.3291251e-003
  6.3176694e-003
  6.3241086e-003
  6.1166331e-003
  6.2909724e-003
  6.2330802e-003
  6.4111177e-003
  6.1775423e-003
  6.1551644e-003
  6.3763292e-003
  6.2598721e-003
  6.2335171e-003
  6.2565628e-003
  6.2351605e-003
  6.2932964e-003
  6.2765478e-003
  6.2290819e-003
  6.2579462e-003
  6.2335958e-003
  6.2593064e-003
  6.3856604e-003
  6.2518663e-003
  6.0810754e-003
  6.2615143e-003
  6.3197127e-003
  6.2527024e-003
  6.4184269e-003
  6.3099135e-003
  6.2043753e-003
  6.3163212e-003
  6.1275740e-003
  6.2041072e-003
  6.2021013e-003
  6.1018832e-003
  6.2594297e-003
  6.0851542e-003
  6.2485584e-003
  6.1374270e-003
  6.2360662e-003
  6.2305184e-003
  6.2807718e-003
  6.3402459e-003
  6.3312620e-003
  6.3430871e-003
  6.2570593e-003
  6.1854703e-003
  6.1963125e-003
  6.1876320e-003
  6.3976172e-003
  6.2491532e-003
  6.3238363e-003
  6.1024781e-003
  6.2706485e-003
  6.3859909e-003
  6.1808518e-003
  6.2506422e-003
  6.2532204e-003
  6.2814409e-003
  6.2781208e-003
  6.1945228e-003
  6.2797702e-003
  6.2810782e-003
  6.2549041e-003
  6.2493369e-003
  6.1798188e-003
  6.3851642e-003
  6.2710621e-003
  6.1015087e-003
  6.3239122e-003
  6.2485402e-003
  6.3971230e-003
  6.1862904e-003
  6.1953021e-003
  6.1844606e-003
  6.2560287e-003
  6.3410546e-003
  6.3310606e-003
  6.3407523e-003
  6.2797339e-003
  6.2315039e-003
  6.2353441e-003
  6.1368343e-003
  6.2472171e-003
  6.0859541e-003
  6.2576255e-003
  6.1024780e-003
  6.2034121e-003
  6.2050057e-003
  6.1280441e-003
  6.3169700e-003
  6.2071030e-003
  6.3109849e-003
  6.4220746e-003
  6.2561688e-003
  6.3242016e-003
  6.2672458e-003
  6.0867333e-003
  6.2571468e-003
  6.3945240e-003
  6.2681903e-003
  6.2416877e-003
  6.2687312e-003
  6.2414086e-003
  6.2917303e-003
  6.3103895e-003
  6.2522033e-003
  6.2747085e-003
  6.2552044e-003
  6.2861771e-003
  6.4028187e-003
  6.1825899e-003
  6.2104020e-003
  6.4500401e-003
  6.2719756e-003
  6.3327008e-003
  6.1621442e-003
  6.3750906e-003
  6.3728273e-003
  6.3877686e-003
  6.2236571e-003
  6.2996240e-003
  6.2847601e-003
  6.5153685e-003
  6.3161338e-003
  6.3941368e-003
  6.2427724e-003
  6.2872593e-003
  6.5131986e-003
  6.4032758e-003
  6.4266313e-003
  6.4479441e-003
  6.2655131e-003
  6.2907982e-003
  6.5184460e-003
  6.5728242e-003
  6.4467070e-003
  6.3803387e-003
  6.4165740e-003
  6.4570595e-003
  6.4643558e-003
  6.4635222e-003
  6.4737382e-003
  6.4799049e-003
  6.4645882e-003
  6.4403480e-003
  6.4485836e-003
  6.5119919e-003
  6.6148988e-003
