  5.8212318e-003
  5.9886797e-003
  6.1128254e-003
  5.9676095e-003
  6.0247947e-003
  5.9265146e-003
  5.8303810e-003
  6.0601956e-003
  5.9699261e-003
  6.1110714e-003
  5.8956692e-003
  5.9288626e-003
  5.9004159e-003
  6.0796285e-003
  5.9955285e-003
  6.0199039e-003
  5.8076972e-003
  6.0415333e-003
  5.9833794e-003
  6.0366921e-003
  5.9418591e-003
  5.8362131e-003
  6.1050515e-003
  6.0396774e-003
  5.8265849e-003
  5.9777906e-003
  6.0949453e-003
  5.9248247e-003
  5.8573397e-003
  6.0587590e-003
  6.0998835e-003
  5.8579279e-003
  5.8538212e-003
  6.0704532e-003
  6.0260284e-003
  5.9794841e-003
  6.0585907e-003
  5.8816131e-003
  5.8394845e-003
  5.9842258e-003
  5.8674402e-003
  5.9736379e-003
  6.0538084e-003
  5.9335076e-003
  6.1097196e-003
  5.9889074e-003
  6.0435283e-003
  6.0664963e-003
  5.9587773e-003
  6.0837028e-003
  5.8894274e-003
  6.0214784e-003
  5.8244539e-003
  5.9617696e-003
  5.8239110e-003
  6.0257241e-003
  5.9374064e-003
  6.1407577e-003
  5.9367329e-003
  6.0196042e-003
  5.8077286e-003
  6.0021714e-003
  6.0186903e-003
  6.0068750e-003
  5.9754658e-003
  5.8198971e-003
  6.0973156e-003
  6.0123968e-003
  5.8395182e-003
  6.0392700e-003
  6.0111465e-003
  5.8774531e-003
  6.0129560e-003
  6.0386390e-003
  5.8404442e-003
  6.0110239e-003
  6.0968249e-003
  5.8194945e-003
  5.9755975e-003
  6.0066172e-003
  6.0186195e-003
  6.0003753e-003
  5.8078358e-003
  6.0201011e-003
  5.9355757e-003
  6.1393320e-003
  5.9371551e-003
  6.0239345e-003
  5.8240201e-003
  5.9623518e-003
  5.8237267e-003
  6.0219793e-003
  5.8891448e-003
  6.0821056e-003
  5.9572216e-003
  6.0668980e-003
  6.0421934e-003
  5.9898815e-003
  6.1102867e-003
  5.9343932e-003
  6.0541636e-003
  5.9755630e-003
  5.8699137e-003
  5.9858847e-003
  5.8433897e-003
  5.8851143e-003
  6.0632096e-003
  5.9848696e-003
  6.0337648e-003
  6.0764043e-003
  5.8616450e-003
  5.8656796e-003
  6.1078920e-003
  6.0706318e-003
  5.8688322e-003
  5.9389811e-003
  6.1132982e-003
  5.9959964e-003
  5.8450423e-003
  6.0621920e-003
  6.1326220e-003
  5.8638720e-003
  5.9699736e-003
  6.0705237e-003
  6.0207082e-003
  6.0825399e-003
  5.8500662e-003
  6.0669333e-003
  6.0496960e-003
  6.1361353e-003
  5.9607442e-003
  5.9965308e-003
  5.9708723e-003
  6.1907315e-003
  6.0527932e-003
  6.1523604e-003
  5.9260949e-003
  6.0300596e-003
  6.1364239e-003
  6.0879777e-003
  6.2429467e-003
  6.1247470e-003
  5.9596826e-003
  6.0890899e-003
  6.1755054e-003
  6.1295284e-003
  6.1836645e-003
  6.2761680e-003
  6.2136826e-003
  6.0632318e-003
  6.0117046e-003
  6.1163170e-003
  6.2812003e-003
  6.3757034e-003
  6.3511115e-003
  6.2453219e-003
  6.1293966e-003
  6.0738459e-003
  6.0947401e-003
  6.1686594e-003
