  4.9149944e+003
  4.9828303e+003
  5.0335090e+003
  4.9880818e+003
  4.8719643e+003
  4.7828590e+003
  4.7782855e+003
  4.8127111e+003
  4.7935638e+003
  4.6885507e+003
  4.5618879e+003
  4.5020087e+003
  4.5255027e+003
  4.5639067e+003
  4.5438562e+003
  4.4690115e+003
  4.4143256e+003
  4.4412650e+003
  4.5276941e+003
  4.5884859e+003
  4.5637878e+003
  4.4787214e+003
  4.4105178e+003
  4.4012999e+003
  4.4133691e+003
  4.3742179e+003
  4.2589119e+003
  4.1202009e+003
  4.0375984e+003
  4.0417738e+003
  4.0900687e+003
  4.1125951e+003
  4.0797316e+003
  4.0248574e+003
  4.0020612e+003
  4.0233674e+003
  4.0411042e+003
  3.9945109e+003
  3.8723536e+003
  3.7279522e+003
  3.6340599e+003
  3.6231135e+003
  3.6655657e+003
  3.6996230e+003
  3.6829011e+003
  3.6219693e+003
  3.5564006e+003
  3.5151353e+003
  3.4890516e+003
  3.4455699e+003
  3.3668168e+003
  3.2717383e+003
  3.2029015e+003
  3.1913578e+003
  3.2280204e+003
  3.2645374e+003
  3.2463976e+003
  3.1544139e+003
  3.0203018e+003
  2.9036926e+003
  2.8508557e+003
  2.8657718e+003
  2.9096887e+003
  2.9268817e+003
  2.8808773e+003
  2.7774839e+003
  2.6582425e+003
  2.5709248e+003
  2.5400374e+003
  2.5547293e+003
  2.5771793e+003
  2.5658725e+003
  2.5016154e+003
  2.3994268e+003
  2.2975261e+003
  2.2323628e+003
  2.2169580e+003
  2.2337338e+003
  2.2446869e+003
  2.2149035e+003
  2.1359251e+003
  2.0316799e+003
  1.9419426e+003
  1.8960716e+003
  1.8949007e+003
  1.9109403e+003
  1.9065990e+003
  1.8596732e+003
  1.7780257e+003
  1.6915842e+003
  1.6287985e+003
  1.5974006e+003
  1.5830543e+003
  1.5638334e+003
  1.5280323e+003
  1.4816708e+003
  1.4397619e+003
  1.4094250e+003
  1.3817018e+003
  1.3407474e+003
  1.2809434e+003
  1.2145924e+003
  1.1628191e+003
  1.1379644e+003
  1.1327031e+003
  1.1254724e+003
  1.0982072e+003
  1.0508861e+003
  9.9932690e+002
  9.5867733e+002
  9.2940300e+002
  8.9935490e+002
  8.5836137e+002
  8.0964631e+002
  7.6693355e+002
  7.4086707e+002
  7.2843006e+002
  7.1569204e+002
  6.9107554e+002
  6.5583267e+002
  6.2122627e+002
  5.9580428e+002
  5.7654994e+002
  5.5305206e+002
  5.1941126e+002
  4.8063680e+002
  4.4712597e+002
  4.2393861e+002
  4.0644504e+002
  3.8624527e+002
  3.6028020e+002
  3.3341654e+002
  3.1242173e+002
  2.9841197e+002
  2.8590695e+002
  2.6900071e+002
  2.4751495e+002
  2.2655460e+002
  2.1051169e+002
  1.9846491e+002
  1.8577413e+002
  1.6949925e+002
  1.5139362e+002
  1.3553705e+002
  1.2378115e+002
  1.1413016e+002
  1.0338763e+002
  9.0692342e+001
  7.8102410e+001
  6.8042519e+001
  6.0735054e+001
  5.4285402e+001
  4.6945901e+001
  3.8926264e+001
  3.1987092e+001
  2.7538335e+001
  2.5308492e+001
  2.3758301e+001
  2.1567571e+001
  1.8678826e+001
