  5.2153392e-003
  5.0875920e-003
  5.0854457e-003
  5.2725950e-003
  5.2087420e-003
  5.2481420e-003
  5.2339073e-003
  5.0512554e-003
  5.1923684e-003
  5.1123592e-003
  5.3081415e-003
  5.1879189e-003
  5.2226855e-003
  5.0544212e-003
  5.2047228e-003
  5.1555043e-003
  5.3313179e-003
  5.1171831e-003
  5.1420997e-003
  5.1707013e-003
  5.1807011e-003
  5.3040891e-003
  5.1124588e-003
  5.0718235e-003
  5.2953923e-003
  5.2472902e-003
  5.0696336e-003
  5.1510532e-003
  5.3069517e-003
  5.1990454e-003
  5.0421630e-003
  5.1662512e-003
  5.3294533e-003
  5.2049192e-003
  5.1137525e-003
  5.1793502e-003
  5.1068354e-003
  5.0976192e-003
  5.2756065e-003
  5.2231668e-003
  5.2081666e-003
  5.3298972e-003
  5.1889266e-003
  5.2400327e-003
  5.2675443e-003
  5.1500917e-003
  5.2962176e-003
  5.1795462e-003
  5.2627642e-003
  5.2647567e-003
  5.2177583e-003
  5.2999732e-003
  5.1520301e-003
  5.2419020e-003
  5.0519768e-003
  5.1771072e-003
  5.0654694e-003
  5.2802406e-003
  5.1817386e-003
  5.2887547e-003
  5.0840449e-003
  5.1458052e-003
  5.1814482e-003
  5.2284897e-003
  5.2410677e-003
  5.0325900e-003
  5.2500836e-003
  5.2287076e-003
  5.1075694e-003
  5.2040545e-003
  5.1958490e-003
  5.1533205e-003
  5.1960885e-003
  5.2041667e-003
  5.1070814e-003
  5.2290656e-003
  5.2490993e-003
  5.0324016e-003
  5.2404127e-003
  5.2297060e-003
  5.1814459e-003
  5.1461916e-003
  5.0839521e-003
  5.2876152e-003
  5.1810150e-003
  5.2801068e-003
  5.0657311e-003
  5.1776066e-003
  5.0518898e-003
  5.2432679e-003
  5.1515586e-003
  5.3012281e-003
  5.2175413e-003
  5.2628911e-003
  5.2616509e-003
  5.1791803e-003
  5.2951916e-003
  5.1517504e-003
  5.2684717e-003
  5.2409638e-003
  5.1889627e-003
  5.3331145e-003
  5.2122653e-003
  5.2253801e-003
  5.2800512e-003
  5.1026306e-003
  5.1099139e-003
  5.1871231e-003
  5.1191282e-003
  5.2128820e-003
  5.3370525e-003
  5.1746263e-003
  5.0529862e-003
  5.2111160e-003
  5.3203583e-003
  5.1666150e-003
  5.0857549e-003
  5.2660804e-003
  5.3180353e-003
  5.0954495e-003
  5.1378203e-003
  5.3354704e-003
  5.2133727e-003
  5.2069996e-003
  5.1813887e-003
  5.1619157e-003
  5.3808230e-003
  5.2072017e-003
  5.2624286e-003
  5.1163554e-003
  5.2920350e-003
  5.2650565e-003
  5.3914773e-003
  5.1992323e-003
  5.2882617e-003
  5.1515294e-003
  5.3430399e-003
  5.3632066e-003
  5.3336322e-003
  5.4100708e-003
  5.2278396e-003
  5.2366857e-003
  5.3801177e-003
  5.3442173e-003
  5.3753623e-003
  5.5019100e-003
  5.4603796e-003
  5.3042598e-003
  5.2647247e-003
  5.3695059e-003
  5.4826767e-003
  5.5167352e-003
  5.4844583e-003
  5.4383072e-003
  5.4039695e-003
  5.3884055e-003
  5.3976763e-003
  5.4365068e-003
  5.5095152e-003
  5.5904222e-003
