  4.8106655e-003
  4.6583136e-003
  4.6111311e-003
  4.7247649e-003
  4.6578248e-003
  4.7713637e-003
  4.8150777e-003
  4.6806494e-003
  4.7386144e-003
  4.5796861e-003
  4.7433224e-003
  4.6862112e-003
  4.8404113e-003
  4.6767008e-003
  4.7295321e-003
  4.5830373e-003
  4.7728126e-003
  4.7326416e-003
  4.7580738e-003
  4.7059918e-003
  4.5850680e-003
  4.7798723e-003
  4.7863119e-003
  4.6550143e-003
  4.6948070e-003
  4.7258183e-003
  4.7122099e-003
  4.7174600e-003
  4.7107907e-003
  4.7237359e-003
  4.7146720e-003
  4.6523295e-003
  4.6883771e-003
  4.8289851e-003
  4.7686690e-003
  4.6111535e-003
  4.6705182e-003
  4.6962916e-003
  4.6177430e-003
  4.7441096e-003
  4.7876222e-003
  4.6980900e-003
  4.8247366e-003
  4.7806010e-003
  4.7321572e-003
  4.8437714e-003
  4.7181993e-003
  4.8104724e-003
  4.7784586e-003
  4.7268922e-003
  4.7937249e-003
  4.6392214e-003
  4.7364368e-003
  4.5798126e-003
  4.7108250e-003
  4.6369140e-003
  4.8097481e-003
  4.7170239e-003
  4.7950183e-003
  4.5971028e-003
  4.7182354e-003
  4.6564452e-003
  4.8384206e-003
  4.6714378e-003
  4.6523078e-003
  4.7386987e-003
  4.7196039e-003
  4.7501239e-003
  4.6157881e-003
  4.7581739e-003
  4.7713598e-003
  4.5884494e-003
  4.7714537e-003
  4.7575995e-003
  4.6151577e-003
  4.7512457e-003
  4.7185158e-003
  4.7386072e-003
  4.6530162e-003
  4.6709069e-003
  4.8365868e-003
  4.6574915e-003
  4.7159372e-003
  4.5971324e-003
  4.7939928e-003
  4.7162782e-003
  4.8110756e-003
  4.6357930e-003
  4.7122916e-003
  4.5795893e-003
  4.7356175e-003
  4.6399923e-003
  4.7926332e-003
  4.7277297e-003
  4.7795193e-003
  4.8084312e-003
  4.7197308e-003
  4.8457729e-003
  4.7336510e-003
  4.7797499e-003
  4.8264958e-003
  4.7017060e-003
  4.7921070e-003
  4.7453789e-003
  4.6214110e-003
  4.7015245e-003
  4.6750761e-003
  4.6172568e-003
  4.7744360e-003
  4.8369924e-003
  4.6978001e-003
  4.6612791e-003
  4.7259129e-003
  4.7364320e-003
  4.7261800e-003
  4.7338230e-003
  4.7297914e-003
  4.7475908e-003
  4.7164285e-003
  4.6802746e-003
  4.8157124e-003
  4.8129846e-003
  4.6181214e-003
  4.7466866e-003
  4.8013302e-003
  4.7786054e-003
  4.8245952e-003
  4.6371584e-003
  4.7925712e-003
  4.7445091e-003
  4.9154299e-003
  4.7676636e-003
  4.8283953e-003
  4.6709793e-003
  4.8437571e-003
  4.7903545e-003
  4.9362853e-003
  4.8974807e-003
  4.7936575e-003
  4.8717463e-003
  4.7641813e-003
  4.8230623e-003
  4.9918653e-003
  4.9446610e-003
  4.9175582e-003
  4.9918400e-003
  4.9516793e-003
  4.8326255e-003
  4.8323225e-003
  4.9598585e-003
  5.0741877e-003
  5.0916252e-003
  5.0406507e-003
  4.9801297e-003
  4.9440028e-003
  4.9417325e-003
  4.9659390e-003
  5.0198227e-003
  5.0886105e-003
  5.1554887e-003
