  4.0734124e-003
  4.1718556e-003
  4.1308220e-003
  4.0037510e-003
  4.0761724e-003
  4.0125296e-003
  4.0470232e-003
  4.1576100e-003
  4.0831438e-003
  4.1765873e-003
  4.0059898e-003
  4.0815814e-003
  3.9782695e-003
  4.1463683e-003
  4.0753460e-003
  4.1748964e-003
  4.0243608e-003
  4.0357350e-003
  4.0733403e-003
  4.0658913e-003
  4.1892060e-003
  4.0538195e-003
  3.9843710e-003
  4.1191299e-003
  4.1250146e-003
  4.0609857e-003
  4.0675502e-003
  4.0852645e-003
  4.0831752e-003
  4.0687281e-003
  4.0528960e-003
  4.1075864e-003
  4.1550559e-003
  4.0493251e-003
  3.9633071e-003
  4.0729534e-003
  4.1373045e-003
  4.0743422e-003
  4.1373530e-003
  4.1831834e-003
  4.0620774e-003
  4.0962059e-003
  4.1257631e-003
  4.0138468e-003
  4.0988739e-003
  4.0793813e-003
  4.0278684e-003
  4.1467333e-003
  4.0512353e-003
  4.1474259e-003
  4.1359580e-003
  4.1132608e-003
  4.1565642e-003
  4.0283170e-003
  4.0945366e-003
  3.9625754e-003
  4.1074530e-003
  4.0505456e-003
  4.1937718e-003
  4.0342966e-003
  4.0838828e-003
  3.9868827e-003
  4.1640709e-003
  4.0937805e-003
  4.0453224e-003
  4.0622527e-003
  4.0831382e-003
  4.1500204e-003
  3.9737915e-003
  4.1178171e-003
  4.1472879e-003
  3.9625185e-003
  4.1473540e-003
  4.1165974e-003
  3.9750526e-003
  4.1499856e-003
  4.0825614e-003
  4.0615939e-003
  4.0453303e-003
  4.0940435e-003
  4.1621165e-003
  3.9869369e-003
  4.0837436e-003
  4.0331334e-003
  4.1944589e-003
  4.0494726e-003
  4.1082304e-003
  3.9629757e-003
  4.0937827e-003
  4.0272203e-003
  4.1577512e-003
  4.1138674e-003
  4.1355326e-003
  4.1480353e-003
  4.0519800e-003
  4.1455174e-003
  4.0301396e-003
  4.0796564e-003
  4.1011588e-003
  4.0157298e-003
  4.1267997e-003
  4.1006395e-003
  4.0648449e-003
  4.1859408e-003
  4.1415233e-003
  4.0778051e-003
  4.1426758e-003
  4.0778832e-003
  3.9709372e-003
  4.0579614e-003
  4.1641449e-003
  4.1186095e-003
  4.0650779e-003
  4.0831690e-003
  4.1005808e-003
  4.1024021e-003
  4.0880731e-003
  4.0813374e-003
  4.1485219e-003
  4.1468607e-003
  4.0147010e-003
  4.0869701e-003
  4.2287211e-003
  4.1080140e-003
  4.1212105e-003
  4.0849559e-003
  4.0805096e-003
  4.2399000e-003
  4.1445474e-003
  4.2241670e-003
  4.0571805e-003
  4.1714006e-003
  4.1022121e-003
  4.2861720e-003
  4.1979702e-003
  4.2840404e-003
  4.1813681e-003
  4.1547935e-003
  4.2319448e-003
  4.1694597e-003
  4.3164799e-003
  4.3666253e-003
  4.2804023e-003
  4.3396023e-003
  4.3487372e-003
  4.2379415e-003
  4.2355679e-003
  4.3558025e-003
  4.4261610e-003
  4.4077543e-003
  4.3930828e-003
  4.4269113e-003
  4.4713203e-003
  4.4837365e-003
  4.4532070e-003
  4.4132249e-003
  4.3923692e-003
  4.3991159e-003
  4.4337510e-003
  4.4760773e-003
