  3.9764520e-003
  3.9113922e-003
  3.9140865e-003
  3.9557331e-003
  3.8126137e-003
  3.8557720e-003
  3.8537237e-003
  3.8472801e-003
  3.9766993e-003
  3.8871366e-003
  3.9698402e-003
  3.8080113e-003
  3.8891546e-003
  3.7949731e-003
  3.9602742e-003
  3.8943842e-003
  3.9513121e-003
  3.8585396e-003
  3.8021618e-003
  3.9261173e-003
  3.8838404e-003
  3.9423012e-003
  3.9094205e-003
  3.7812697e-003
  3.8831181e-003
  4.0007445e-003
  3.8852764e-003
  3.7872845e-003
  3.8851557e-003
  3.9926646e-003
  3.9031490e-003
  3.7796831e-003
  3.8457078e-003
  3.9662976e-003
  3.9260835e-003
  3.8819283e-003
  3.9329044e-003
  3.8753555e-003
  3.7793831e-003
  3.8601067e-003
  3.8663837e-003
  3.7949202e-003
  3.8978540e-003
  3.8804208e-003
  3.8239656e-003
  3.9238987e-003
  3.8343970e-003
  3.8509976e-003
  3.8789458e-003
  3.7800543e-003
  3.8879958e-003
  3.8028683e-003
  3.9056591e-003
  3.9044685e-003
  3.9420479e-003
  3.9413114e-003
  3.8584434e-003
  3.8563275e-003
  3.8229239e-003
  3.9315165e-003
  3.9266091e-003
  3.8872117e-003
  3.8425896e-003
  3.8525392e-003
  3.9883730e-003
  3.8255246e-003
  3.8849605e-003
  3.8877923e-003
  3.9101469e-003
  3.8736613e-003
  3.8528304e-003
  3.9471663e-003
  3.8525757e-003
  3.8715488e-003
  3.9125462e-003
  3.8876244e-003
  3.8849071e-003
  3.8244692e-003
  3.9881016e-003
  3.8526617e-003
  3.8416007e-003
  3.8863942e-003
  3.9264550e-003
  3.9305394e-003
  3.8231845e-003
  3.8561947e-003
  3.8591976e-003
  3.9425252e-003
  3.9417095e-003
  3.9036232e-003
  3.9066673e-003
  3.8033396e-003
  3.8872224e-003
  3.7802800e-003
  3.8788537e-003
  3.8510294e-003
  3.8352731e-003
  3.9252538e-003
  3.8251142e-003
  3.8830677e-003
  3.9003750e-003
  3.7982735e-003
  3.8689768e-003
  3.8626551e-003
  3.7840213e-003
  3.8787599e-003
  3.9381942e-003
  3.8881192e-003
  3.9348577e-003
  3.9746741e-003
  3.8551620e-003
  3.7907640e-003
  3.9161885e-003
  4.0080750e-003
  3.9019547e-003
  3.8038270e-003
  3.9055394e-003
  4.0214365e-003
  3.9072528e-003
  3.8089801e-003
  3.9415222e-003
  3.9769636e-003
  3.9230153e-003
  3.9686651e-003
  3.8502423e-003
  3.9097542e-003
  4.0115510e-003
  3.9586431e-003
  4.0330551e-003
  3.8719017e-003
  3.9721238e-003
  3.8991892e-003
  4.0739472e-003
  3.9982307e-003
  4.0998033e-003
  3.9748906e-003
  3.9951312e-003
  4.0041409e-003
  3.9731735e-003
  4.1372558e-003
  4.1064799e-003
  4.1143525e-003
  4.1966927e-003
  4.1041039e-003
  4.0435929e-003
  4.1282297e-003
  4.1630607e-003
  4.1256236e-003
  4.1574864e-003
  4.2672158e-003
  4.3410215e-003
  4.3240040e-003
  4.2537497e-003
  4.2021419e-003
  4.1903240e-003
  4.2202962e-003
  4.2737370e-003
  4.3335696e-003
  4.3978639e-003
  4.4474364e-003
