  3.6600768e-003
  3.7779007e-003
  3.7733182e-003
  3.6925416e-003
  3.7585936e-003
  3.6506706e-003
  3.6418051e-003
  3.6983535e-003
  3.6617830e-003
  3.7979032e-003
  3.7008313e-003
  3.7752229e-003
  3.6244172e-003
  3.7017440e-003
  3.6273158e-003
  3.7704832e-003
  3.7334649e-003
  3.7238348e-003
  3.7061944e-003
  3.6011901e-003
  3.7395327e-003
  3.7574578e-003
  3.6923854e-003
  3.7161005e-003
  3.6697727e-003
  3.6614702e-003
  3.7667933e-003
  3.7595353e-003
  3.6428167e-003
  3.6424115e-003
  3.7437389e-003
  3.7515893e-003
  3.6942373e-003
  3.7100110e-003
  3.7037030e-003
  3.6195850e-003
  3.6508743e-003
  3.7702521e-003
  3.7346582e-003
  3.7094457e-003
  3.8037918e-003
  3.7466308e-003
  3.7033961e-003
  3.7903539e-003
  3.7143018e-003
  3.7208825e-003
  3.7959086e-003
  3.6996720e-003
  3.7914797e-003
  3.7484405e-003
  3.7201828e-003
  3.7568659e-003
  3.6291788e-003
  3.7062203e-003
  3.6059192e-003
  3.7383526e-003
  3.6994508e-003
  3.7916094e-003
  3.6717512e-003
  3.6922946e-003
  3.6276085e-003
  3.7857834e-003
  3.6926681e-003
  3.7223324e-003
  3.6159767e-003
  3.7801935e-003
  3.7153885e-003
  3.6284468e-003
  3.7643894e-003
  3.6892010e-003
  3.6775927e-003
  3.7378856e-003
  3.6774870e-003
  3.6878445e-003
  3.7666764e-003
  3.6281334e-003
  3.7156802e-003
  3.7783538e-003
  3.6161701e-003
  3.7230920e-003
  3.6920603e-003
  3.7845893e-003
  3.6277811e-003
  3.6926203e-003
  3.6710587e-003
  3.7917852e-003
  3.6999078e-003
  3.7394503e-003
  3.6057556e-003
  3.7052512e-003
  3.6294852e-003
  3.7577286e-003
  3.7196558e-003
  3.7479547e-003
  3.7913174e-003
  3.7006330e-003
  3.7958667e-003
  3.7224860e-003
  3.7152419e-003
  3.7938488e-003
  3.7058702e-003
  3.7498009e-003
  3.8063248e-003
  3.7123913e-003
  3.7402548e-003
  3.7742265e-003
  3.6560195e-003
  3.6273496e-003
  3.7130413e-003
  3.7183567e-003
  3.7042071e-003
  3.7636979e-003
  3.7575217e-003
  3.6572136e-003
  3.6589476e-003
  3.7770585e-003
  3.7863519e-003
  3.6838709e-003
  3.6947022e-003
  3.7453687e-003
  3.7241533e-003
  3.7929076e-003
  3.7797883e-003
  3.6441249e-003
  3.7561822e-003
  3.7791114e-003
  3.7942933e-003
  3.8364235e-003
  3.6989057e-003
  3.7830414e-003
  3.7081438e-003
  3.8733516e-003
  3.8061888e-003
  3.9163988e-003
  3.7845828e-003
  3.8350277e-003
  3.7869145e-003
  3.8062044e-003
  3.9319133e-003
  3.8784964e-003
  3.9780558e-003
  3.9943976e-003
  3.8866448e-003
  3.9338497e-003
  3.9654304e-003
  3.8963427e-003
  3.9186384e-003
  4.0447140e-003
  4.1187331e-003
  4.0974857e-003
  4.0743072e-003
  4.1012868e-003
  4.1429250e-003
  4.1597903e-003
  4.1396299e-003
  4.1091497e-003
  4.0903036e-003
  4.0923972e-003
  4.1152079e-003
  4.1420399e-003
