  3.5616044e-003
  3.5102112e-003
  3.5556515e-003
  3.6250513e-003
  3.5156735e-003
  3.5542721e-003
  3.4960763e-003
  3.4515126e-003
  3.5391260e-003
  3.4901727e-003
  3.6240652e-003
  3.5255578e-003
  3.5948135e-003
  3.4466079e-003
  3.5211363e-003
  3.4755133e-003
  3.5720845e-003
  3.5920103e-003
  3.5052594e-003
  3.5431584e-003
  3.4505696e-003
  3.5200016e-003
  3.6283685e-003
  3.5197054e-003
  3.4691594e-003
  3.5346959e-003
  3.5571264e-003
  3.5253610e-003
  3.5123694e-003
  3.5252515e-003
  3.5598286e-003
  3.5433592e-003
  3.4644774e-003
  3.4700722e-003
  3.5905920e-003
  3.6111955e-003
  3.5206942e-003
  3.5287266e-003
  3.5561487e-003
  3.4577406e-003
  3.4567094e-003
  3.5261742e-003
  3.4501052e-003
  3.4635384e-003
  3.5279667e-003
  3.4352893e-003
  3.4958487e-003
  3.4945362e-003
  3.4373624e-003
  3.5444859e-003
  3.4733949e-003
  3.5689624e-003
  3.5684337e-003
  3.5610726e-003
  3.5811345e-003
  3.4677021e-003
  3.5192837e-003
  3.4528704e-003
  3.6045090e-003
  3.5296511e-003
  3.5687183e-003
  3.4357381e-003
  3.5540556e-003
  3.5564357e-003
  3.5313947e-003
  3.4949377e-003
  3.5100822e-003
  3.6146657e-003
  3.4356292e-003
  3.5481096e-003
  3.5883742e-003
  3.4301951e-003
  3.5884689e-003
  3.5478339e-003
  3.4364992e-003
  3.6148738e-003
  3.5094936e-003
  3.4941315e-003
  3.5324417e-003
  3.5569710e-003
  3.5531964e-003
  3.4349369e-003
  3.5695427e-003
  3.5298209e-003
  3.6032590e-003
  3.4524053e-003
  3.5201324e-003
  3.4686144e-003
  3.5819310e-003
  3.5599698e-003
  3.5685357e-003
  3.5699740e-003
  3.4734228e-003
  3.5438348e-003
  3.4377980e-003
  3.4952097e-003
  3.4965430e-003
  3.4369606e-003
  3.5287969e-003
  3.4672333e-003
  3.4518819e-003
  3.5287420e-003
  3.4597652e-003
  3.4615769e-003
  3.5608534e-003
  3.5331414e-003
  3.5255322e-003
  3.6208110e-003
  3.6006508e-003
  3.4785890e-003
  3.4751686e-003
  3.5548001e-003
  3.5736305e-003
  3.5404545e-003
  3.5293607e-003
  3.5437025e-003
  3.5767983e-003
  3.5594230e-003
  3.4949915e-003
  3.5491831e-003
  3.6608020e-003
  3.5566215e-003
  3.4903488e-003
  3.5893064e-003
  3.5567346e-003
  3.6491933e-003
  3.6342369e-003
  3.5411274e-003
  3.5973240e-003
  3.5288805e-003
  3.6847606e-003
  3.6249688e-003
  3.7357846e-003
  3.6086471e-003
  3.6689660e-003
  3.5911929e-003
  3.6487570e-003
  3.7188971e-003
  3.6944974e-003
  3.8260243e-003
  3.7685851e-003
  3.7395534e-003
  3.8079955e-003
  3.7359534e-003
  3.6999906e-003
  3.8092375e-003
  3.8761423e-003
  3.8599051e-003
  3.8921247e-003
  3.9848689e-003
  4.0397605e-003
  4.0035506e-003
  3.9229389e-003
  3.8618778e-003
  3.8486950e-003
  3.8769799e-003
  3.9296546e-003
  3.9912912e-003
  4.0461039e-003
  4.0906683e-003
