  3.2803200e-003
  3.3833638e-003
  3.3905567e-003
  3.3621934e-003
  3.4558853e-003
  3.3665318e-003
  3.3559912e-003
  3.3436997e-003
  3.2790045e-003
  3.3789783e-003
  3.3288138e-003
  3.4566760e-003
  3.3596947e-003
  3.4128049e-003
  3.2861890e-003
  3.3414412e-003
  3.3387937e-003
  3.3742926e-003
  3.4490297e-003
  3.3240180e-003
  3.3449740e-003
  3.3390467e-003
  3.3243172e-003
  3.4344311e-003
  3.4107230e-003
  3.2786436e-003
  3.3106948e-003
  3.4359455e-003
  3.4202324e-003
  3.2984510e-003
  3.2828321e-003
  3.4016899e-003
  3.4489054e-003
  3.3589497e-003
  3.3077447e-003
  3.3509693e-003
  3.3344383e-003
  3.2878660e-003
  3.3775826e-003
  3.4233943e-003
  3.3536360e-003
  3.4074105e-003
  3.4479711e-003
  3.3609362e-003
  3.4251084e-003
  3.4339382e-003
  3.3574834e-003
  3.4420865e-003
  3.3709944e-003
  3.3599358e-003
  3.3797622e-003
  3.2750471e-003
  3.3584986e-003
  3.2869246e-003
  3.3934915e-003
  3.3828428e-003
  3.4093978e-003
  3.3545738e-003
  3.3139951e-003
  3.3344811e-003
  3.3954504e-003
  3.3884131e-003
  3.3494060e-003
  3.2920172e-003
  3.4321039e-003
  3.3403684e-003
  3.3611633e-003
  3.3275367e-003
  3.4073430e-003
  3.3459507e-003
  3.3108894e-003
  3.4392359e-003
  3.3108725e-003
  3.3455091e-003
  3.4076615e-003
  3.3281085e-003
  3.3607532e-003
  3.3397830e-003
  3.4331348e-003
  3.2914604e-003
  3.3491139e-003
  3.3878201e-003
  3.3963507e-003
  3.3339392e-003
  3.3134608e-003
  3.3527547e-003
  3.4112205e-003
  3.3838054e-003
  3.3939665e-003
  3.2864722e-003
  3.3581955e-003
  3.2759371e-003
  3.3801533e-003
  3.3596075e-003
  3.3705932e-003
  3.4423101e-003
  3.3594440e-003
  3.4360599e-003
  3.4257515e-003
  3.3646368e-003
  3.4497967e-003
  3.4096376e-003
  3.3578941e-003
  3.4279829e-003
  3.3807386e-003
  3.2934208e-003
  3.3390631e-003
  3.3599047e-003
  3.3164976e-003
  3.3670939e-003
  3.4610396e-003
  3.4125676e-003
  3.2966187e-003
  3.3129668e-003
  3.4377705e-003
  3.4555260e-003
  3.3313980e-003
  3.3029371e-003
  3.4374691e-003
  3.4648144e-003
  3.3564260e-003
  3.3770311e-003
  3.3868715e-003
  3.3711153e-003
  3.5035578e-003
  3.4319115e-003
  3.4013143e-003
  3.4113485e-003
  3.3635917e-003
  3.5012885e-003
  3.4518456e-003
  3.5622980e-003
  3.4402231e-003
  3.5046667e-003
  3.4106106e-003
  3.4931977e-003
  3.5146956e-003
  3.5388672e-003
  3.6495346e-003
  3.5681995e-003
  3.6202677e-003
  3.6268035e-003
  3.5274042e-003
  3.5860429e-003
  3.6591598e-003
  3.6368598e-003
  3.6811638e-003
  3.8080520e-003
  3.8581523e-003
  3.8036689e-003
  3.7435175e-003
  3.7387261e-003
  3.7741343e-003
  3.8019739e-003
  3.8156710e-003
  3.8230027e-003
  3.8416959e-003
  3.8755305e-003
  3.9159784e-003
  3.9542632e-003
