  2.9697042e-003
  3.0383172e-003
  3.0252935e-003
  3.0080516e-003
  3.1158045e-003
  3.0617269e-003
  3.0979033e-003
  3.0820688e-003
  3.0119649e-003
  3.0427930e-003
  2.9688188e-003
  3.0664637e-003
  3.0262445e-003
  3.1247533e-003
  3.0572648e-003
  3.0626990e-003
  3.0207013e-003
  2.9795986e-003
  3.0829625e-003
  3.0428181e-003
  3.0932540e-003
  3.0789795e-003
  2.9664617e-003
  3.0215847e-003
  3.1093459e-003
  3.0645414e-003
  3.0188844e-003
  3.0350845e-003
  3.0634381e-003
  3.0662104e-003
  3.0290288e-003
  3.0063779e-003
  3.0572458e-003
  3.1256335e-003
  3.0766991e-003
  2.9826310e-003
  3.0011778e-003
  3.0489387e-003
  2.9999364e-003
  3.0032571e-003
  3.0906997e-003
  3.0584305e-003
  3.0316495e-003
  3.1100423e-003
  3.0628227e-003
  3.0353110e-003
  3.1010141e-003
  3.0154640e-003
  3.0333458e-003
  3.0381496e-003
  2.9629358e-003
  3.0490748e-003
  2.9986134e-003
  3.0841934e-003
  3.0841716e-003
  3.0666100e-003
  3.0556676e-003
  2.9784636e-003
  3.0548037e-003
  3.0463003e-003
  3.1145569e-003
  2.9956009e-003
  3.0320418e-003
  3.0570936e-003
  3.0809087e-003
  3.0233541e-003
  3.0059563e-003
  3.1315261e-003
  2.9800279e-003
  3.0534022e-003
  3.0917029e-003
  2.9790768e-003
  3.0916803e-003
  3.0541460e-003
  2.9806571e-003
  3.1313215e-003
  3.0052207e-003
  3.0230633e-003
  3.0810013e-003
  3.0569750e-003
  3.0323964e-003
  2.9954553e-003
  3.1147418e-003
  3.0460511e-003
  3.0553018e-003
  2.9773438e-003
  3.0550883e-003
  3.0663384e-003
  3.0853484e-003
  3.0850515e-003
  2.9982521e-003
  3.0505029e-003
  2.9629601e-003
  3.0403695e-003
  3.0341069e-003
  3.0152664e-003
  3.1015876e-003
  3.0378027e-003
  3.0654001e-003
  3.1124631e-003
  3.0334692e-003
  3.0618907e-003
  3.0933608e-003
  3.0075666e-003
  3.0047843e-003
  3.0530493e-003
  3.0072598e-003
  2.9900127e-003
  3.0853930e-003
  3.1350190e-003
  3.0686516e-003
  3.0189849e-003
  3.0428894e-003
  3.0804261e-003
  3.0803531e-003
  3.0562185e-003
  3.0406250e-003
  3.0895660e-003
  3.1370709e-003
  3.0530394e-003
  3.0015962e-003
  3.1208840e-003
  3.1395430e-003
  3.0937881e-003
  3.1390458e-003
  3.0396427e-003
  3.0881788e-003
  3.1399504e-003
  3.1408711e-003
  3.2201182e-003
  3.1273365e-003
  3.1793495e-003
  3.0889166e-003
  3.1813722e-003
  3.1569328e-003
  3.2484273e-003
  3.2784469e-003
  3.2614948e-003
  3.3362742e-003
  3.2344594e-003
  3.2693355e-003
  3.3050318e-003
  3.2610294e-003
  3.3560223e-003
  3.4496409e-003
  3.4143300e-003
  3.4156012e-003
  3.5002669e-003
  3.5538477e-003
  3.5416243e-003
  3.5460582e-003
  3.6064413e-003
  3.6816447e-003
  3.7246041e-003
  3.7243659e-003
  3.6937628e-003
  3.6611917e-003
  3.6371515e-003
  3.6278719e-003
  3.6257223e-003
