  2.7243779e-003
  2.7708630e-003
  2.7266373e-003
  2.6937984e-003
  2.7752848e-003
  2.7281592e-003
  2.7951939e-003
  2.8067036e-003
  2.7821077e-003
  2.8096081e-003
  2.7218924e-003
  2.7616586e-003
  2.6941682e-003
  2.7720307e-003
  2.7625252e-003
  2.8021564e-003
  2.8129211e-003
  2.7318754e-003
  2.7673339e-003
  2.7015579e-003
  2.7506766e-003
  2.8326468e-003
  2.7650079e-003
  2.7466826e-003
  2.7626709e-003
  2.7346558e-003
  2.7486047e-003
  2.8091521e-003
  2.7942009e-003
  2.7237015e-003
  2.7227250e-003
  2.7729363e-003
  2.7829520e-003
  2.7618303e-003
  2.7902040e-003
  2.8083726e-003
  2.7357484e-003
  2.6888128e-003
  2.7438062e-003
  2.7518225e-003
  2.6980109e-003
  2.7467917e-003
  2.7823054e-003
  2.7151324e-003
  2.7489887e-003
  2.7729225e-003
  2.6970960e-003
  2.7475269e-003
  2.7327089e-003
  2.6915719e-003
  2.7759503e-003
  2.7331703e-003
  2.8054221e-003
  2.8058432e-003
  2.7614367e-003
  2.7745374e-003
  2.6852167e-003
  2.7832347e-003
  2.7501661e-003
  2.8342260e-003
  2.7026657e-003
  2.7631403e-003
  2.7387447e-003
  2.8321090e-003
  2.6982178e-003
  2.7672747e-003
  2.7883836e-003
  2.7465346e-003
  2.7567611e-003
  2.7614076e-003
  2.7825089e-003
  2.7303560e-003
  2.7808650e-003
  2.7626139e-003
  2.7571681e-003
  2.7478757e-003
  2.7872523e-003
  2.7667141e-003
  2.6979682e-003
  2.8314010e-003
  2.7377039e-003
  2.7640258e-003
  2.7033499e-003
  2.8338853e-003
  2.7498200e-003
  2.7833736e-003
  2.6852982e-003
  2.7739772e-003
  2.7621495e-003
  2.8074806e-003
  2.8051684e-003
  2.7328715e-003
  2.7771538e-003
  2.6924224e-003
  2.7342343e-003
  2.7464264e-003
  2.6988580e-003
  2.7746271e-003
  2.7508003e-003
  2.7180759e-003
  2.7852628e-003
  2.7491467e-003
  2.7014245e-003
  2.7574524e-003
  2.7484704e-003
  2.6938894e-003
  2.7420503e-003
  2.8148855e-003
  2.7983580e-003
  2.7713924e-003
  2.7952521e-003
  2.7861288e-003
  2.7363275e-003
  2.7402344e-003
  2.8123682e-003
  2.8300090e-003
  2.7730063e-003
  2.7594017e-003
  2.7942662e-003
  2.7807956e-003
  2.8043829e-003
  2.8762125e-003
  2.7972928e-003
  2.7541969e-003
  2.8274978e-003
  2.7963444e-003
  2.8860587e-003
  2.8849104e-003
  2.8524977e-003
  2.8714814e-003
  2.8038569e-003
  2.8853007e-003
  2.8561722e-003
  2.9600054e-003
  2.9481470e-003
  2.9945314e-003
  2.9980061e-003
  2.9450072e-003
  3.0125521e-003
  2.9551163e-003
  3.0268295e-003
  3.0946561e-003
  3.0464340e-003
  3.1161715e-003
  3.2146379e-003
  3.2326058e-003
  3.3007466e-003
  3.4206631e-003
  3.4409307e-003
  3.3338006e-003
  3.2122716e-003
  3.1589962e-003
  3.1806383e-003
  3.2462488e-003
  3.3343922e-003
  3.4397669e-003
  3.5578123e-003
  3.6783082e-003
  3.7872834e-003
  3.8736413e-003
