  2.2758551e-003
  2.3340091e-003
  2.2872676e-003
  2.2645450e-003
  2.2979123e-003
  2.2212370e-003
  2.2553538e-003
  2.2280737e-003
  2.2348139e-003
  2.2646275e-003
  2.2597991e-003
  2.3055984e-003
  2.2875271e-003
  2.2967709e-003
  2.2726586e-003
  2.2289635e-003
  2.2583204e-003
  2.2103136e-003
  2.2948972e-003
  2.2944801e-003
  2.2716868e-003
  2.3004062e-003
  2.2369949e-003
  2.2052394e-003
  2.2799820e-003
  2.3156775e-003
  2.2681994e-003
  2.2356348e-003
  2.2538005e-003
  2.2845020e-003
  2.2868951e-003
  2.2546041e-003
  2.2174985e-003
  2.2399333e-003
  2.3082397e-003
  2.3280164e-003
  2.2725507e-003
  2.2495253e-003
  2.2835452e-003
  2.2650401e-003
  2.2105069e-003
  2.2410610e-003
  2.2663670e-003
  2.2130413e-003
  2.2298964e-003
  2.2732429e-003
  2.2268830e-003
  2.2609298e-003
  2.3021232e-003
  2.2591540e-003
  2.3174469e-003
  2.2919079e-003
  2.2445067e-003
  2.2701094e-003
  2.2013476e-003
  2.2869257e-003
  2.2737368e-003
  2.2984060e-003
  2.2484037e-003
  2.2305868e-003
  2.2797355e-003
  2.2881652e-003
  2.2619151e-003
  2.2324251e-003
  2.2855118e-003
  2.2870187e-003
  2.2139281e-003
  2.3065111e-003
  2.2462559e-003
  2.2606844e-003
  2.2729119e-003
  2.2566569e-003
  2.2725555e-003
  2.2606029e-003
  2.2473327e-003
  2.3059478e-003
  2.2143616e-003
  2.2866349e-003
  2.2847675e-003
  2.2316437e-003
  2.2601945e-003
  2.2871971e-003
  2.2807951e-003
  2.2300029e-003
  2.2476058e-003
  2.2997964e-003
  2.2734552e-003
  2.2870240e-003
  2.2021447e-003
  2.2704501e-003
  2.2465501e-003
  2.2903632e-003
  2.3180369e-003
  2.2586838e-003
  2.3041680e-003
  2.2624295e-003
  2.2282448e-003
  2.2747644e-003
  2.2323700e-003
  2.2153010e-003
  2.2701206e-003
  2.2434233e-003
  2.2146130e-003
  2.2691831e-003
  2.2886717e-003
  2.2559747e-003
  2.2786115e-003
  2.3344387e-003
  2.3179970e-003
  2.2497669e-003
  2.2301760e-003
  2.2696660e-003
  2.3044637e-003
  2.3032198e-003
  2.2734612e-003
  2.2591245e-003
  2.2941103e-003
  2.3450684e-003
  2.3136854e-003
  2.2419689e-003
  2.2801094e-003
  2.3505137e-003
  2.3247199e-003
  2.3554661e-003
  2.3621904e-003
  2.2857587e-003
  2.3464539e-003
  2.3232713e-003
  2.3786602e-003
  2.4190773e-003
  2.4224992e-003
  2.4625428e-003
  2.4261714e-003
  2.4492932e-003
  2.4403193e-003
  2.4702054e-003
  2.5209641e-003
  2.4875678e-003
  2.5978601e-003
  2.6356013e-003
  2.7661703e-003
  2.8445326e-003
  2.7093711e-003
  2.6544429e-003
  2.7531659e-003
  2.9483803e-003
  3.2744646e-003
  3.5795908e-003
  3.5924186e-003
  3.2630960e-003
  2.7976249e-003
  2.4322662e-003
  2.3029331e-003
  2.4472018e-003
  2.8257572e-003
  3.3751307e-003
  4.0002031e-003
  4.6114083e-003
  5.1401825e-003
  5.5400207e-003
