  2.2050192e-003
  2.1593799e-003
  2.1959889e-003
  2.2049634e-003
  2.1441255e-003
  2.1878064e-003
  2.1255921e-003
  2.1393723e-003
  2.1274714e-003
  2.1190975e-003
  2.1507577e-003
  2.1465336e-003
  2.1860992e-003
  2.1852396e-003
  2.1748222e-003
  2.1821929e-003
  2.1086120e-003
  2.1548894e-003
  2.1145016e-003
  2.1504838e-003
  2.2112298e-003
  2.1566296e-003
  2.1589222e-003
  2.1624860e-003
  2.1116123e-003
  2.1245606e-003
  2.1991418e-003
  2.2068399e-003
  2.1373940e-003
  2.0938735e-003
  2.1387564e-003
  2.2042457e-003
  2.2003679e-003
  2.1419874e-003
  2.1150548e-003
  2.1463210e-003
  2.1498520e-003
  2.1128233e-003
  2.1303552e-003
  2.1875000e-003
  2.1742777e-003
  2.1404630e-003
  2.1831821e-003
  2.1946607e-003
  2.1377528e-003
  2.1693260e-003
  2.1780543e-003
  2.1118211e-003
  2.1415137e-003
  2.1338555e-003
  2.0998718e-003
  2.1789820e-003
  2.1522855e-003
  2.1882098e-003
  2.1859347e-003
  2.1167224e-003
  2.1526432e-003
  2.1167563e-003
  2.2127796e-003
  2.1443420e-003
  2.1524770e-003
  2.1135536e-003
  2.2087206e-003
  2.1369348e-003
  2.1507742e-003
  2.1354179e-003
  2.2064380e-003
  2.0953686e-003
  2.1836111e-003
  2.1621643e-003
  2.1132071e-003
  2.2079910e-003
  2.1123743e-003
  2.1615452e-003
  2.1845532e-003
  2.0954260e-003
  2.2071626e-003
  2.1353194e-003
  2.1494262e-003
  2.1375006e-003
  2.2060541e-003
  2.1128491e-003
  2.1533398e-003
  2.1449070e-003
  2.2115350e-003
  2.1174879e-003
  2.1524133e-003
  2.1164736e-003
  2.1859065e-003
  2.1890588e-003
  2.1537711e-003
  2.1775904e-003
  2.1003989e-003
  2.1343554e-003
  2.1438814e-003
  2.1126222e-003
  2.1793320e-003
  2.1694635e-003
  2.1402061e-003
  2.1965456e-003
  2.1875311e-003
  2.1427371e-003
  2.1776953e-003
  2.1921471e-003
  2.1350172e-003
  2.1192104e-003
  2.1572535e-003
  2.1529157e-003
  2.1251684e-003
  2.1518806e-003
  2.2141925e-003
  2.2203648e-003
  2.1562825e-003
  2.1120987e-003
  2.1563338e-003
  2.2323259e-003
  2.2262659e-003
  2.1537908e-003
  2.1457995e-003
  2.2019805e-003
  2.2036957e-003
  2.2077701e-003
  2.2675265e-003
  2.2133837e-003
  2.1825971e-003
  2.2349324e-003
  2.1972765e-003
  2.2821922e-003
  2.2871364e-003
  2.3138815e-003
  2.3327076e-003
  2.3050934e-003
  2.3265747e-003
  2.3159671e-003
  2.3615704e-003
  2.3907615e-003
  2.3833385e-003
  2.4860601e-003
  2.5270568e-003
  2.6839135e-003
  2.6626963e-003
  2.5305995e-003
  2.5733524e-003
  2.7410274e-003
  3.0569486e-003
  3.4032114e-003
  3.4100852e-003
  2.9961057e-003
  2.4714752e-003
  2.1893396e-003
  2.3320467e-003
  2.9266639e-003
  3.8918729e-003
  5.0516122e-003
  6.1929330e-003
  7.1474228e-003
  7.8345030e-003
  8.2591195e-003
  8.4794136e-003
  8.5689516e-003
