  1.8149931e+002
  1.8071195e+002
  1.7743466e+002
  1.7625390e+002
  1.7856830e+002
  1.8069009e+002
  1.7890300e+002
  1.7445484e+002
  1.7173560e+002
  1.7232064e+002
  1.7304427e+002
  1.7052348e+002
  1.6580783e+002
  1.6296609e+002
  1.6374952e+002
  1.6549678e+002
  1.6483603e+002
  1.6212115e+002
  1.6084380e+002
  1.6292951e+002
  1.6606460e+002
  1.6647458e+002
  1.6353592e+002
  1.6030073e+002
  1.5939331e+002
  1.5972152e+002
  1.5818073e+002
  1.5391399e+002
  1.4960413e+002
  1.4835533e+002
  1.5015791e+002
  1.5206284e+002
  1.5160431e+002
  1.4938070e+002
  1.4788315e+002
  1.4813245e+002
  1.4830335e+002
  1.4602281e+002
  1.4142792e+002
  1.3725510e+002
  1.3600333e+002
  1.3747090e+002
  1.3914068e+002
  1.3875138e+002
  1.3635168e+002
  1.3379934e+002
  1.3242528e+002
  1.3163629e+002
  1.2997340e+002
  1.2710225e+002
  1.2435729e+002
  1.2339544e+002
  1.2441832e+002
  1.2568179e+002
  1.2491604e+002
  1.2145211e+002
  1.1691249e+002
  1.1376988e+002
  1.1329082e+002
  1.1465385e+002
  1.1570143e+002
  1.1464715e+002
  1.1144341e+002
  1.0765380e+002
  1.0503818e+002
  1.0425839e+002
  1.0462642e+002
  1.0473856e+002
  1.0349789e+002
  1.0089320e+002
  9.7897312e+001
  9.5626771e+001
  9.4583379e+001
  9.4414947e+001
  9.4148849e+001
  9.2854801e+001
  9.0385331e+001
  8.7511186e+001
  8.5322456e+001
  8.4446114e+001
  8.4568080e+001
  8.4550698e+001
  8.3259027e+001
  8.0535554e+001
  7.7378021e+001
  7.5137937e+001
  7.4469008e+001
  7.4811474e+001
  7.4800417e+001
  7.3391047e+001
  7.0752747e+001
  6.8037481e+001
  6.6287382e+001
  6.5585852e+001
  6.5147404e+001
  6.4146305e+001
  6.2509677e+001
  6.0896615e+001
  5.9859837e+001
  5.9153256e+001
  5.8017419e+001
  5.6088165e+001
  5.3875464e+001
  5.2295721e+001
  5.1735552e+001
  5.1611867e+001
  5.0949665e+001
  4.9408687e+001
  4.7599561e+001
  4.6317280e+001
  4.5618416e+001
  4.4824878e+001
  4.3395805e+001
  4.1611565e+001
  4.0269065e+001
  3.9739308e+001
  3.9503360e+001
  3.8753379e+001
  3.7351499e+001
  3.5959724e+001
  3.5179151e+001
  3.4795378e+001
  3.4079148e+001
  3.2734925e+001
  3.1280819e+001
  3.0388447e+001
  3.0036856e+001
  2.9562907e+001
  2.8533938e+001
  2.7302322e+001
  2.6518425e+001
  2.6256338e+001
  2.5921283e+001
  2.5054256e+001
  2.3941653e+001
  2.3212864e+001
  2.2986751e+001
  2.2728312e+001
  2.1994091e+001
  2.1035368e+001
  2.0440078e+001
  2.0320196e+001
  2.0166306e+001
  1.9559515e+001
  1.8748080e+001
  1.8295524e+001
  1.8300750e+001
  1.8276313e+001
  1.7841206e+001
  1.7246792e+001
  1.6995113e+001
  1.7084373e+001
  1.6952552e+001
  1.6244999e+001
  1.5396785e+001
  1.5225644e+001
  1.5992226e+001
  1.7055772e+001
  1.7517621e+001
  1.7093589e+001
