  7.1347019e+001
  7.0039539e+001
  6.8683280e+001
  6.8840059e+001
  6.9994012e+001
  7.0344286e+001
  6.9360258e+001
  6.8474690e+001
  6.9008369e+001
  7.0298654e+001
  7.0629863e+001
  6.9602672e+001
  6.8623672e+001
  6.8885923e+001
  6.9697543e+001
  6.9458680e+001
  6.7871866e+001
  6.6325990e+001
  6.6010209e+001
  6.6410054e+001
  6.6165790e+001
  6.4990047e+001
  6.4036587e+001
  6.4329991e+001
  6.5400568e+001
  6.5866164e+001
  6.5139222e+001
  6.4060723e+001
  6.3706928e+001
  6.3969315e+001
  6.3753126e+001
  6.2477207e+001
  6.0879196e+001
  6.0135632e+001
  6.0495538e+001
  6.1087973e+001
  6.0993145e+001
  6.0236677e+001
  5.9602545e+001
  5.9565389e+001
  5.9659335e+001
  5.9068376e+001
  5.7688233e+001
  5.6325825e+001
  5.5839140e+001
  5.6264068e+001
  5.6821338e+001
  5.6692326e+001
  5.5770257e+001
  5.4657667e+001
  5.3950602e+001
  5.3653374e+001
  5.3350452e+001
  5.2778195e+001
  5.2090957e+001
  5.1640572e+001
  5.1555607e+001
  5.1526923e+001
  5.1079481e+001
  5.0095225e+001
  4.8973218e+001
  4.8254391e+001
  4.8151444e+001
  4.8375781e+001
  4.8345040e+001
  4.7662023e+001
  4.6476582e+001
  4.5344175e+001
  4.4745051e+001
  4.4737415e+001
  4.4939277e+001
  4.4804520e+001
  4.4056143e+001
  4.2916954e+001
  4.1894185e+001
  4.1366123e+001
  4.1330487e+001
  4.1416073e+001
  4.1155047e+001
  4.0372843e+001
  3.9330210e+001
  3.8470079e+001
  3.8056360e+001
  3.7995066e+001
  3.7915347e+001
  3.7481868e+001
  3.6701587e+001
  3.5890526e+001
  3.5339413e+001
  3.5055844e+001
  3.4796290e+001
  3.4315734e+001
  3.3628734e+001
  3.3012452e+001
  3.2690155e+001
  3.2550606e+001
  3.2255704e+001
  3.1608797e+001
  3.0778452e+001
  3.0150687e+001
  2.9931206e+001
  2.9897177e+001
  2.9620580e+001
  2.8954177e+001
  2.8201642e+001
  2.7758526e+001
  2.7652152e+001
  2.7511525e+001
  2.7002037e+001
  2.6233601e+001
  2.5645750e+001
  2.5470793e+001
  2.5434726e+001
  2.5100212e+001
  2.4427399e+001
  2.3827897e+001
  2.3637043e+001
  2.3676943e+001
  2.3474067e+001
  2.2867680e+001
  2.2225128e+001
  2.1959969e+001
  2.1974148e+001
  2.1784612e+001
  2.1183395e+001
  2.0532347e+001
  2.0277448e+001
  2.0343486e+001
  2.0242959e+001
  1.9752033e+001
  1.9220190e+001
  1.9079342e+001
  1.9231548e+001
  1.9179032e+001
  1.8725317e+001
  1.8254214e+001
  1.8177214e+001
  1.8335536e+001
  1.8225414e+001
  1.7728457e+001
  1.7285310e+001
  1.7253856e+001
  1.7386072e+001
  1.7190549e+001
  1.6654647e+001
  1.6272076e+001
  1.6333786e+001
  1.6514574e+001
  1.6355503e+001
  1.5933664e+001
  1.5733486e+001
  1.5895773e+001
  1.5945484e+001
  1.5445685e+001
  1.4704870e+001
  1.4533863e+001
  1.5294955e+001
  1.6421277e+001
  1.6991295e+001
  1.6658202e+001
