 -7.6879437e+000
 -6.5989540e+000
 -5.4926177e+000
 -4.3734033e+000
 -3.2457172e+000
 -2.1138761e+000
 -9.8207989e-001
  1.4561315e-001
  1.2653104e+000
  2.3733065e+000
  3.4661033e+000
  4.5404276e+000
  5.5932464e+000
  6.6217803e+000
  7.6235135e+000
  8.5962024e+000
  9.5378808e+000
  1.0446863e+001
  1.1321744e+001
  1.2161399e+001
  1.2964975e+001
  1.3731889e+001
  1.4461817e+001
  1.5154683e+001
  1.5810644e+001
  1.6430081e+001
  1.7013581e+001
  1.7561915e+001
  1.8076029e+001
  1.8557016e+001
  1.9006104e+001
  1.9424630e+001
  1.9814022e+001
  2.0175783e+001
  2.0511463e+001
  2.0822648e+001
  2.1110933e+001
  2.1377913e+001
  2.1625158e+001
  2.1854202e+001
  2.2066528e+001
  2.2263552e+001
  2.2446615e+001
  2.2616970e+001
  2.2775776e+001
  2.2924090e+001
  2.3062858e+001
  2.3192921e+001
  2.3315003e+001
  2.3429716e+001
  2.3537562e+001
  2.3638934e+001
  2.3734119e+001
  2.3823309e+001
  2.3906601e+001
  2.3984009e+001
  2.4055473e+001
  2.4120869e+001
  2.4180015e+001
  2.4232687e+001
  2.4278629e+001
  2.4317561e+001
  2.4349194e+001
  2.4373239e+001
  2.4389419e+001
  2.4397477e+001
  2.4397188e+001
  2.4388365e+001
  2.4370867e+001
  2.4344609e+001
  2.4309561e+001
  2.4265760e+001
  2.4213306e+001
  2.4152365e+001
  2.4083172e+001
  2.4006029e+001
  2.3921299e+001
  2.3829405e+001
  2.3730827e+001
  2.3626091e+001
  2.3515766e+001
  2.3400453e+001
  2.3280782e+001
  2.3157394e+001
  2.3030939e+001
  2.2902065e+001
  2.2771404e+001
  2.2639567e+001
  2.2507133e+001
  2.2374639e+001
  2.2242575e+001
  2.2111372e+001
  2.1981401e+001
  2.1852962e+001
  2.1726285e+001
  2.1601522e+001
  2.1478749e+001
  2.1357964e+001
  2.1239088e+001
  2.1121966e+001
  2.1006372e+001
  2.0892014e+001
  2.0778537e+001
  2.0665533e+001
  2.0552544e+001
  2.0439077e+001
  2.0324606e+001
  2.0208586e+001
  2.0090462e+001
  1.9969677e+001
  1.9845683e+001
  1.9717951e+001
  1.9585980e+001
  1.9449306e+001
  1.9307510e+001
  1.9160223e+001
  1.9007138e+001
  1.8848011e+001
  1.8682667e+001
  1.8511003e+001
  1.8332993e+001
  1.8148685e+001
  1.7958205e+001
  1.7761753e+001
  1.7559606e+001
  1.7352110e+001
  1.7139677e+001
  1.6922784e+001
  1.6701964e+001
  1.6477805e+001
  1.6250936e+001
  1.6022029e+001
  1.5791787e+001
  1.5560937e+001
  1.5330226e+001
  1.5100412e+001
  1.4872259e+001
  1.4646527e+001
  1.4423972e+001
  1.4205335e+001
  1.3991340e+001
  1.3782688e+001
  1.3580054e+001
  1.3384084e+001
  1.3195392e+001
  1.3014555e+001
  1.2842116e+001
  1.2678580e+001
  1.2524416e+001
  1.2380052e+001
  1.2245879e+001
  1.2122252e+001
  1.2009489e+001
  1.1907873e+001
  1.1817650e+001
  1.1739037e+001
  1.1672217e+001
  1.1617342e+001
  1.1574536e+001
  1.1543893e+001
