  2.0376687e+001
  2.0083977e+001
  2.0247141e+001
  2.0612934e+001
  2.0612365e+001
  2.0257986e+001
  2.0107979e+001
  2.0380720e+001
  2.0615404e+001
  2.0387123e+001
  1.9948529e+001
  1.9827474e+001
  2.0035402e+001
  2.0093093e+001
  1.9790661e+001
  1.9507092e+001
  1.9630061e+001
  1.9975834e+001
  2.0074046e+001
  1.9866880e+001
  1.9767872e+001
  2.0010297e+001
  2.0279126e+001
  2.0168032e+001
  1.9762706e+001
  1.9504124e+001
  1.9573061e+001
  1.9689336e+001
  1.9565698e+001
  1.9337129e+001
  1.9363460e+001
  1.9695346e+001
  1.9964728e+001
  1.9860920e+001
  1.9521959e+001
  1.9312955e+001
  1.9344054e+001
  1.9388662e+001
  1.9250654e+001
  1.9053735e+001
  1.9079144e+001
  1.9366341e+001
  1.9609355e+001
  1.9512926e+001
  1.9146749e+001
  1.8844284e+001
  1.8817395e+001
  1.8966272e+001
  1.9047958e+001
  1.8968458e+001
  1.8862174e+001
  1.8871932e+001
  1.8935929e+001
  1.8881089e+001
  1.8672150e+001
  1.8478933e+001
  1.8501096e+001
  1.8739875e+001
  1.8952476e+001
  1.8885726e+001
  1.8553777e+001
  1.8227645e+001
  1.8166745e+001
  1.8385410e+001
  1.8638967e+001
  1.8643262e+001
  1.8353267e+001
  1.8006889e+001
  1.7889120e+001
  1.8080239e+001
  1.8390570e+001
  1.8511503e+001
  1.8293027e+001
  1.7893617e+001
  1.7628985e+001
  1.7688421e+001
  1.7978867e+001
  1.8195231e+001
  1.8086466e+001
  1.7704698e+001
  1.7361079e+001
  1.7328331e+001
  1.7597632e+001
  1.7887913e+001
  1.7899160e+001
  1.7605586e+001
  1.7274215e+001
  1.7172428e+001
  1.7308853e+001
  1.7468967e+001
  1.7462304e+001
  1.7322921e+001
  1.7241502e+001
  1.7290829e+001
  1.7312528e+001
  1.7141291e+001
  1.6861997e+001
  1.6753309e+001
  1.6967717e+001
  1.7306913e+001
  1.7393451e+001
  1.7100649e+001
  1.6712783e+001
  1.6578969e+001
  1.6702948e+001
  1.6791641e+001
  1.6670693e+001
  1.6520774e+001
  1.6621052e+001
  1.6921400e+001
  1.7045166e+001
  1.6777851e+001
  1.6376114e+001
  1.6236468e+001
  1.6375105e+001
  1.6444448e+001
  1.6252622e+001
  1.6052532e+001
  1.6182606e+001
  1.6550104e+001
  1.6713403e+001
  1.6490460e+001
  1.6216275e+001
  1.6244200e+001
  1.6421885e+001
  1.6335565e+001
  1.5957304e+001
  1.5711778e+001
  1.5853400e+001
  1.6089304e+001
  1.6024170e+001
  1.5764850e+001
  1.5759966e+001
  1.6098729e+001
  1.6345664e+001
  1.6194218e+001
  1.5940392e+001
  1.6021091e+001
  1.6322077e+001
  1.6349981e+001
  1.6012931e+001
  1.5776648e+001
  1.5936029e+001
  1.6149117e+001
  1.5979332e+001
  1.5596679e+001
  1.5524367e+001
  1.5818341e+001
  1.5972222e+001
  1.5708775e+001
  1.5415112e+001
  1.5515372e+001
  1.5743500e+001
  1.5490019e+001
  1.4781456e+001
  1.4439038e+001
  1.5087228e+001
  1.6311525e+001
  1.7079228e+001
  1.6866602e+001
