  1.6646942e+001
  1.6529236e+001
  1.6794790e+001
  1.6960593e+001
  1.6722275e+001
  1.6448175e+001
  1.6582870e+001
  1.6937756e+001
  1.7001999e+001
  1.6756966e+001
  1.6688434e+001
  1.6993387e+001
  1.7260335e+001
  1.7125177e+001
  1.6840000e+001
  1.6851926e+001
  1.7085972e+001
  1.7076170e+001
  1.6714024e+001
  1.6428691e+001
  1.6543242e+001
  1.6814524e+001
  1.6831546e+001
  1.6637297e+001
  1.6638829e+001
  1.6958267e+001
  1.7213468e+001
  1.7065102e+001
  1.6704767e+001
  1.6559856e+001
  1.6686354e+001
  1.6747973e+001
  1.6557617e+001
  1.6365507e+001
  1.6501362e+001
  1.6886791e+001
  1.7100073e+001
  1.6918624e+001
  1.6591945e+001
  1.6477429e+001
  1.6581940e+001
  1.6631602e+001
  1.6500677e+001
  1.6391417e+001
  1.6548348e+001
  1.6885790e+001
  1.7033217e+001
  1.6782818e+001
  1.6359755e+001
  1.6164031e+001
  1.6336524e+001
  1.6651673e+001
  1.6794200e+001
  1.6691551e+001
  1.6539215e+001
  1.6513096e+001
  1.6567780e+001
  1.6560074e+001
  1.6465649e+001
  1.6410600e+001
  1.6509962e+001
  1.6690462e+001
  1.6730333e+001
  1.6521749e+001
  1.6225690e+001
  1.6118132e+001
  1.6316178e+001
  1.6647821e+001
  1.6791116e+001
  1.6594072e+001
  1.6238827e+001
  1.6052782e+001
  1.6193420e+001
  1.6511139e+001
  1.6685278e+001
  1.6534565e+001
  1.6202463e+001
  1.5997288e+001
  1.6082299e+001
  1.6343076e+001
  1.6514770e+001
  1.6446145e+001
  1.6245871e+001
  1.6129127e+001
  1.6162885e+001
  1.6232435e+001
  1.6219073e+001
  1.6155781e+001
  1.6187187e+001
  1.6349547e+001
  1.6453464e+001
  1.6296431e+001
  1.5956689e+001
  1.5763918e+001
  1.5953687e+001
  1.6379199e+001
  1.6622327e+001
  1.6445902e+001
  1.6066112e+001
  1.5876143e+001
  1.5976562e+001
  1.6114518e+001
  1.6065767e+001
  1.5945325e+001
  1.6037073e+001
  1.6346896e+001
  1.6513205e+001
  1.6271897e+001
  1.5844600e+001
  1.5674032e+001
  1.5859286e+001
  1.6063232e+001
  1.6004118e+001
  1.5848884e+001
  1.5947776e+001
  1.6272997e+001
  1.6404636e+001
  1.6134107e+001
  1.5788086e+001
  1.5759663e+001
  1.5944241e+001
  1.5930199e+001
  1.5650271e+001
  1.5504773e+001
  1.5757014e+001
  1.6108960e+001
  1.6128255e+001
  1.5899847e+001
  1.5881954e+001
  1.6166541e+001
  1.6316782e+001
  1.6062594e+001
  1.5745976e+001
  1.5786652e+001
  1.6016565e+001
  1.5957194e+001
  1.5600903e+001
  1.5437431e+001
  1.5671896e+001
  1.5890185e+001
  1.5723798e+001
  1.5449967e+001
  1.5544746e+001
  1.5899932e+001
  1.5986418e+001
  1.5719150e+001
  1.5611108e+001
  1.5940304e+001
  1.6280541e+001
  1.6181946e+001
  1.5904261e+001
  1.5981041e+001
  1.6285884e+001
  1.6143247e+001
  1.5420482e+001
  1.4944152e+001
  1.5505571e+001
  1.6784246e+001
  1.7662897e+001
  1.7496307e+001
