  1.6456262e+001
  1.6743848e+001
  1.6525801e+001
  1.6278940e+001
  1.6490641e+001
  1.6728957e+001
  1.6467730e+001
  1.6079535e+001
  1.6130110e+001
  1.6339589e+001
  1.6150069e+001
  1.5791443e+001
  1.5861033e+001
  1.6230546e+001
  1.6291883e+001
  1.6059914e+001
  1.6111702e+001
  1.6496330e+001
  1.6622640e+001
  1.6325524e+001
  1.6149527e+001
  1.6345010e+001
  1.6428675e+001
  1.6083096e+001
  1.5750223e+001
  1.5893382e+001
  1.6245019e+001
  1.6301553e+001
  1.6171325e+001
  1.6318476e+001
  1.6666875e+001
  1.6658688e+001
  1.6195691e+001
  1.5841214e+001
  1.5962208e+001
  1.6239344e+001
  1.6251384e+001
  1.6127945e+001
  1.6251589e+001
  1.6534084e+001
  1.6499792e+001
  1.6069068e+001
  1.5743600e+001
  1.5906167e+001
  1.6317930e+001
  1.6488545e+001
  1.6339463e+001
  1.6216644e+001
  1.6286168e+001
  1.6305787e+001
  1.6094077e+001
  1.5880944e+001
  1.6009820e+001
  1.6420751e+001
  1.6637712e+001
  1.6366217e+001
  1.5901582e+001
  1.5766303e+001
  1.6093804e+001
  1.6497672e+001
  1.6524321e+001
  1.6175077e+001
  1.5863907e+001
  1.5907845e+001
  1.6219562e+001
  1.6453359e+001
  1.6382680e+001
  1.6129878e+001
  1.5986099e+001
  1.6088149e+001
  1.6318647e+001
  1.6429555e+001
  1.6292649e+001
  1.6049526e+001
  1.5958281e+001
  1.6133825e+001
  1.6420483e+001
  1.6505751e+001
  1.6264817e+001
  1.5945016e+001
  1.5915018e+001
  1.6260591e+001
  1.6635292e+001
  1.6595541e+001
  1.6141273e+001
  1.5757920e+001
  1.5864073e+001
  1.6333799e+001
  1.6629832e+001
  1.6437100e+001
  1.6036621e+001
  1.5899516e+001
  1.6090142e+001
  1.6277856e+001
  1.6246470e+001
  1.6182298e+001
  1.6322027e+001
  1.6490582e+001
  1.6335310e+001
  1.5930334e+001
  1.5763332e+001
  1.6074849e+001
  1.6489813e+001
  1.6516273e+001
  1.6238476e+001
  1.6128020e+001
  1.6263617e+001
  1.6254061e+001
  1.5966403e+001
  1.5824702e+001
  1.6156063e+001
  1.6603995e+001
  1.6614141e+001
  1.6287092e+001
  1.6173748e+001
  1.6335812e+001
  1.6293216e+001
  1.5929167e+001
  1.5753527e+001
  1.6052775e+001
  1.6382862e+001
  1.6308935e+001
  1.6140012e+001
  1.6341568e+001
  1.6646646e+001
  1.6505368e+001
  1.6092434e+001
  1.6016951e+001
  1.6243075e+001
  1.6192880e+001
  1.5839235e+001
  1.5778380e+001
  1.6134616e+001
  1.6310742e+001
  1.6075543e+001
  1.5987518e+001
  1.6336325e+001
  1.6571777e+001
  1.6327849e+001
  1.6122673e+001
  1.6379688e+001
  1.6614635e+001
  1.6356231e+001
  1.6057007e+001
  1.6238309e+001
  1.6486677e+001
  1.6233666e+001
  1.5855368e+001
  1.5988033e+001
  1.6334374e+001
  1.6225713e+001
  1.5886470e+001
  1.5981715e+001
  1.6255839e+001
  1.5882690e+001
  1.5070903e+001
  1.5049241e+001
  1.6226228e+001
  1.7446609e+001
  1.7523007e+001
