  1.6292327e+001
  1.6344582e+001
  1.5995508e+001
  1.5919943e+001
  1.6283194e+001
  1.6429735e+001
  1.6156922e+001
  1.6094690e+001
  1.6473139e+001
  1.6668949e+001
  1.6395975e+001
  1.6236138e+001
  1.6502756e+001
  1.6644115e+001
  1.6316782e+001
  1.6040018e+001
  1.6203743e+001
  1.6357468e+001
  1.6099845e+001
  1.5857686e+001
  1.6113867e+001
  1.6520361e+001
  1.6506162e+001
  1.6265547e+001
  1.6341231e+001
  1.6596344e+001
  1.6477144e+001
  1.6057703e+001
  1.5943666e+001
  1.6242801e+001
  1.6426630e+001
  1.6256915e+001
  1.6159380e+001
  1.6433955e+001
  1.6680199e+001
  1.6456122e+001
  1.6034334e+001
  1.5958277e+001
  1.6204100e+001
  1.6316857e+001
  1.6186052e+001
  1.6185140e+001
  1.6479560e+001
  1.6661690e+001
  1.6378927e+001
  1.5938754e+001
  1.5900109e+001
  1.6304931e+001
  1.6647206e+001
  1.6563110e+001
  1.6270565e+001
  1.6159916e+001
  1.6232654e+001
  1.6235397e+001
  1.6130508e+001
  1.6152306e+001
  1.6406094e+001
  1.6604070e+001
  1.6422261e+001
  1.6008039e+001
  1.5848950e+001
  1.6176368e+001
  1.6652623e+001
  1.6727100e+001
  1.6305944e+001
  1.5880647e+001
  1.5941770e+001
  1.6429715e+001
  1.6798646e+001
  1.6625439e+001
  1.6107223e+001
  1.5820712e+001
  1.6067348e+001
  1.6559002e+001
  1.6729691e+001
  1.6381875e+001
  1.5923803e+001
  1.5883589e+001
  1.6315630e+001
  1.6738716e+001
  1.6672577e+001
  1.6210300e+001
  1.5888774e+001
  1.6033356e+001
  1.6417419e+001
  1.6573591e+001
  1.6372055e+001
  1.6138535e+001
  1.6149890e+001
  1.6285441e+001
  1.6295251e+001
  1.6207192e+001
  1.6279789e+001
  1.6531376e+001
  1.6592206e+001
  1.6251950e+001
  1.5868204e+001
  1.5935047e+001
  1.6399033e+001
  1.6692363e+001
  1.6504039e+001
  1.6190937e+001
  1.6170691e+001
  1.6287935e+001
  1.6174748e+001
  1.5941072e+001
  1.6035998e+001
  1.6474509e+001
  1.6704032e+001
  1.6445192e+001
  1.6139320e+001
  1.6196820e+001
  1.6338532e+001
  1.6160782e+001
  1.5908903e+001
  1.6093270e+001
  1.6570437e+001
  1.6704764e+001
  1.6418986e+001
  1.6290740e+001
  1.6487517e+001
  1.6482582e+001
  1.6076889e+001
  1.5825249e+001
  1.6064126e+001
  1.6314632e+001
  1.6164841e+001
  1.6025181e+001
  1.6338046e+001
  1.6693778e+001
  1.6557881e+001
  1.6274038e+001
  1.6405319e+001
  1.6647393e+001
  1.6418500e+001
  1.6003149e+001
  1.6031356e+001
  1.6286425e+001
  1.6144612e+001
  1.5799804e+001
  1.5894419e+001
  1.6259105e+001
  1.6221385e+001
  1.5911303e+001
  1.6012521e+001
  1.6414050e+001
  1.6408177e+001
  1.6084316e+001
  1.6181099e+001
  1.6642351e+001
  1.6702417e+001
  1.6371543e+001
  1.6405837e+001
  1.6748227e+001
  1.6494093e+001
  1.5661135e+001
  1.5532613e+001
  1.6706878e+001
  1.8027517e+001
  1.8151773e+001
