  1.6808289e+001
  1.6741466e+001
  1.6423491e+001
  1.6547813e+001
  1.6868331e+001
  1.6698004e+001
  1.6281910e+001
  1.6296991e+001
  1.6518034e+001
  1.6303715e+001
  1.5887960e+001
  1.5927728e+001
  1.6247350e+001
  1.6232010e+001
  1.6047425e+001
  1.6292093e+001
  1.6773155e+001
  1.6805078e+001
  1.6476210e+001
  1.6442776e+001
  1.6665068e+001
  1.6524235e+001
  1.6048131e+001
  1.5895002e+001
  1.6180802e+001
  1.6339541e+001
  1.6199180e+001
  1.6264059e+001
  1.6700979e+001
  1.6918515e+001
  1.6563207e+001
  1.6133418e+001
  1.6121454e+001
  1.6267166e+001
  1.6165564e+001
  1.6036203e+001
  1.6311686e+001
  1.6783447e+001
  1.6823535e+001
  1.6378641e+001
  1.6050088e+001
  1.6156138e+001
  1.6358734e+001
  1.6326458e+001
  1.6260083e+001
  1.6470066e+001
  1.6738843e+001
  1.6600183e+001
  1.6123444e+001
  1.5888344e+001
  1.6190509e+001
  1.6644730e+001
  1.6701651e+001
  1.6367294e+001
  1.6116521e+001
  1.6201481e+001
  1.6412041e+001
  1.6467357e+001
  1.6385337e+001
  1.6374449e+001
  1.6451109e+001
  1.6427822e+001
  1.6271529e+001
  1.6194318e+001
  1.6363425e+001
  1.6627009e+001
  1.6645736e+001
  1.6355740e+001
  1.6089980e+001
  1.6164801e+001
  1.6497299e+001
  1.6680304e+001
  1.6474045e+001
  1.6124129e+001
  1.6042531e+001
  1.6312142e+001
  1.6610325e+001
  1.6596418e+001
  1.6331331e+001
  1.6156902e+001
  1.6228770e+001
  1.6381333e+001
  1.6401706e+001
  1.6321423e+001
  1.6328798e+001
  1.6412517e+001
  1.6370489e+001
  1.6187524e+001
  1.6141494e+001
  1.6432748e+001
  1.6793029e+001
  1.6733640e+001
  1.6248993e+001
  1.5903907e+001
  1.6102618e+001
  1.6561819e+001
  1.6704662e+001
  1.6456053e+001
  1.6270433e+001
  1.6353053e+001
  1.6386636e+001
  1.6171037e+001
  1.6043673e+001
  1.6351462e+001
  1.6785788e+001
  1.6752421e+001
  1.6305757e+001
  1.6067542e+001
  1.6232086e+001
  1.6345176e+001
  1.6168622e+001
  1.6111083e+001
  1.6466996e+001
  1.6789893e+001
  1.6604430e+001
  1.6245635e+001
  1.6259534e+001
  1.6439836e+001
  1.6271473e+001
  1.5943588e+001
  1.6049294e+001
  1.6491016e+001
  1.6611922e+001
  1.6373850e+001
  1.6388777e+001
  1.6705339e+001
  1.6686005e+001
  1.6250055e+001
  1.6067407e+001
  1.6301882e+001
  1.6333371e+001
  1.5995433e+001
  1.5919595e+001
  1.6300059e+001
  1.6487631e+001
  1.6246125e+001
  1.6214126e+001
  1.6619902e+001
  1.6791457e+001
  1.6482484e+001
  1.6372267e+001
  1.6700255e+001
  1.6771685e+001
  1.6357744e+001
  1.6176949e+001
  1.6465725e+001
  1.6509499e+001
  1.6093612e+001
  1.5958478e+001
  1.6324637e+001
  1.6442532e+001
  1.6089455e+001
  1.6006891e+001
  1.6339037e+001
  1.6187608e+001
  1.5369357e+001
  1.5121174e+001
  1.6202211e+001
  1.7539310e+001
  1.7708533e+001
