  1.6519725e+001
  1.6232310e+001
  1.6002884e+001
  1.6304147e+001
  1.6545301e+001
  1.6292127e+001
  1.6149361e+001
  1.6513926e+001
  1.6758803e+001
  1.6499590e+001
  1.6350117e+001
  1.6647035e+001
  1.6768771e+001
  1.6420251e+001
  1.6237382e+001
  1.6500043e+001
  1.6580654e+001
  1.6211324e+001
  1.6029124e+001
  1.6356919e+001
  1.6608825e+001
  1.6427848e+001
  1.6330735e+001
  1.6637275e+001
  1.6802074e+001
  1.6463959e+001
  1.6155244e+001
  1.6312018e+001
  1.6513087e+001
  1.6330110e+001
  1.6134654e+001
  1.6396100e+001
  1.6777519e+001
  1.6691181e+001
  1.6321280e+001
  1.6255575e+001
  1.6454767e+001
  1.6430103e+001
  1.6189837e+001
  1.6240689e+001
  1.6669821e+001
  1.6893627e+001
  1.6568823e+001
  1.6147450e+001
  1.6146874e+001
  1.6415092e+001
  1.6503152e+001
  1.6391470e+001
  1.6424841e+001
  1.6624255e+001
  1.6592628e+001
  1.6225572e+001
  1.5985498e+001
  1.6265786e+001
  1.6795235e+001
  1.6933965e+001
  1.6523449e+001
  1.6089910e+001
  1.6124792e+001
  1.6512668e+001
  1.6756795e+001
  1.6611325e+001
  1.6333234e+001
  1.6264659e+001
  1.6422571e+001
  1.6579439e+001
  1.6560719e+001
  1.6425605e+001
  1.6339893e+001
  1.6357965e+001
  1.6428188e+001
  1.6467973e+001
  1.6430658e+001
  1.6361257e+001
  1.6340393e+001
  1.6417575e+001
  1.6536534e+001
  1.6531810e+001
  1.6350208e+001
  1.6176461e+001
  1.6244130e+001
  1.6533754e+001
  1.6697290e+001
  1.6472571e+001
  1.6099883e+001
  1.6071913e+001
  1.6505980e+001
  1.6917682e+001
  1.6787711e+001
  1.6276979e+001
  1.6020818e+001
  1.6279641e+001
  1.6648872e+001
  1.6662815e+001
  1.6434636e+001
  1.6377401e+001
  1.6481940e+001
  1.6403167e+001
  1.6151011e+001
  1.6164294e+001
  1.6589550e+001
  1.6907998e+001
  1.6669430e+001
  1.6222919e+001
  1.6160627e+001
  1.6403604e+001
  1.6450915e+001
  1.6294749e+001
  1.6411731e+001
  1.6813175e+001
  1.6883315e+001
  1.6437589e+001
  1.6098131e+001
  1.6245338e+001
  1.6430801e+001
  1.6272374e+001
  1.6169831e+001
  1.6516807e+001
  1.6863106e+001
  1.6680246e+001
  1.6346783e+001
  1.6424961e+001
  1.6596802e+001
  1.6332094e+001
  1.5976287e+001
  1.6123911e+001
  1.6478673e+001
  1.6424286e+001
  1.6222172e+001
  1.6468669e+001
  1.6851356e+001
  1.6723558e+001
  1.6395232e+001
  1.6511547e+001
  1.6748176e+001
  1.6487971e+001
  1.6107473e+001
  1.6233399e+001
  1.6476874e+001
  1.6239299e+001
  1.5951147e+001
  1.6194608e+001
  1.6493614e+001
  1.6278430e+001
  1.6065191e+001
  1.6391754e+001
  1.6676508e+001
  1.6393731e+001
  1.6176786e+001
  1.6541179e+001
  1.6828005e+001
  1.6564201e+001
  1.6437191e+001
  1.6805108e+001
  1.6778922e+001
  1.5963031e+001
  1.5591059e+001
  1.6634926e+001
  1.8066065e+001
  1.8298004e+001
