  1.6520384e+001
  1.6157690e+001
  1.6319128e+001
  1.6667359e+001
  1.6491050e+001
  1.6231834e+001
  1.6522014e+001
  1.6833913e+001
  1.6631818e+001
  1.6514239e+001
  1.6886294e+001
  1.7040456e+001
  1.6636178e+001
  1.6411563e+001
  1.6636242e+001
  1.6610156e+001
  1.6199441e+001
  1.6136370e+001
  1.6514094e+001
  1.6621844e+001
  1.6411618e+001
  1.6558016e+001
  1.6997004e+001
  1.6970499e+001
  1.6521032e+001
  1.6394598e+001
  1.6592007e+001
  1.6490841e+001
  1.6174532e+001
  1.6293312e+001
  1.6777679e+001
  1.6909497e+001
  1.6623610e+001
  1.6543239e+001
  1.6727424e+001
  1.6618689e+001
  1.6223629e+001
  1.6195757e+001
  1.6678253e+001
  1.7002334e+001
  1.6784426e+001
  1.6494667e+001
  1.6531184e+001
  1.6585861e+001
  1.6378961e+001
  1.6262584e+001
  1.6606212e+001
  1.7037250e+001
  1.6916763e+001
  1.6370883e+001
  1.6125729e+001
  1.6443719e+001
  1.6836786e+001
  1.6830417e+001
  1.6586055e+001
  1.6498974e+001
  1.6555957e+001
  1.6517045e+001
  1.6404857e+001
  1.6461130e+001
  1.6689284e+001
  1.6741743e+001
  1.6464838e+001
  1.6207532e+001
  1.6354017e+001
  1.6771591e+001
  1.6915297e+001
  1.6559889e+001
  1.6152512e+001
  1.6223532e+001
  1.6702442e+001
  1.6984876e+001
  1.6703156e+001
  1.6229968e+001
  1.6171599e+001
  1.6591937e+001
  1.6946552e+001
  1.6781980e+001
  1.6339673e+001
  1.6193026e+001
  1.6484334e+001
  1.6806419e+001
  1.6778875e+001
  1.6545482e+001
  1.6464418e+001
  1.6544005e+001
  1.6547709e+001
  1.6455739e+001
  1.6513829e+001
  1.6746443e+001
  1.6766501e+001
  1.6402085e+001
  1.6101764e+001
  1.6339439e+001
  1.6867321e+001
  1.6985047e+001
  1.6573185e+001
  1.6253869e+001
  1.6382040e+001
  1.6586158e+001
  1.6521707e+001
  1.6474347e+001
  1.6755254e+001
  1.6969134e+001
  1.6645612e+001
  1.6162713e+001
  1.6184787e+001
  1.6572270e+001
  1.6678868e+001
  1.6498741e+001
  1.6584127e+001
  1.6874433e+001
  1.6749642e+001
  1.6275044e+001
  1.6165008e+001
  1.6486025e+001
  1.6584611e+001
  1.6373117e+001
  1.6476823e+001
  1.6911072e+001
  1.6948356e+001
  1.6546070e+001
  1.6438834e+001
  1.6664349e+001
  1.6543188e+001
  1.6142597e+001
  1.6195647e+001
  1.6612713e+001
  1.6645727e+001
  1.6412829e+001
  1.6615991e+001
  1.7002956e+001
  1.6850666e+001
  1.6497733e+001
  1.6634843e+001
  1.6839628e+001
  1.6508127e+001
  1.6184875e+001
  1.6415067e+001
  1.6581149e+001
  1.6242170e+001
  1.6097695e+001
  1.6476021e+001
  1.6605914e+001
  1.6281755e+001
  1.6317691e+001
  1.6760025e+001
  1.6745923e+001
  1.6377433e+001
  1.6537257e+001
  1.6986048e+001
  1.6868268e+001
  1.6563522e+001
  1.6823761e+001
  1.6983396e+001
  1.6249446e+001
  1.5661356e+001
  1.6552577e+001
  1.8109286e+001
  1.8508405e+001
