  1.6771811e+001
  1.6948740e+001
  1.7307907e+001
  1.7017622e+001
  1.6660432e+001
  1.6867540e+001
  1.6907793e+001
  1.6460473e+001
  1.6380951e+001
  1.6727819e+001
  1.6647406e+001
  1.6345420e+001
  1.6621036e+001
  1.7041161e+001
  1.6890014e+001
  1.6731296e+001
  1.7066133e+001
  1.7163574e+001
  1.6712256e+001
  1.6530963e+001
  1.6775534e+001
  1.6686873e+001
  1.6350277e+001
  1.6543439e+001
  1.7037601e+001
  1.7028101e+001
  1.6769497e+001
  1.6922073e+001
  1.7076561e+001
  1.6676846e+001
  1.6293188e+001
  1.6523215e+001
  1.6863299e+001
  1.6784872e+001
  1.6735973e+001
  1.7061371e+001
  1.7145873e+001
  1.6647843e+001
  1.6279504e+001
  1.6539316e+001
  1.6894704e+001
  1.6838863e+001
  1.6733567e+001
  1.6909112e+001
  1.6923006e+001
  1.6516606e+001
  1.6284485e+001
  1.6693220e+001
  1.7213444e+001
  1.7110302e+001
  1.6612946e+001
  1.6454684e+001
  1.6708874e+001
  1.6883648e+001
  1.6807940e+001
  1.6785468e+001
  1.6886504e+001
  1.6797319e+001
  1.6518904e+001
  1.6490241e+001
  1.6878838e+001
  1.7182473e+001
  1.6913613e+001
  1.6406940e+001
  1.6366718e+001
  1.6860187e+001
  1.7196815e+001
  1.6889533e+001
  1.6375960e+001
  1.6378849e+001
  1.6903267e+001
  1.7223604e+001
  1.6878140e+001
  1.6345076e+001
  1.6360345e+001
  1.6909492e+001
  1.7242435e+001
  1.6900912e+001
  1.6373872e+001
  1.6368283e+001
  1.6838003e+001
  1.7098700e+001
  1.6819824e+001
  1.6469147e+001
  1.6523334e+001
  1.6805610e+001
  1.6884064e+001
  1.6769987e+001
  1.6788476e+001
  1.6873917e+001
  1.6712786e+001
  1.6456543e+001
  1.6589398e+001
  1.7057237e+001
  1.7156326e+001
  1.6663884e+001
  1.6289815e+001
  1.6536295e+001
  1.6936173e+001
  1.6914592e+001
  1.6741867e+001
  1.6852808e+001
  1.6905623e+001
  1.6538704e+001
  1.6266522e+001
  1.6625910e+001
  1.7119415e+001
  1.7036919e+001
  1.6720934e+001
  1.6783612e+001
  1.6874748e+001
  1.6540030e+001
  1.6303517e+001
  1.6671448e+001
  1.7056038e+001
  1.6893650e+001
  1.6736409e+001
  1.6988386e+001
  1.6993960e+001
  1.6506006e+001
  1.6326146e+001
  1.6672838e+001
  1.6765007e+001
  1.6523119e+001
  1.6709930e+001
  1.7165490e+001
  1.7066156e+001
  1.6725251e+001
  1.6879639e+001
  1.7029334e+001
  1.6604837e+001
  1.6317999e+001
  1.6608952e+001
  1.6692001e+001
  1.6366506e+001
  1.6474314e+001
  1.6934499e+001
  1.6875607e+001
  1.6624498e+001
  1.6940291e+001
  1.7219027e+001
  1.6879920e+001
  1.6733455e+001
  1.7095899e+001
  1.7045275e+001
  1.6592226e+001
  1.6679109e+001
  1.6976250e+001
  1.6644631e+001
  1.6319772e+001
  1.6666652e+001
  1.6835283e+001
  1.6427653e+001
  1.6402553e+001
  1.6723670e+001
  1.6227110e+001
  1.5405319e+001
  1.5975473e+001
  1.7600125e+001
  1.8211262e+001
