  1.6309086e+001
  1.6587386e+001
  1.6794107e+001
  1.6468554e+001
  1.6479433e+001
  1.6932942e+001
  1.6917196e+001
  1.6668973e+001
  1.6995205e+001
  1.7314918e+001
  1.6972934e+001
  1.6741073e+001
  1.7003913e+001
  1.6923141e+001
  1.6465420e+001
  1.6502504e+001
  1.6822306e+001
  1.6663140e+001
  1.6478484e+001
  1.6890976e+001
  1.7226739e+001
  1.6965925e+001
  1.6837252e+001
  1.7105406e+001
  1.6982313e+001
  1.6460467e+001
  1.6416854e+001
  1.6803911e+001
  1.6842800e+001
  1.6686220e+001
  1.6962932e+001
  1.7258268e+001
  1.6919495e+001
  1.6474552e+001
  1.6605544e+001
  1.6885053e+001
  1.6779977e+001
  1.6714501e+001
  1.7057258e+001
  1.7195729e+001
  1.6728786e+001
  1.6347402e+001
  1.6597968e+001
  1.6978829e+001
  1.6943577e+001
  1.6815933e+001
  1.6961253e+001
  1.6988748e+001
  1.6627475e+001
  1.6409788e+001
  1.6777674e+001
  1.7227746e+001
  1.7062410e+001
  1.6551447e+001
  1.6455294e+001
  1.6831487e+001
  1.7077106e+001
  1.6908283e+001
  1.6697191e+001
  1.6729342e+001
  1.6819225e+001
  1.6786269e+001
  1.6756363e+001
  1.6861768e+001
  1.6906894e+001
  1.6724771e+001
  1.6562566e+001
  1.6718975e+001
  1.7045029e+001
  1.7076706e+001
  1.6747525e+001
  1.6524224e+001
  1.6706790e+001
  1.7015117e+001
  1.6996440e+001
  1.6710745e+001
  1.6596964e+001
  1.6781512e+001
  1.6956483e+001
  1.6877920e+001
  1.6731400e+001
  1.6740025e+001
  1.6783359e+001
  1.6719366e+001
  1.6703326e+001
  1.6908533e+001
  1.7053221e+001
  1.6781396e+001
  1.6399757e+001
  1.6520825e+001
  1.7067626e+001
  1.7248445e+001
  1.6783200e+001
  1.6387789e+001
  1.6589666e+001
  1.6953259e+001
  1.6935038e+001
  1.6795104e+001
  1.6925911e+001
  1.6968823e+001
  1.6597148e+001
  1.6346028e+001
  1.6714295e+001
  1.7167054e+001
  1.7024258e+001
  1.6684911e+001
  1.6754552e+001
  1.6864729e+001
  1.6595571e+001
  1.6479825e+001
  1.6937722e+001
  1.7278168e+001
  1.6972388e+001
  1.6685211e+001
  1.6843732e+001
  1.6812745e+001
  1.6417496e+001
  1.6428142e+001
  1.6912916e+001
  1.7022238e+001
  1.6766647e+001
  1.6915413e+001
  1.7190021e+001
  1.6861499e+001
  1.6450034e+001
  1.6627912e+001
  1.6780392e+001
  1.6469244e+001
  1.6459047e+001
  1.6944063e+001
  1.7030301e+001
  1.6746412e+001
  1.6948786e+001
  1.7277366e+001
  1.6968800e+001
  1.6663662e+001
  1.6921618e+001
  1.6931484e+001
  1.6473354e+001
  1.6475132e+001
  1.6823658e+001
  1.6626488e+001
  1.6332415e+001
  1.6666021e+001
  1.6886665e+001
  1.6549450e+001
  1.6582183e+001
  1.7049745e+001
  1.6950179e+001
  1.6610468e+001
  1.6947428e+001
  1.7280343e+001
  1.6929946e+001
  1.6827564e+001
  1.7201781e+001
  1.6809083e+001
  1.5923798e+001
  1.6408966e+001
  1.8109437e+001
  1.8817191e+001
