  1.6529715e+001
  1.6882255e+001
  1.6671580e+001
  1.6481276e+001
  1.6951129e+001
  1.7158764e+001
  1.6852079e+001
  1.7018017e+001
  1.7406581e+001
  1.7132816e+001
  1.6840081e+001
  1.7100247e+001
  1.7052536e+001
  1.6589125e+001
  1.6658822e+001
  1.6989409e+001
  1.6769709e+001
  1.6598292e+001
  1.7043909e+001
  1.7263593e+001
  1.6943575e+001
  1.6959241e+001
  1.7236593e+001
  1.6944796e+001
  1.6511903e+001
  1.6691425e+001
  1.6927969e+001
  1.6725420e+001
  1.6776152e+001
  1.7283994e+001
  1.7329283e+001
  1.6819440e+001
  1.6670390e+001
  1.6879879e+001
  1.6765454e+001
  1.6593555e+001
  1.6968566e+001
  1.7366616e+001
  1.7074452e+001
  1.6630277e+001
  1.6709518e+001
  1.6903886e+001
  1.6788145e+001
  1.6815678e+001
  1.7224786e+001
  1.7310550e+001
  1.6773978e+001
  1.6426707e+001
  1.6775362e+001
  1.7196497e+001
  1.7080511e+001
  1.6804556e+001
  1.6845746e+001
  1.6948891e+001
  1.6839183e+001
  1.6802650e+001
  1.7056112e+001
  1.7158719e+001
  1.6784024e+001
  1.6453883e+001
  1.6738008e+001
  1.7273486e+001
  1.7231422e+001
  1.6648411e+001
  1.6410627e+001
  1.6892537e+001
  1.7404864e+001
  1.7206603e+001
  1.6625993e+001
  1.6524244e+001
  1.7022864e+001
  1.7360453e+001
  1.7016159e+001
  1.6509981e+001
  1.6604163e+001
  1.7181703e+001
  1.7387728e+001
  1.6895824e+001
  1.6441628e+001
  1.6705073e+001
  1.7300742e+001
  1.7336194e+001
  1.6784974e+001
  1.6496186e+001
  1.6835182e+001
  1.7207253e+001
  1.7069642e+001
  1.6768499e+001
  1.6790462e+001
  1.6933360e+001
  1.6874895e+001
  1.6851591e+001
  1.7119714e+001
  1.7222903e+001
  1.6791709e+001
  1.6430728e+001
  1.6762707e+001
  1.7290202e+001
  1.7209490e+001
  1.6813017e+001
  1.6789352e+001
  1.6895826e+001
  1.6696629e+001
  1.6634634e+001
  1.7108872e+001
  1.7416479e+001
  1.7008365e+001
  1.6614565e+001
  1.6777196e+001
  1.6888840e+001
  1.6667430e+001
  1.6791370e+001
  1.7281691e+001
  1.7246340e+001
  1.6774852e+001
  1.6752815e+001
  1.6949909e+001
  1.6688536e+001
  1.6499989e+001
  1.6949000e+001
  1.7258326e+001
  1.6976557e+001
  1.6936460e+001
  1.7229059e+001
  1.6988061e+001
  1.6526071e+001
  1.6690777e+001
  1.6926973e+001
  1.6639727e+001
  1.6622113e+001
  1.7117943e+001
  1.7161986e+001
  1.6871008e+001
  1.7128116e+001
  1.7371907e+001
  1.6953919e+001
  1.6761092e+001
  1.7065153e+001
  1.6894995e+001
  1.6481330e+001
  1.6704475e+001
  1.6908622e+001
  1.6532027e+001
  1.6522908e+001
  1.6977940e+001
  1.6869059e+001
  1.6597783e+001
  1.6993229e+001
  1.7201376e+001
  1.6793422e+001
  1.6879895e+001
  1.7374108e+001
  1.7192968e+001
  1.6942809e+001
  1.7329895e+001
  1.7138351e+001
  1.6145899e+001
  1.6356243e+001
  1.8066651e+001
  1.8939496e+001
