  1.7244778e+001
  1.7521658e+001
  1.7096960e+001
  1.6963180e+001
  1.7282190e+001
  1.7031920e+001
  1.6632483e+001
  1.6876314e+001
  1.6955026e+001
  1.6537669e+001
  1.6615170e+001
  1.7038395e+001
  1.6915199e+001
  1.6829412e+001
  1.7333694e+001
  1.7469033e+001
  1.7032379e+001
  1.7016334e+001
  1.7188798e+001
  1.6771173e+001
  1.6438215e+001
  1.6775344e+001
  1.6971571e+001
  1.6789963e+001
  1.7049708e+001
  1.7499893e+001
  1.7239304e+001
  1.6777100e+001
  1.6878633e+001
  1.6957679e+001
  1.6632890e+001
  1.6675174e+001
  1.7210624e+001
  1.7301438e+001
  1.6914957e+001
  1.6879163e+001
  1.7033650e+001
  1.6781319e+001
  1.6588574e+001
  1.7028712e+001
  1.7433222e+001
  1.7117337e+001
  1.6707416e+001
  1.6820603e+001
  1.6994580e+001
  1.6867460e+001
  1.6906128e+001
  1.7248415e+001
  1.7201384e+001
  1.6656864e+001
  1.6479531e+001
  1.6990775e+001
  1.7389360e+001
  1.7113621e+001
  1.6716582e+001
  1.6757674e+001
  1.6971588e+001
  1.6975191e+001
  1.6924773e+001
  1.7030631e+001
  1.7036079e+001
  1.6808565e+001
  1.6715280e+001
  1.6995824e+001
  1.7239974e+001
  1.7004964e+001
  1.6642267e+001
  1.6758938e+001
  1.7227933e+001
  1.7314157e+001
  1.6843784e+001
  1.6533663e+001
  1.6861469e+001
  1.7336274e+001
  1.7234228e+001
  1.6739797e+001
  1.6609890e+001
  1.6981664e+001
  1.7240675e+001
  1.7021074e+001
  1.6748457e+001
  1.6822685e+001
  1.7020381e+001
  1.7007973e+001
  1.6926341e+001
  1.7001695e+001
  1.6996545e+001
  1.6768653e+001
  1.6734818e+001
  1.7162487e+001
  1.7457430e+001
  1.7045592e+001
  1.6509956e+001
  1.6679516e+001
  1.7229837e+001
  1.7276070e+001
  1.6920212e+001
  1.6867294e+001
  1.6989594e+001
  1.6813489e+001
  1.6688021e+001
  1.7079730e+001
  1.7393212e+001
  1.7011462e+001
  1.6598264e+001
  1.6796187e+001
  1.7034598e+001
  1.6872212e+001
  1.6919749e+001
  1.7325010e+001
  1.7237704e+001
  1.6681664e+001
  1.6608261e+001
  1.6912917e+001
  1.6828225e+001
  1.6718522e+001
  1.7163326e+001
  1.7419701e+001
  1.7001047e+001
  1.6796368e+001
  1.7020441e+001
  1.6829782e+001
  1.6466487e+001
  1.6765277e+001
  1.7159544e+001
  1.6977174e+001
  1.6992507e+001
  1.7438609e+001
  1.7325352e+001
  1.6847677e+001
  1.6947338e+001
  1.7062835e+001
  1.6620470e+001
  1.6527992e+001
  1.6938540e+001
  1.6857141e+001
  1.6613746e+001
  1.7016556e+001
  1.7262588e+001
  1.6915318e+001
  1.7001375e+001
  1.7394714e+001
  1.7132912e+001
  1.6894530e+001
  1.7276117e+001
  1.7244167e+001
  1.6770261e+001
  1.6929807e+001
  1.7165056e+001
  1.6706719e+001
  1.6572993e+001
  1.7023343e+001
  1.6900720e+001
  1.6555920e+001
  1.6881102e+001
  1.6786434e+001
  1.5802908e+001
  1.5883471e+001
  1.7542497e+001
  1.8465984e+001
