  1.6958735e+001
  1.7025329e+001
  1.6608880e+001
  1.6789808e+001
  1.7138727e+001
  1.6879193e+001
  1.6900830e+001
  1.7412302e+001
  1.7336192e+001
  1.7029834e+001
  1.7318759e+001
  1.7359290e+001
  1.6821287e+001
  1.6770308e+001
  1.7046376e+001
  1.6776883e+001
  1.6614738e+001
  1.7092459e+001
  1.7254203e+001
  1.6957476e+001
  1.7127409e+001
  1.7380276e+001
  1.6972062e+001
  1.6684159e+001
  1.6983107e+001
  1.7004552e+001
  1.6718418e+001
  1.6998520e+001
  1.7461695e+001
  1.7233321e+001
  1.6883532e+001
  1.7013042e+001
  1.6958440e+001
  1.6579963e+001
  1.6745198e+001
  1.7359600e+001
  1.7411608e+001
  1.7017844e+001
  1.6991528e+001
  1.7062368e+001
  1.6756116e+001
  1.6665261e+001
  1.7195505e+001
  1.7513270e+001
  1.7081724e+001
  1.6684030e+001
  1.6843716e+001
  1.7026229e+001
  1.6934054e+001
  1.7016898e+001
  1.7280855e+001
  1.7106895e+001
  1.6633596e+001
  1.6693142e+001
  1.7294466e+001
  1.7478824e+001
  1.6952006e+001
  1.6587136e+001
  1.6909406e+001
  1.7341987e+001
  1.7239822e+001
  1.6874565e+001
  1.6803867e+001
  1.6992176e+001
  1.7091755e+001
  1.7037769e+001
  1.7022780e+001
  1.7050089e+001
  1.7021571e+001
  1.6967201e+001
  1.6965188e+001
  1.6993975e+001
  1.6982054e+001
  1.6977346e+001
  1.6990934e+001
  1.6968895e+001
  1.6924817e+001
  1.6969830e+001
  1.7074440e+001
  1.7014943e+001
  1.6835233e+001
  1.6876632e+001
  1.7196775e+001
  1.7275001e+001
  1.6851344e+001
  1.6549246e+001
  1.6924503e+001
  1.7456059e+001
  1.7284921e+001
  1.6699665e+001
  1.6636793e+001
  1.7085502e+001
  1.7243758e+001
  1.6995695e+001
  1.6946477e+001
  1.7062666e+001
  1.6884530e+001
  1.6717037e+001
  1.7103403e+001
  1.7520043e+001
  1.7183191e+001
  1.6641999e+001
  1.6744450e+001
  1.7075201e+001
  1.7011839e+001
  1.7015316e+001
  1.7376943e+001
  1.7315107e+001
  1.6726284e+001
  1.6609546e+001
  1.7029339e+001
  1.7088844e+001
  1.6925259e+001
  1.7228716e+001
  1.7422383e+001
  1.6935283e+001
  1.6634383e+001
  1.6912895e+001
  1.6915600e+001
  1.6670886e+001
  1.7014011e+001
  1.7445224e+001
  1.7175332e+001
  1.6970942e+001
  1.7242835e+001
  1.7074547e+001
  1.6602785e+001
  1.6775651e+001
  1.7052108e+001
  1.6768389e+001
  1.6794392e+001
  1.7306005e+001
  1.7259376e+001
  1.6986837e+001
  1.7315825e+001
  1.7410885e+001
  1.6917330e+001
  1.6910307e+001
  1.7164075e+001
  1.6773855e+001
  1.6530323e+001
  1.6905231e+001
  1.6847661e+001
  1.6519338e+001
  1.6870472e+001
  1.7125200e+001
  1.6761253e+001
  1.6880279e+001
  1.7326783e+001
  1.7048429e+001
  1.6855524e+001
  1.7369479e+001
  1.7407200e+001
  1.7034726e+001
  1.7343038e+001
  1.7367894e+001
  1.6371982e+001
  1.6335746e+001
  1.8035001e+001
  1.9065295e+001
