  1.7082302e+001
  1.6778926e+001
  1.6698008e+001
  1.7180183e+001
  1.7097070e+001
  1.6884291e+001
  1.7358110e+001
  1.7493965e+001
  1.7136399e+001
  1.7367481e+001
  1.7566609e+001
  1.7045172e+001
  1.6877194e+001
  1.7122239e+001
  1.6819938e+001
  1.6621302e+001
  1.7113080e+001
  1.7267039e+001
  1.7039759e+001
  1.7373529e+001
  1.7620219e+001
  1.7124697e+001
  1.6905556e+001
  1.7144400e+001
  1.6922878e+001
  1.6688145e+001
  1.7160497e+001
  1.7462035e+001
  1.7132177e+001
  1.7091524e+001
  1.7271914e+001
  1.6899036e+001
  1.6600111e+001
  1.7047358e+001
  1.7404168e+001
  1.7195953e+001
  1.7205176e+001
  1.7405549e+001
  1.7033024e+001
  1.6596916e+001
  1.6942582e+001
  1.7445460e+001
  1.7288108e+001
  1.7018279e+001
  1.7107662e+001
  1.7020172e+001
  1.6737711e+001
  1.6971758e+001
  1.7521201e+001
  1.7403252e+001
  1.6793291e+001
  1.6733082e+001
  1.7221991e+001
  1.7393664e+001
  1.7134913e+001
  1.7044999e+001
  1.7132831e+001
  1.7056077e+001
  1.6990310e+001
  1.7219867e+001
  1.7355624e+001
  1.7009003e+001
  1.6703403e+001
  1.7021915e+001
  1.7512126e+001
  1.7340684e+001
  1.6770506e+001
  1.6744009e+001
  1.7298530e+001
  1.7483579e+001
  1.6952375e+001
  1.6589986e+001
  1.7022688e+001
  1.7581961e+001
  1.7361724e+001
  1.6744558e+001
  1.6743908e+001
  1.7337623e+001
  1.7546597e+001
  1.7076200e+001
  1.6754935e+001
  1.7041314e+001
  1.7361941e+001
  1.7203586e+001
  1.6959636e+001
  1.7020117e+001
  1.7099665e+001
  1.7019310e+001
  1.7117915e+001
  1.7383911e+001
  1.7215396e+001
  1.6726371e+001
  1.6790062e+001
  1.7412163e+001
  1.7546421e+001
  1.7009093e+001
  1.6777413e+001
  1.7049228e+001
  1.7112121e+001
  1.6990190e+001
  1.7239422e+001
  1.7410225e+001
  1.6944713e+001
  1.6618942e+001
  1.7036914e+001
  1.7374123e+001
  1.7144610e+001
  1.7115474e+001
  1.7319298e+001
  1.6990958e+001
  1.6603610e+001
  1.6960527e+001
  1.7353248e+001
  1.7150602e+001
  1.7153907e+001
  1.7455970e+001
  1.7139719e+001
  1.6661690e+001
  1.6900637e+001
  1.7132050e+001
  1.6892953e+001
  1.7093988e+001
  1.7570156e+001
  1.7323939e+001
  1.7008606e+001
  1.7255467e+001
  1.7113267e+001
  1.6624880e+001
  1.6817411e+001
  1.7104433e+001
  1.6840742e+001
  1.6995225e+001
  1.7515788e+001
  1.7328902e+001
  1.7114170e+001
  1.7484547e+001
  1.7357318e+001
  1.6885057e+001
  1.7087706e+001
  1.7158509e+001
  1.6683247e+001
  1.6794253e+001
  1.7125776e+001
  1.6778961e+001
  1.6743259e+001
  1.7217377e+001
  1.7042449e+001
  1.6837757e+001
  1.7326249e+001
  1.7323110e+001
  1.6925920e+001
  1.7315576e+001
  1.7594863e+001
  1.7192874e+001
  1.7363795e+001
  1.7564281e+001
  1.6589845e+001
  1.6268282e+001
  1.7907774e+001
  1.9121195e+001
