  1.6853873e+001
  1.7198824e+001
  1.7305214e+001
  1.6997978e+001
  1.7475613e+001
  1.7651956e+001
  1.7318827e+001
  1.7710114e+001
  1.7774081e+001
  1.7252793e+001
  1.7418230e+001
  1.7370043e+001
  1.6833508e+001
  1.7082604e+001
  1.7305620e+001
  1.7002694e+001
  1.7368944e+001
  1.7707251e+001
  1.7325077e+001
  1.7432109e+001
  1.7585057e+001
  1.7025268e+001
  1.6994007e+001
  1.7381453e+001
  1.7167886e+001
  1.7256886e+001
  1.7771644e+001
  1.7484908e+001
  1.7106226e+001
  1.7330545e+001
  1.7165521e+001
  1.6935968e+001
  1.7495999e+001
  1.7772126e+001
  1.7346329e+001
  1.7332479e+001
  1.7405181e+001
  1.6997346e+001
  1.7100108e+001
  1.7720536e+001
  1.7579084e+001
  1.7072136e+001
  1.7167630e+001
  1.7263689e+001
  1.7115681e+001
  1.7455164e+001
  1.7797809e+001
  1.7281263e+001
  1.6839695e+001
  1.7272381e+001
  1.7631476e+001
  1.7343968e+001
  1.7193205e+001
  1.7317527e+001
  1.7224752e+001
  1.7221278e+001
  1.7594456e+001
  1.7587451e+001
  1.7025533e+001
  1.6963838e+001
  1.7585184e+001
  1.7690073e+001
  1.7038823e+001
  1.6871830e+001
  1.7501201e+001
  1.7742283e+001
  1.7161682e+001
  1.6871924e+001
  1.7392907e+001
  1.7754614e+001
  1.7298939e+001
  1.6886496e+001
  1.7248748e+001
  1.7688764e+001
  1.7357935e+001
  1.6876808e+001
  1.7173073e+001
  1.7737449e+001
  1.7490565e+001
  1.6871062e+001
  1.7050044e+001
  1.7709722e+001
  1.7610571e+001
  1.6986550e+001
  1.7028138e+001
  1.7561188e+001
  1.7554157e+001
  1.7188445e+001
  1.7209350e+001
  1.7322698e+001
  1.7219471e+001
  1.7382736e+001
  1.7661380e+001
  1.7275291e+001
  1.6823173e+001
  1.7265312e+001
  1.7780593e+001
  1.7419718e+001
  1.7075295e+001
  1.7266048e+001
  1.7231386e+001
  1.7159534e+001
  1.7645874e+001
  1.7745352e+001
  1.7077020e+001
  1.6937032e+001
  1.7331218e+001
  1.7264085e+001
  1.7285773e+001
  1.7713629e+001
  1.7441849e+001
  1.6892974e+001
  1.7136720e+001
  1.7316940e+001
  1.7107326e+001
  1.7495952e+001
  1.7780944e+001
  1.7248217e+001
  1.7134189e+001
  1.7336072e+001
  1.6958206e+001
  1.7006771e+001
  1.7579730e+001
  1.7440948e+001
  1.7353115e+001
  1.7743807e+001
  1.7387429e+001
  1.6990526e+001
  1.7279877e+001
  1.7070215e+001
  1.6844871e+001
  1.7389326e+001
  1.7409325e+001
  1.7184781e+001
  1.7658583e+001
  1.7598393e+001
  1.7244152e+001
  1.7605049e+001
  1.7441976e+001
  1.6976179e+001
  1.7289620e+001
  1.7172453e+001
  1.6801063e+001
  1.7230926e+001
  1.7205301e+001
  1.6891473e+001
  1.7377467e+001
  1.7373125e+001
  1.7066379e+001
  1.7570991e+001
  1.7529194e+001
  1.7168349e+001
  1.7695345e+001
  1.7689063e+001
  1.7310163e+001
  1.7723628e+001
  1.7246465e+001
  1.6357325e+001
  1.7687024e+001
  1.9359110e+001
