  1.7364355e+001
  1.7743378e+001
  1.7482832e+001
  1.7170056e+001
  1.7543923e+001
  1.7226560e+001
  1.6901076e+001
  1.7303682e+001
  1.7128673e+001
  1.7018510e+001
  1.7581373e+001
  1.7458461e+001
  1.7288725e+001
  1.7735555e+001
  1.7487994e+001
  1.7166760e+001
  1.7468591e+001
  1.7170823e+001
  1.6869084e+001
  1.7373365e+001
  1.7426822e+001
  1.7289760e+001
  1.7789594e+001
  1.7684908e+001
  1.7118451e+001
  1.7258303e+001
  1.7231403e+001
  1.6918814e+001
  1.7395670e+001
  1.7776788e+001
  1.7400193e+001
  1.7412139e+001
  1.7503647e+001
  1.7008005e+001
  1.7063077e+001
  1.7698442e+001
  1.7618202e+001
  1.7320295e+001
  1.7467919e+001
  1.7220536e+001
  1.6868576e+001
  1.7344655e+001
  1.7743914e+001
  1.7323204e+001
  1.7134981e+001
  1.7376135e+001
  1.7288342e+001
  1.7277143e+001
  1.7691771e+001
  1.7549770e+001
  1.6902582e+001
  1.7035257e+001
  1.7704343e+001
  1.7619204e+001
  1.7100361e+001
  1.7151829e+001
  1.7442956e+001
  1.7404018e+001
  1.7363397e+001
  1.7426857e+001
  1.7223478e+001
  1.7084749e+001
  1.7441116e+001
  1.7669765e+001
  1.7223175e+001
  1.6933842e+001
  1.7421882e+001
  1.7786763e+001
  1.7294723e+001
  1.6900421e+001
  1.7387644e+001
  1.7839168e+001
  1.7369152e+001
  1.6887786e+001
  1.7317110e+001
  1.7837832e+001
  1.7461416e+001
  1.6942149e+001
  1.7217948e+001
  1.7670283e+001
  1.7450733e+001
  1.7103804e+001
  1.7253738e+001
  1.7458140e+001
  1.7372711e+001
  1.7383292e+001
  1.7412903e+001
  1.7134543e+001
  1.7098475e+001
  1.7629162e+001
  1.7726299e+001
  1.7059988e+001
  1.6905240e+001
  1.7517802e+001
  1.7648608e+001
  1.7247439e+001
  1.7258575e+001
  1.7330851e+001
  1.7111821e+001
  1.7378268e+001
  1.7865013e+001
  1.7456583e+001
  1.6919909e+001
  1.7210599e+001
  1.7417164e+001
  1.7252611e+001
  1.7552450e+001
  1.7646296e+001
  1.7023337e+001
  1.6967082e+001
  1.7457251e+001
  1.7372340e+001
  1.7377081e+001
  1.7769267e+001
  1.7400361e+001
  1.6936126e+001
  1.7258131e+001
  1.7278513e+001
  1.7113641e+001
  1.7656387e+001
  1.7758273e+001
  1.7272506e+001
  1.7426027e+001
  1.7384747e+001
  1.6882782e+001
  1.7171540e+001
  1.7451047e+001
  1.7146459e+001
  1.7485420e+001
  1.7755306e+001
  1.7316967e+001
  1.7473756e+001
  1.7568553e+001
  1.6982947e+001
  1.7096593e+001
  1.7289894e+001
  1.6881147e+001
  1.7172008e+001
  1.7470574e+001
  1.7115387e+001
  1.7455187e+001
  1.7720386e+001
  1.7321765e+001
  1.7641807e+001
  1.7785752e+001
  1.7279851e+001
  1.7546731e+001
  1.7594455e+001
  1.7073611e+001
  1.7380388e+001
  1.7388342e+001
  1.6873165e+001
  1.7264019e+001
  1.7335116e+001
  1.6900770e+001
  1.7276537e+001
  1.6893437e+001
  1.5925118e+001
  1.7111370e+001
  1.8799732e+001
