 -2.4004361e+000
 -3.9611753e+000
 -5.3817923e+000
 -6.6450520e+000
 -7.7355738e+000
 -8.6399952e+000
 -9.3471266e+000
 -9.8480971e+000
 -1.0136489e+001
 -1.0208457e+001
 -1.0062831e+001
 -9.7011889e+000
 -9.1279046e+000
 -8.3501572e+000
 -7.3778980e+000
 -6.2237714e+000
 -4.9029845e+000
 -3.4331240e+000
 -1.8339192e+000
 -1.2695256e-001
  1.6646777e+000
  3.5167398e+000
  5.4042853e+000
  7.3020937e+000
  9.1851337e+000
  1.1029029e+001
  1.2810517e+001
  1.4507888e+001
  1.6101398e+001
  1.7573629e+001
  1.8909809e+001
  2.0098062e+001
  2.1129596e+001
  2.1998819e+001
  2.2703376e+001
  2.3244114e+001
  2.3624974e+001
  2.3852810e+001
  2.3937148e+001
  2.3889883e+001
  2.3724930e+001
  2.3457837e+001
  2.3105366e+001
  2.2685059e+001
  2.2214797e+001
  2.1712362e+001
  2.1195020e+001
  2.0679120e+001
  2.0179736e+001
  1.9710348e+001
  1.9282572e+001
  1.8905950e+001
  1.8587790e+001
  1.8333081e+001
  1.8144455e+001
  1.8022224e+001
  1.7964469e+001
  1.7967191e+001
  1.8024501e+001
  1.8128868e+001
  1.8271396e+001
  1.8442131e+001
  1.8630387e+001
  1.8825081e+001
  1.9015077e+001
  1.9189509e+001
  1.9338099e+001
  1.9451441e+001
  1.9521260e+001
  1.9540629e+001
  1.9504142e+001
  1.9408049e+001
  1.9250328e+001
  1.9030722e+001
  1.8750725e+001
  1.8413512e+001
  1.8023842e+001
  1.7587911e+001
  1.7113175e+001
  1.6608148e+001
  1.6082176e+001
  1.5545196e+001
  1.5007486e+001
  1.4479417e+001
  1.3971200e+001
  1.3492655e+001
  1.3052976e+001
  1.2660538e+001
  1.2322709e+001
  1.2045693e+001
  1.1834412e+001
  1.1692409e+001
  1.1621787e+001
  1.1623191e+001
  1.1695810e+001
  1.1837432e+001
  1.2044515e+001
  1.2312303e+001
  1.2634966e+001
  1.3005763e+001
  1.3417231e+001
  1.3861389e+001
  1.4329953e+001
  1.4814553e+001
  1.5306953e+001
  1.5799261e+001
  1.6284117e+001
  1.6754872e+001
  1.7205728e+001
  1.7631851e+001
  1.8029446e+001
  1.8395792e+001
  1.8729234e+001
  1.9029136e+001
  1.9295792e+001
  1.9530307e+001
  1.9734433e+001
  1.9910395e+001
  2.0060688e+001
  2.0187865e+001
  2.0294332e+001
  2.0382141e+001
  2.0452806e+001
  2.0507146e+001
  2.0545152e+001
  2.0565904e+001
  2.0567529e+001
  2.0547200e+001
  2.0501193e+001
  2.0424983e+001
  2.0313389e+001
  2.0160759e+001
  1.9961179e+001
  1.9708722e+001
  1.9397697e+001
  1.9022917e+001
  1.8579953e+001
  1.8065378e+001
  1.7476990e+001
  1.6813997e+001
  1.6077169e+001
  1.5268939e+001
  1.4393461e+001
  1.3456616e+001
  1.2465958e+001
  1.1430630e+001
  1.0361209e+001
  9.2695321e+000
  8.1684733e+000
  7.0716952e+000
  5.9933806e+000
  4.9479486e+000
  3.9497659e+000
  3.0128574e+000
  2.1506270e+000
  1.3755909e+000
  6.9913182e-001
  1.3127654e-001
 -3.1949726e-001
 -6.4642344e-001
