  1.6993338e+001
  1.7411100e+001
  1.7093468e+001
  1.7198820e+001
  1.7709079e+001
  1.7385544e+001
  1.7469959e+001
  1.7812236e+001
  1.7361027e+001
  1.7414452e+001
  1.7614756e+001
  1.7019366e+001
  1.7009900e+001
  1.7280177e+001
  1.6987439e+001
  1.7350091e+001
  1.7831043e+001
  1.7479736e+001
  1.7579578e+001
  1.7745224e+001
  1.7130653e+001
  1.7074612e+001
  1.7361686e+001
  1.7069351e+001
  1.7291068e+001
  1.7807242e+001
  1.7477057e+001
  1.7337087e+001
  1.7536837e+001
  1.7086707e+001
  1.6983035e+001
  1.7607650e+001
  1.7614281e+001
  1.7381953e+001
  1.7617450e+001
  1.7335963e+001
  1.6888236e+001
  1.7335120e+001
  1.7702671e+001
  1.7384716e+001
  1.7376677e+001
  1.7411852e+001
  1.6978114e+001
  1.7117163e+001
  1.7829576e+001
  1.7709935e+001
  1.7114897e+001
  1.7182881e+001
  1.7389055e+001
  1.7276017e+001
  1.7442327e+001
  1.7595695e+001
  1.7129761e+001
  1.6935903e+001
  1.7551548e+001
  1.7786156e+001
  1.7173173e+001
  1.6959794e+001
  1.7478113e+001
  1.7666631e+001
  1.7300912e+001
  1.7192486e+001
  1.7403489e+001
  1.7443850e+001
  1.7348990e+001
  1.7369807e+001
  1.7346649e+001
  1.7276940e+001
  1.7368841e+001
  1.7495061e+001
  1.7370629e+001
  1.7242981e+001
  1.7374293e+001
  1.7510843e+001
  1.7403265e+001
  1.7315281e+001
  1.7360012e+001
  1.7354807e+001
  1.7331781e+001
  1.7439523e+001
  1.7405985e+001
  1.7200801e+001
  1.7323337e+001
  1.7696566e+001
  1.7492130e+001
  1.6951093e+001
  1.7160821e+001
  1.7782488e+001
  1.7550937e+001
  1.6941006e+001
  1.7155712e+001
  1.7636303e+001
  1.7464299e+001
  1.7268761e+001
  1.7385004e+001
  1.7195900e+001
  1.7103421e+001
  1.7646835e+001
  1.7761939e+001
  1.7106017e+001
  1.7014882e+001
  1.7440531e+001
  1.7366127e+001
  1.7339525e+001
  1.7641214e+001
  1.7281564e+001
  1.6860916e+001
  1.7338005e+001
  1.7631830e+001
  1.7381198e+001
  1.7590770e+001
  1.7579502e+001
  1.6966688e+001
  1.7082667e+001
  1.7541920e+001
  1.7354720e+001
  1.7509298e+001
  1.7841258e+001
  1.7308437e+001
  1.7070715e+001
  1.7364339e+001
  1.7089010e+001
  1.7155388e+001
  1.7771602e+001
  1.7587353e+001
  1.7448663e+001
  1.7770515e+001
  1.7306261e+001
  1.7005587e+001
  1.7354850e+001
  1.7079850e+001
  1.7028159e+001
  1.7574607e+001
  1.7394632e+001
  1.7410362e+001
  1.7899676e+001
  1.7519350e+001
  1.7367446e+001
  1.7662646e+001
  1.7166293e+001
  1.7076261e+001
  1.7389362e+001
  1.6949912e+001
  1.7037507e+001
  1.7398021e+001
  1.6984149e+001
  1.7190307e+001
  1.7529720e+001
  1.7113122e+001
  1.7416683e+001
  1.7675244e+001
  1.7193459e+001
  1.7568726e+001
  1.7826782e+001
  1.7414261e+001
  1.7808449e+001
  1.7521346e+001
  1.6431836e+001
  1.7536106e+001
  1.9336225e+001
