  1.7630506e+001
  1.7832235e+001
  1.7248122e+001
  1.7364175e+001
  1.7444664e+001
  1.6958069e+001
  1.7252162e+001
  1.7317625e+001
  1.6937079e+001
  1.7416950e+001
  1.7567398e+001
  1.7282454e+001
  1.7720262e+001
  1.7663227e+001
  1.7295080e+001
  1.7639837e+001
  1.7396223e+001
  1.6937108e+001
  1.7339756e+001
  1.7359951e+001
  1.7220257e+001
  1.7758035e+001
  1.7656335e+001
  1.7222728e+001
  1.7455058e+001
  1.7246720e+001
  1.6926457e+001
  1.7488568e+001
  1.7685316e+001
  1.7388336e+001
  1.7637952e+001
  1.7496030e+001
  1.6924470e+001
  1.7208013e+001
  1.7588925e+001
  1.7389031e+001
  1.7584778e+001
  1.7689692e+001
  1.7059054e+001
  1.6996106e+001
  1.7585029e+001
  1.7548762e+001
  1.7343319e+001
  1.7527529e+001
  1.7285419e+001
  1.6999830e+001
  1.7513809e+001
  1.7802811e+001
  1.7231471e+001
  1.7026569e+001
  1.7412682e+001
  1.7474220e+001
  1.7397081e+001
  1.7567829e+001
  1.7375721e+001
  1.7040465e+001
  1.7416422e+001
  1.7859075e+001
  1.7365776e+001
  1.6893468e+001
  1.7422180e+001
  1.7905380e+001
  1.7395580e+001
  1.6946907e+001
  1.7374200e+001
  1.7755639e+001
  1.7365642e+001
  1.7036942e+001
  1.7376473e+001
  1.7680775e+001
  1.7352820e+001
  1.7051218e+001
  1.7356530e+001
  1.7684923e+001
  1.7374500e+001
  1.7020598e+001
  1.7332308e+001
  1.7722589e+001
  1.7368128e+001
  1.6965342e+001
  1.7411467e+001
  1.7911911e+001
  1.7433036e+001
  1.6905247e+001
  1.7359033e+001
  1.7836004e+001
  1.7398440e+001
  1.7026093e+001
  1.7344642e+001
  1.7528857e+001
  1.7384621e+001
  1.7491858e+001
  1.7430004e+001
  1.7040725e+001
  1.7275871e+001
  1.7873995e+001
  1.7552050e+001
  1.6972914e+001
  1.7229395e+001
  1.7486024e+001
  1.7320507e+001
  1.7532814e+001
  1.7576492e+001
  1.6993236e+001
  1.7051045e+001
  1.7679014e+001
  1.7587030e+001
  1.7410923e+001
  1.7616229e+001
  1.7220182e+001
  1.6920336e+001
  1.7490090e+001
  1.7637875e+001
  1.7390347e+001
  1.7685400e+001
  1.7489414e+001
  1.6932506e+001
  1.7255392e+001
  1.7462867e+001
  1.7235993e+001
  1.7680187e+001
  1.7786170e+001
  1.7249311e+001
  1.7391003e+001
  1.7354250e+001
  1.6900038e+001
  1.7303582e+001
  1.7555221e+001
  1.7302503e+001
  1.7765955e+001
  1.7826688e+001
  1.7317421e+001
  1.7552608e+001
  1.7413634e+001
  1.6956697e+001
  1.7325970e+001
  1.7241914e+001
  1.6970372e+001
  1.7503124e+001
  1.7432130e+001
  1.7278151e+001
  1.7817407e+001
  1.7584643e+001
  1.7442803e+001
  1.7877162e+001
  1.7458279e+001
  1.7362152e+001
  1.7710129e+001
  1.7205134e+001
  1.7240655e+001
  1.7523423e+001
  1.6965617e+001
  1.7155672e+001
  1.7457635e+001
  1.6987942e+001
  1.7283597e+001
  1.7098667e+001
  1.6006129e+001
  1.7002555e+001
  1.8818877e+001
