  1.7974575e+001
  1.7414307e+001
  1.7568991e+001
  1.7556687e+001
  1.7043735e+001
  1.7408215e+001
  1.7259150e+001
  1.7078611e+001
  1.7654688e+001
  1.7434141e+001
  1.7487468e+001
  1.7937058e+001
  1.7518023e+001
  1.7641197e+001
  1.7724346e+001
  1.7083631e+001
  1.7276452e+001
  1.7347724e+001
  1.7097622e+001
  1.7707656e+001
  1.7770487e+001
  1.7486111e+001
  1.7803125e+001
  1.7375955e+001
  1.7028952e+001
  1.7515193e+001
  1.7420771e+001
  1.7478091e+001
  1.7968213e+001
  1.7498876e+001
  1.7172932e+001
  1.7414335e+001
  1.7160144e+001
  1.7397911e+001
  1.8033803e+001
  1.7605477e+001
  1.7231377e+001
  1.7431326e+001
  1.7212217e+001
  1.7353323e+001
  1.7913175e+001
  1.7510400e+001
  1.7058537e+001
  1.7419271e+001
  1.7501017e+001
  1.7449685e+001
  1.7773746e+001
  1.7458607e+001
  1.6964891e+001
  1.7482595e+001
  1.7887831e+001
  1.7351252e+001
  1.7165469e+001
  1.7502994e+001
  1.7486226e+001
  1.7437383e+001
  1.7561997e+001
  1.7294571e+001
  1.7193293e+001
  1.7752515e+001
  1.7823340e+001
  1.7125393e+001
  1.7141109e+001
  1.7855460e+001
  1.7707057e+001
  1.7023686e+001
  1.7282209e+001
  1.7915349e+001
  1.7557776e+001
  1.6984650e+001
  1.7386547e+001
  1.7877971e+001
  1.7397684e+001
  1.6991388e+001
  1.7542251e+001
  1.7880802e+001
  1.7249815e+001
  1.7011229e+001
  1.7716298e+001
  1.7866154e+001
  1.7129333e+001
  1.7090314e+001
  1.7781007e+001
  1.7715676e+001
  1.7168952e+001
  1.7289958e+001
  1.7577891e+001
  1.7460820e+001
  1.7500405e+001
  1.7501411e+001
  1.7165969e+001
  1.7385017e+001
  1.7950356e+001
  1.7528870e+001
  1.6966928e+001
  1.7426401e+001
  1.7740344e+001
  1.7448219e+001
  1.7523020e+001
  1.7427489e+001
  1.7053201e+001
  1.7521657e+001
  1.7937766e+001
  1.7363675e+001
  1.7214218e+001
  1.7446577e+001
  1.7229663e+001
  1.7542890e+001
  1.7944203e+001
  1.7355814e+001
  1.7183335e+001
  1.7465204e+001
  1.7212510e+001
  1.7512365e+001
  1.7957148e+001
  1.7439198e+001
  1.7355305e+001
  1.7452872e+001
  1.6998742e+001
  1.7368167e+001
  1.7793065e+001
  1.7467807e+001
  1.7753855e+001
  1.7709582e+001
  1.7132170e+001
  1.7401950e+001
  1.7313512e+001
  1.7083244e+001
  1.7699944e+001
  1.7623845e+001
  1.7528888e+001
  1.7960672e+001
  1.7479068e+001
  1.7368950e+001
  1.7560749e+001
  1.7002684e+001
  1.7214029e+001
  1.7388924e+001
  1.7059574e+001
  1.7604035e+001
  1.7610107e+001
  1.7417538e+001
  1.7954401e+001
  1.7631603e+001
  1.7601292e+001
  1.7942470e+001
  1.7378047e+001
  1.7539207e+001
  1.7614032e+001
  1.7096804e+001
  1.7501392e+001
  1.7307252e+001
  1.6984797e+001
  1.7532497e+001
  1.7195145e+001
  1.7186007e+001
  1.7367594e+001
  1.6186595e+001
  1.6746648e+001
  1.8779887e+001
