  1.7815630e+001
  1.7425912e+001
  1.7767971e+001
  1.7283105e+001
  1.7274551e+001
  1.7522265e+001
  1.7035008e+001
  1.7421377e+001
  1.7541278e+001
  1.7327552e+001
  1.7906052e+001
  1.7665055e+001
  1.7511743e+001
  1.7801533e+001
  1.7225278e+001
  1.7271213e+001
  1.7432541e+001
  1.7057222e+001
  1.7600260e+001
  1.7780713e+001
  1.7493355e+001
  1.7865232e+001
  1.7480306e+001
  1.7115970e+001
  1.7489085e+001
  1.7244175e+001
  1.7401450e+001
  1.7933397e+001
  1.7494733e+001
  1.7417932e+001
  1.7514966e+001
  1.7029479e+001
  1.7373937e+001
  1.7834444e+001
  1.7476547e+001
  1.7568795e+001
  1.7498535e+001
  1.7026616e+001
  1.7530676e+001
  1.7931836e+001
  1.7416708e+001
  1.7381669e+001
  1.7433763e+001
  1.7195595e+001
  1.7668759e+001
  1.7904477e+001
  1.7190384e+001
  1.7139145e+001
  1.7661406e+001
  1.7555250e+001
  1.7464268e+001
  1.7543045e+001
  1.7213896e+001
  1.7334392e+001
  1.7919252e+001
  1.7554253e+001
  1.6957103e+001
  1.7480106e+001
  1.7947131e+001
  1.7396058e+001
  1.7129951e+001
  1.7556807e+001
  1.7627893e+001
  1.7344619e+001
  1.7399180e+001
  1.7563421e+001
  1.7505561e+001
  1.7454411e+001
  1.7451155e+001
  1.7408876e+001
  1.7435689e+001
  1.7502510e+001
  1.7457652e+001
  1.7444275e+001
  1.7485616e+001
  1.7473944e+001
  1.7500596e+001
  1.7533726e+001
  1.7359194e+001
  1.7322149e+001
  1.7640682e+001
  1.7594511e+001
  1.7163409e+001
  1.7399916e+001
  1.7929721e+001
  1.7473744e+001
  1.6972067e+001
  1.7575470e+001
  1.7933481e+001
  1.7336655e+001
  1.7208728e+001
  1.7539256e+001
  1.7456176e+001
  1.7534075e+001
  1.7640769e+001
  1.7132061e+001
  1.7186448e+001
  1.7889894e+001
  1.7636420e+001
  1.7152852e+001
  1.7408857e+001
  1.7389398e+001
  1.7441448e+001
  1.7961249e+001
  1.7563162e+001
  1.7037066e+001
  1.7449292e+001
  1.7490970e+001
  1.7453706e+001
  1.7881026e+001
  1.7430319e+001
  1.7048031e+001
  1.7492912e+001
  1.7395311e+001
  1.7513588e+001
  1.7977465e+001
  1.7421204e+001
  1.7223174e+001
  1.7446917e+001
  1.7076377e+001
  1.7451658e+001
  1.7840919e+001
  1.7463410e+001
  1.7743676e+001
  1.7566166e+001
  1.7028405e+001
  1.7401194e+001
  1.7246266e+001
  1.7226741e+001
  1.7823050e+001
  1.7516917e+001
  1.7628315e+001
  1.7836419e+001
  1.7243307e+001
  1.7455506e+001
  1.7347493e+001
  1.6966931e+001
  1.7453113e+001
  1.7227808e+001
  1.7270757e+001
  1.7757980e+001
  1.7374053e+001
  1.7714535e+001
  1.7853905e+001
  1.7459143e+001
  1.7927839e+001
  1.7618146e+001
  1.7428879e+001
  1.7791726e+001
  1.7238910e+001
  1.7432146e+001
  1.7512497e+001
  1.6970028e+001
  1.7458774e+001
  1.7288806e+001
  1.7120071e+001
  1.7452564e+001
  1.6323865e+001
  1.6665717e+001
  1.8778424e+001
