  1.7265876e+001
  1.7266947e+001
  1.7701079e+001
  1.7341404e+001
  1.7793480e+001
  1.7890285e+001
  1.7504991e+001
  1.7894569e+001
  1.7471848e+001
  1.7308552e+001
  1.7558596e+001
  1.7020628e+001
  1.7290818e+001
  1.7500838e+001
  1.7290827e+001
  1.7906414e+001
  1.7739729e+001
  1.7434480e+001
  1.7689574e+001
  1.7146573e+001
  1.7174206e+001
  1.7559969e+001
  1.7303214e+001
  1.7781552e+001
  1.7912102e+001
  1.7326418e+001
  1.7488551e+001
  1.7272055e+001
  1.7082120e+001
  1.7788047e+001
  1.7726095e+001
  1.7472437e+001
  1.7651730e+001
  1.7144507e+001
  1.7180613e+001
  1.7879222e+001
  1.7663126e+001
  1.7517882e+001
  1.7597640e+001
  1.7082155e+001
  1.7285851e+001
  1.7914464e+001
  1.7556994e+001
  1.7341053e+001
  1.7496853e+001
  1.7247155e+001
  1.7495660e+001
  1.7912749e+001
  1.7309185e+001
  1.7037421e+001
  1.7665538e+001
  1.7694897e+001
  1.7335697e+001
  1.7434287e+001
  1.7388622e+001
  1.7357736e+001
  1.7740726e+001
  1.7559533e+001
  1.7045792e+001
  1.7479474e+001
  1.7970817e+001
  1.7349171e+001
  1.7021478e+001
  1.7720693e+001
  1.7864662e+001
  1.7181019e+001
  1.7205579e+001
  1.7790268e+001
  1.7598242e+001
  1.7105814e+001
  1.7407360e+001
  1.7815713e+001
  1.7419296e+001
  1.7130108e+001
  1.7634316e+001
  1.7832476e+001
  1.7237147e+001
  1.7175958e+001
  1.7816745e+001
  1.7665132e+001
  1.7002480e+001
  1.7382168e+001
  1.8025220e+001
  1.7505930e+001
  1.7046013e+001
  1.7573282e+001
  1.7773262e+001
  1.7390734e+001
  1.7424969e+001
  1.7479305e+001
  1.7373984e+001
  1.7712094e+001
  1.7661949e+001
  1.7029308e+001
  1.7324885e+001
  1.7954636e+001
  1.7529247e+001
  1.7244902e+001
  1.7462098e+001
  1.7305267e+001
  1.7553636e+001
  1.7940138e+001
  1.7315451e+001
  1.7108546e+001
  1.7615683e+001
  1.7490634e+001
  1.7562478e+001
  1.7759011e+001
  1.7123396e+001
  1.7151910e+001
  1.7666161e+001
  1.7452075e+001
  1.7673915e+001
  1.7747652e+001
  1.7079064e+001
  1.7273913e+001
  1.7461180e+001
  1.7274302e+001
  1.7854312e+001
  1.7736673e+001
  1.7276586e+001
  1.7540381e+001
  1.7153238e+001
  1.7123784e+001
  1.7665314e+001
  1.7402848e+001
  1.7698575e+001
  1.7876782e+001
  1.7293777e+001
  1.7521649e+001
  1.7295333e+001
  1.6994317e+001
  1.7517714e+001
  1.7280592e+001
  1.7469766e+001
  1.7900904e+001
  1.7482699e+001
  1.7831369e+001
  1.7733831e+001
  1.7305132e+001
  1.7669916e+001
  1.7208213e+001
  1.7166717e+001
  1.7439398e+001
  1.6965140e+001
  1.7374356e+001
  1.7355577e+001
  1.7113041e+001
  1.7672595e+001
  1.7341423e+001
  1.7529190e+001
  1.7850148e+001
  1.7305842e+001
  1.7789721e+001
  1.7770161e+001
  1.7563053e+001
  1.7982543e+001
  1.6862055e+001
  1.7091252e+001
  1.9302145e+001
