  1.7564148e+001
  1.7675077e+001
  1.7684464e+001
  1.7132507e+001
  1.7493552e+001
  1.7187705e+001
  1.7113005e+001
  1.7559950e+001
  1.7221742e+001
  1.7673346e+001
  1.7860199e+001
  1.7506159e+001
  1.7894824e+001
  1.7446245e+001
  1.7197868e+001
  1.7473493e+001
  1.7031022e+001
  1.7382294e+001
  1.7690336e+001
  1.7448167e+001
  1.7939483e+001
  1.7643018e+001
  1.7192924e+001
  1.7493023e+001
  1.7174671e+001
  1.7384155e+001
  1.7921302e+001
  1.7505206e+001
  1.7578774e+001
  1.7526604e+001
  1.6994322e+001
  1.7468454e+001
  1.7723296e+001
  1.7497725e+001
  1.7828558e+001
  1.7455983e+001
  1.7033630e+001
  1.7600297e+001
  1.7647438e+001
  1.7484821e+001
  1.7700849e+001
  1.7230564e+001
  1.7147582e+001
  1.7896204e+001
  1.7738146e+001
  1.7284542e+001
  1.7453394e+001
  1.7354324e+001
  1.7447957e+001
  1.7912495e+001
  1.7444393e+001
  1.6984543e+001
  1.7625440e+001
  1.7831633e+001
  1.7264044e+001
  1.7294403e+001
  1.7572082e+001
  1.7493899e+001
  1.7576610e+001
  1.7545108e+001
  1.7256820e+001
  1.7529557e+001
  1.7890440e+001
  1.7376858e+001
  1.7113022e+001
  1.7765639e+001
  1.7810595e+001
  1.7079189e+001
  1.7267052e+001
  1.7977553e+001
  1.7573948e+001
  1.6996122e+001
  1.7580430e+001
  1.7987413e+001
  1.7282545e+001
  1.7115107e+001
  1.7868338e+001
  1.7807573e+001
  1.7104194e+001
  1.7328398e+001
  1.7845507e+001
  1.7524004e+001
  1.7268337e+001
  1.7522312e+001
  1.7533637e+001
  1.7480714e+001
  1.7583769e+001
  1.7306017e+001
  1.7289783e+001
  1.7881349e+001
  1.7666873e+001
  1.6989954e+001
  1.7419964e+001
  1.7885658e+001
  1.7450588e+001
  1.7387948e+001
  1.7484304e+001
  1.7280331e+001
  1.7695866e+001
  1.7849301e+001
  1.7130441e+001
  1.7238877e+001
  1.7714698e+001
  1.7501352e+001
  1.7664348e+001
  1.7593996e+001
  1.6989750e+001
  1.7403471e+001
  1.7802655e+001
  1.7494412e+001
  1.7718197e+001
  1.7452024e+001
  1.6986357e+001
  1.7553082e+001
  1.7616879e+001
  1.7501228e+001
  1.7870608e+001
  1.7327647e+001
  1.7140909e+001
  1.7484549e+001
  1.7193421e+001
  1.7636346e+001
  1.7927755e+001
  1.7437230e+001
  1.7677993e+001
  1.7368920e+001
  1.7029031e+001
  1.7494519e+001
  1.7227066e+001
  1.7457220e+001
  1.7883158e+001
  1.7483783e+001
  1.7840536e+001
  1.7671238e+001
  1.7243266e+001
  1.7586627e+001
  1.7115852e+001
  1.7162486e+001
  1.7461220e+001
  1.7104142e+001
  1.7650908e+001
  1.7621643e+001
  1.7477401e+001
  1.7976701e+001
  1.7517062e+001
  1.7702429e+001
  1.7791899e+001
  1.7293859e+001
  1.7728080e+001
  1.7380313e+001
  1.7281403e+001
  1.7613098e+001
  1.7002642e+001
  1.7354811e+001
  1.7393743e+001
  1.7066200e+001
  1.7480936e+001
  1.6438226e+001
  1.6553366e+001
  1.8728749e+001
