  1.7113769e+001
  1.7545766e+001
  1.7499487e+001
  1.7370652e+001
  1.7900495e+001
  1.7514101e+001
  1.7765176e+001
  1.7812087e+001
  1.7258428e+001
  1.7575449e+001
  1.7201000e+001
  1.7137727e+001
  1.7567887e+001
  1.7221326e+001
  1.7665275e+001
  1.7794502e+001
  1.7454298e+001
  1.7812982e+001
  1.7313234e+001
  1.7132600e+001
  1.7520899e+001
  1.7221886e+001
  1.7661338e+001
  1.7881806e+001
  1.7425438e+001
  1.7672347e+001
  1.7306320e+001
  1.7032765e+001
  1.7648389e+001
  1.7540178e+001
  1.7619518e+001
  1.7817848e+001
  1.7128610e+001
  1.7244622e+001
  1.7675366e+001
  1.7477725e+001
  1.7796622e+001
  1.7632748e+001
  1.6993069e+001
  1.7444791e+001
  1.7739928e+001
  1.7492335e+001
  1.7693053e+001
  1.7372745e+001
  1.7079350e+001
  1.7785791e+001
  1.7833625e+001
  1.7235894e+001
  1.7395991e+001
  1.7524313e+001
  1.7459005e+001
  1.7771695e+001
  1.7475683e+001
  1.7021732e+001
  1.7642499e+001
  1.7953491e+001
  1.7233201e+001
  1.7217189e+001
  1.7815926e+001
  1.7634187e+001
  1.7285664e+001
  1.7475598e+001
  1.7577351e+001
  1.7495759e+001
  1.7530761e+001
  1.7414770e+001
  1.7365748e+001
  1.7627417e+001
  1.7597189e+001
  1.7292471e+001
  1.7459761e+001
  1.7741418e+001
  1.7462571e+001
  1.7285990e+001
  1.7576970e+001
  1.7619944e+001
  1.7394076e+001
  1.7455664e+001
  1.7546694e+001
  1.7477443e+001
  1.7554069e+001
  1.7483090e+001
  1.7298389e+001
  1.7600129e+001
  1.7756025e+001
  1.7182312e+001
  1.7216143e+001
  1.7932115e+001
  1.7631686e+001
  1.7028115e+001
  1.7471412e+001
  1.7742080e+001
  1.7417429e+001
  1.7487482e+001
  1.7378719e+001
  1.7242191e+001
  1.7848160e+001
  1.7785165e+001
  1.7056706e+001
  1.7347193e+001
  1.7682342e+001
  1.7491828e+001
  1.7738557e+001
  1.7441235e+001
  1.6988428e+001
  1.7621197e+001
  1.7778409e+001
  1.7465470e+001
  1.7674433e+001
  1.7244246e+001
  1.7115817e+001
  1.7798595e+001
  1.7627098e+001
  1.7597455e+001
  1.7720350e+001
  1.7061962e+001
  1.7285799e+001
  1.7642129e+001
  1.7419364e+001
  1.7896992e+001
  1.7672811e+001
  1.7224158e+001
  1.7527214e+001
  1.7140461e+001
  1.7311658e+001
  1.7812541e+001
  1.7480747e+001
  1.7848540e+001
  1.7708741e+001
  1.7226678e+001
  1.7548290e+001
  1.7119245e+001
  1.7197469e+001
  1.7585347e+001
  1.7271777e+001
  1.7819181e+001
  1.7763044e+001
  1.7508350e+001
  1.7896614e+001
  1.7366753e+001
  1.7490568e+001
  1.7516411e+001
  1.7033709e+001
  1.7469909e+001
  1.7137720e+001
  1.7153475e+001
  1.7524433e+001
  1.7111368e+001
  1.7623582e+001
  1.7540150e+001
  1.7361895e+001
  1.7874433e+001
  1.7391165e+001
  1.7744377e+001
  1.7929260e+001
  1.7518307e+001
  1.7964275e+001
  1.6965727e+001
  1.6980957e+001
  1.9245191e+001
