  1.7621230e+001
  1.7838271e+001
  1.7208077e+001
  1.7513903e+001
  1.7151990e+001
  1.7165443e+001
  1.7533542e+001
  1.7173760e+001
  1.7740690e+001
  1.7623549e+001
  1.7587424e+001
  1.7920466e+001
  1.7301427e+001
  1.7500564e+001
  1.7272343e+001
  1.7029228e+001
  1.7560427e+001
  1.7303384e+001
  1.7732130e+001
  1.7896189e+001
  1.7387966e+001
  1.7646232e+001
  1.7179685e+001
  1.7155623e+001
  1.7676979e+001
  1.7426666e+001
  1.7816555e+001
  1.7651852e+001
  1.7060898e+001
  1.7425266e+001
  1.7305892e+001
  1.7554348e+001
  1.8046803e+001
  1.7378831e+001
  1.7291681e+001
  1.7388421e+001
  1.7198333e+001
  1.7829831e+001
  1.7702820e+001
  1.7100181e+001
  1.7414762e+001
  1.7399225e+001
  1.7483189e+001
  1.7857678e+001
  1.7230942e+001
  1.7100502e+001
  1.7761105e+001
  1.7576093e+001
  1.7397646e+001
  1.7476190e+001
  1.7197276e+001
  1.7557592e+001
  1.7877447e+001
  1.7148926e+001
  1.7131776e+001
  1.7828969e+001
  1.7530796e+001
  1.7148642e+001
  1.7486365e+001
  1.7558898e+001
  1.7442387e+001
  1.7526580e+001
  1.7400859e+001
  1.7432327e+001
  1.7696561e+001
  1.7400141e+001
  1.7172449e+001
  1.7670773e+001
  1.7701773e+001
  1.7143525e+001
  1.7399539e+001
  1.7884199e+001
  1.7402495e+001
  1.7139051e+001
  1.7683043e+001
  1.7651898e+001
  1.7171475e+001
  1.7416802e+001
  1.7713334e+001
  1.7425877e+001
  1.7365323e+001
  1.7482237e+001
  1.7419899e+001
  1.7563191e+001
  1.7493596e+001
  1.7161170e+001
  1.7572549e+001
  1.7879097e+001
  1.7151219e+001
  1.7143024e+001
  1.7868210e+001
  1.7553921e+001
  1.7202279e+001
  1.7493563e+001
  1.7433196e+001
  1.7623154e+001
  1.7782199e+001
  1.7083942e+001
  1.7230248e+001
  1.7895330e+001
  1.7523597e+001
  1.7427524e+001
  1.7440010e+001
  1.7125782e+001
  1.7728947e+001
  1.7847164e+001
  1.7202987e+001
  1.7397525e+001
  1.7301504e+001
  1.7353515e+001
  1.7982970e+001
  1.7493734e+001
  1.7273289e+001
  1.7415520e+001
  1.7061031e+001
  1.7645912e+001
  1.7800532e+001
  1.7413984e+001
  1.7671682e+001
  1.7143141e+001
  1.7156656e+001
  1.7621988e+001
  1.7348262e+001
  1.7833203e+001
  1.7686917e+001
  1.7299801e+001
  1.7564702e+001
  1.7025780e+001
  1.7289421e+001
  1.7541240e+001
  1.7335211e+001
  1.7933295e+001
  1.7575442e+001
  1.7582242e+001
  1.7679306e+001
  1.7104702e+001
  1.7469967e+001
  1.7136351e+001
  1.7167558e+001
  1.7533263e+001
  1.7171854e+001
  1.7750604e+001
  1.7582737e+001
  1.7604192e+001
  1.7948733e+001
  1.7432937e+001
  1.7852853e+001
  1.7522462e+001
  1.7395538e+001
  1.7675342e+001
  1.7127814e+001
  1.7568286e+001
  1.7226957e+001
  1.7092372e+001
  1.7516110e+001
  1.7031282e+001
  1.7465439e+001
  1.6675744e+001
  1.6306107e+001
  1.8548336e+001
